eventTime,arrivalTime,processedTime
8,8,1041688
249,249,1041688
470,470,1041688
639,639,1041688
1086,1086,1041688
1516,1516,1041688
1555,1555,1041688
1580,1580,1041688
1821,1821,1041688
2018,2018,1041688
2098,2098,1041688
2986,2986,1041688
3533,3533,1041688
3740,3740,1041688
3781,3781,1041688
4017,4017,1041688
4357,4357,1041688
4837,4837,1041688
4874,4874,1041688
5182,5182,1041688
5200,5200,1041688
5290,5290,1041688
5548,5548,1041688
5952,5952,1041688
6178,6178,1041688
6544,6544,1041688
6707,6707,1041688
6859,6859,1041688
6864,6864,1041688
6870,6870,1041688
6940,6940,1041688
6967,6967,1041688
7117,7117,1041688
7632,7632,1041688
7918,7918,1041688
8239,8239,1041688
8695,8695,1041688
9076,9076,1041688
9209,9209,1041688
9648,9648,1041688
10207,10207,1041688
10464,10464,1041688
11094,11094,1041688
11410,11410,1041688
11590,11590,1041688
12337,12337,1041688
12643,12643,1041688
12719,12719,1041688
13068,13068,1041688
13224,13224,1041688
13494,13494,1041688
14111,14111,1041688
14265,14265,1041688
14860,14860,1041688
14898,14898,1041688
15753,15753,1041688
15995,15995,1041688
16269,16269,1041688
16584,16584,1041688
16912,16912,1041688
17018,17018,1041688
17640,17640,1041688
17736,17736,1041688
17798,17798,1041688
17953,17953,1041688
18011,18011,1041688
18292,18292,1041688
19237,19237,1041688
19265,19265,1041688
19399,19399,1041688
19825,19825,1041688
19882,19882,1041688
19897,19897,1041688
20080,20080,1041688
20405,20405,1041688
21013,21013,1041688
21218,21218,1041688
21355,21355,1041688
21356,21356,1041688
21603,21603,1041688
21638,21638,1041688
21808,21808,1041688
21997,21997,1041688
21999,21999,1041688
23315,23315,1041688
23357,23357,1041688
23760,23760,1041688
23952,23952,1041688
23965,23965,1041688
24077,24077,1041688
24169,24169,1041688
24385,24385,1041688
24643,24643,1041688
25123,25123,1041688
25225,25225,1041688
25385,25385,1041688
25614,25614,1041688
25982,25982,1041688
26287,26287,1041688
26724,26724,1041688
26771,26771,1041688
26773,26773,1041688
26828,26828,1041688
27859,27859,1041688
28441,28441,1041688
28992,28992,1041688
29289,29289,1041688
29470,29470,1041688
30420,30420,1041688
30709,30709,1041688
30872,30872,1041688
31305,31305,1041688
31555,31555,1041688
31583,31583,1041688
31851,31851,1041688
31977,31977,1041688
32009,32009,1041688
32090,32090,1041688
32333,32333,1041688
32722,32722,1041688
32724,32724,1041688
32890,32890,1041688
33112,33112,1041688
33339,33339,1041688
33606,33606,1041688
33720,33720,1041688
33837,33837,1041688
34082,34082,1041688
34493,34493,1041688
34527,34527,1041688
34681,34681,1041688
34877,34877,1041688
34886,34886,1041688
34923,34923,1041688
34970,34970,1041688
35079,35079,1041688
35183,35183,1041688
35327,35327,1041688
35470,35470,1041688
35808,35808,1041688
35879,35879,1041688
36254,36254,1041688
36388,36388,1041688
36722,36722,1041688
37368,37368,1041688
37396,37396,1041688
37693,37693,1041688
38051,38051,1041688
38362,38362,1041688
38521,38521,1041688
38592,38592,1041688
38670,38670,1041688
38790,38790,1041688
38839,38839,1041688
39070,39070,1041688
39122,39122,1041688
39455,39455,1041688
40098,40098,1041688
40687,40687,1041688
40773,40773,1041688
40810,40810,1041688
41318,41318,1041688
41372,41372,1041688
41546,41546,1041688
41655,41655,1041688
41900,41900,1041688
42037,42037,1041688
42087,42087,1041688
42772,42772,1041688
42805,42805,1041688
43224,43224,1041688
43365,43365,1041688
43931,43931,1041688
44059,44059,1041688
44102,44102,1041688
45741,45741,1041688
45902,45902,1041688
46020,46020,1041688
46159,46159,1041688
46315,46315,1041688
47224,47224,1041688
47390,47390,1041688
47644,47644,1041688
47784,47784,1041688
47914,47914,1041688
48008,48008,1041688
48069,48069,1041688
48188,48188,1041688
48703,48703,1041688
48782,48782,1041688
49307,49307,1041688
49338,49338,1041688
49382,49382,1041688
49758,49758,1041688
49953,49953,1041688
50455,50455,1041688
50723,50723,1041688
50762,50762,1041688
50995,50995,1041688
51033,51033,1041688
51050,51050,1041688
51509,51509,1041688
51552,51552,1041688
51784,51784,1041688
52095,52095,1041688
52212,52212,1041688
52324,52324,1041688
52334,52334,1041688
52768,52768,1041688
52967,52967,1041688
53019,53019,1041688
53134,53134,1041688
53332,53332,1041688
53554,53554,1041688
53784,53784,1041688
54453,54453,1041688
54549,54549,1041688
54748,54748,1041688
54772,54772,1041688
55129,55129,1041688
55218,55218,1041688
55740,55740,1041688
55909,55909,1041688
56204,56204,1041688
56310,56310,1041688
56518,56518,1041688
56567,56567,1041688
56765,56765,1041688
56830,56830,1041688
57035,57035,1041688
57636,57636,1041688
58257,58257,1041688
58320,58320,1041688
58569,58569,1041688
58599,58599,1041688
58742,58742,1041688
58778,58778,1041688
59047,59047,1041688
59307,59307,1041688
59437,59437,1041688
59499,59499,1041688
59940,59940,1041688
60024,60024,1041688
60071,60071,1041688
60374,60374,1041688
60379,60379,1041688
61404,61404,1041688
61558,61558,1041688
61821,61821,1041688
61848,61848,1041688
62027,62027,1041688
62330,62330,1041688
63166,63166,1041688
63286,63286,1041688
63291,63291,1041688
63335,63335,1041688
63363,63363,1041688
63427,63427,1041688
63580,63580,1041688
63860,63860,1041688
63976,63976,1041688
64126,64126,1041688
64337,64337,1041688
64380,64380,1041688
64519,64519,1041688
65004,65004,1041688
65010,65010,1041688
65168,65168,1041688
65276,65276,1041688
65401,65401,1041688
65610,65610,1041688
65833,65833,1041688
66335,66335,1041688
66340,66340,1041688
66566,66566,1041688
66977,66977,1041688
67360,67360,1041688
67758,67758,1041688
67956,67956,1041688
68131,68131,1041688
68142,68142,1041688
68228,68228,1041688
68390,68390,1041688
68592,68592,1041688
69044,69044,1041688
69070,69070,1041688
69131,69131,1041688
69199,69199,1041688
69243,69243,1041688
69295,69295,1041688
69357,69357,1041688
69565,69565,1041688
69802,69802,1041688
69834,69834,1041688
70064,70064,1041688
70253,70253,1041688
70357,70357,1041688
70424,70424,1041688
70584,70584,1041688
70612,70612,1041688
70831,70831,1041688
70937,70937,1041688
71041,71041,1041688
71885,71885,1041688
72528,72528,1041688
73159,73159,1041688
73188,73188,1041688
73410,73410,1041688
73430,73430,1041688
73571,73571,1041688
74019,74019,1041688
74053,74053,1041688
74982,74982,1041688
75033,75033,1041688
75179,75179,1041688
75391,75391,1041688
75580,75580,1041688
75685,75685,1041688
75767,75767,1041688
75820,75820,1041688
75870,75870,1041688
76010,76010,1041688
76057,76057,1041688
76090,76090,1041688
76503,76503,1041688
76831,76831,1041688
76889,76889,1041688
77216,77216,1041688
77327,77327,1041688
77512,77512,1041688
78081,78081,1041688
78238,78238,1041688
78326,78326,1041688
78439,78439,1041688
78497,78497,1041688
78567,78567,1041688
78617,78617,1041688
78774,78774,1041688
79020,79020,1041688
79082,79082,1041688
79162,79162,1041688
79505,79505,1041688
79546,79546,1041688
79872,79872,1041688
80051,80051,1041688
80128,80128,1041688
80344,80344,1041688
80685,80685,1041688
80850,80850,1041688
80865,80865,1041688
80912,80912,1041688
80928,80928,1041688
80954,80954,1041688
80958,80958,1041688
81208,81208,1041688
81403,81403,1041688
81988,81988,1041688
82057,82057,1041688
82179,82179,1041688
82667,82667,1041688
82685,82685,1041688
82743,82743,1041688
83086,83086,1041688
83525,83525,1041688
84048,84048,1041688
84282,84282,1041688
84517,84517,1041688
84681,84681,1041688
85318,85318,1041688
85430,85430,1041688
86130,86130,1041688
86264,86264,1041688
86657,86657,1041688
86940,86940,1041688
86982,86982,1041688
87227,87227,1041688
87296,87296,1041688
87439,87439,1041688
88052,88052,1041688
88100,88100,1041688
88166,88166,1041688
88566,88566,1041688
88728,88728,1041688
89336,89336,1041688
89397,89397,1041688
90952,90952,1041688
91060,91060,1041688
91117,91117,1041688
91292,91292,1041688
91437,91437,1041688
91517,91517,1041688
92349,92349,1041688
93188,93188,1041688
93802,93802,1041688
94411,94411,1041688
94426,94426,1041688
94695,94695,1041688
94786,94786,1041688
95322,95322,1041688
95372,95372,1041688
95633,95633,1041688
95769,95769,1041688
96187,96187,1041688
96282,96282,1041688
96310,96310,1041688
96406,96406,1041688
96670,96670,1041688
96685,96685,1041688
97078,97078,1041688
97640,97640,1041688
97677,97677,1041688
97945,97945,1041688
98439,98439,1041688
98995,98995,1041688
99146,99146,1041688
99851,99851,1041688
101070,101070,1041688
102517,102517,1041688
102535,102535,1041688
102553,102553,1041688
102623,102623,1041688
102819,102819,1041688
103670,103670,1041688
104285,104285,1041688
104370,104370,1041688
104450,104450,1041688
105985,105985,1041688
106163,106163,1041688
106463,106463,1041688
106552,106552,1041688
106636,106636,1041688
106683,106683,1041688
107468,107468,1041688
107547,107547,1041688
107758,107758,1041688
107885,107885,1041688
108081,108081,1041688
108142,108142,1041688
108647,108647,1041688
109175,109175,1041688
109704,109704,1041688
109919,109919,1041688
110009,110009,1041688
110789,110789,1041688
110899,110899,1041688
111056,111056,1041688
111235,111235,1041688
111732,111732,1041688
111765,111765,1041688
111766,111766,1041688
111986,111986,1041688
112087,112087,1041688
112130,112130,1041688
112778,112778,1041688
112961,112961,1041688
113138,113138,1041688
113447,113447,1041688
114242,114242,1041688
114450,114450,1041688
114461,114461,1041688
114674,114674,1041688
114957,114957,1041688
115113,115113,1041688
115270,115270,1041688
115532,115532,1041688
115711,115711,1041688
115845,115845,1041688
116204,116204,1041688
116231,116231,1041688
116360,116360,1041688
116748,116748,1041688
116939,116939,1041688
117153,117153,1041688
117345,117345,1041688
118056,118056,1041688
118501,118501,1041688
119265,119265,1041688
119614,119614,1041688
119740,119740,1041688
119757,119757,1041688
120090,120090,1041688
120604,120604,1041688
120753,120753,1041688
120808,120808,1041688
121209,121209,1041688
121242,121242,1041688
122241,122241,1041688
122374,122374,1041688
122496,122496,1041688
122554,122554,1041688
122921,122921,1041688
123404,123404,1041688
123539,123539,1041688
123626,123626,1041688
123721,123721,1041688
124718,124718,1041688
124874,124874,1041688
125542,125542,1041688
125578,125578,1041688
125637,125637,1041688
125826,125826,1041688
125959,125959,1041688
126019,126019,1041688
126368,126368,1041688
126595,126595,1041688
126879,126879,1041688
127157,127157,1041688
127589,127589,1041688
127853,127853,1041688
128241,128241,1041688
128738,128738,1041688
129098,129098,1041688
129308,129308,1041688
129346,129346,1041688
129467,129467,1041688
129655,129655,1041688
129709,129709,1041688
129965,129965,1041688
130264,130264,1041688
130439,130439,1041688
130483,130483,1041688
131060,131060,1041688
131549,131549,1041688
132017,132017,1041688
132032,132032,1041688
132059,132059,1041688
132255,132255,1041688
132480,132480,1041688
132581,132581,1041688
133133,133133,1041688
133221,133221,1041688
133366,133366,1041688
133429,133429,1041688
133495,133495,1041688
133560,133560,1041688
134045,134045,1041688
134561,134561,1041688
134833,134833,1041688
135225,135225,1041688
135465,135465,1041688
135649,135649,1041688
136801,136801,1041688
137356,137356,1041688
137649,137649,1041688
137925,137925,1041688
138170,138170,1041688
138211,138211,1041688
138389,138389,1041688
138438,138438,1041688
138829,138829,1041688
139194,139194,1041688
139998,139998,1041688
140050,140050,1041688
140268,140268,1041688
140785,140785,1041688
141074,141074,1041688
141105,141105,1041688
141474,141474,1041688
141722,141722,1041688
141942,141942,1041688
142223,142223,1041688
142555,142555,1041688
142601,142601,1041688
142688,142688,1041688
143257,143257,1041688
143608,143608,1041688
143702,143702,1041688
144234,144234,1041688
144721,144721,1041688
144751,144751,1041688
145101,145101,1041688
145347,145347,1041688
145378,145378,1041688
145378,145378,1041688
145554,145554,1041688
145761,145761,1041688
146020,146020,1041688
146091,146091,1041688
146937,146937,1041688
147156,147156,1041688
147318,147318,1041688
147887,147887,1041688
148036,148036,1041688
148271,148271,1041688
148676,148676,1041688
148807,148807,1041688
148981,148981,1041688
149043,149043,1041688
149927,149927,1041688
150058,150058,1041688
150163,150163,1041688
150192,150192,1041688
150320,150320,1041688
150377,150377,1041688
150481,150481,1041688
150671,150671,1041688
151206,151206,1041688
151264,151264,1041688
152208,152208,1041688
152332,152332,1041688
152958,152958,1041688
153063,153063,1041688
153904,153904,1041688
154084,154084,1041688
154280,154280,1041688
154552,154552,1041688
154842,154842,1041688
154849,154849,1041688
154895,154895,1041688
154970,154970,1041688
155075,155075,1041688
155185,155185,1041688
156031,156031,1041688
156824,156824,1041688
157101,157101,1041688
157335,157335,1041688
157606,157606,1041688
157777,157777,1041688
158199,158199,1041688
158593,158593,1041688
159659,159659,1041688
160010,160010,1041688
160012,160012,1041688
160131,160131,1041688
160425,160425,1041688
160429,160429,1041688
160966,160966,1041688
161836,161836,1041688
162243,162243,1041688
162358,162358,1041688
162422,162422,1041688
162466,162466,1041688
162656,162656,1041688
162694,162694,1041688
162924,162924,1041688
163008,163008,1041688
163332,163332,1041688
163419,163419,1041688
163685,163685,1041688
163985,163985,1041688
164227,164227,1041688
164459,164459,1041688
164845,164845,1041688
165219,165219,1041688
165284,165284,1041688
165420,165420,1041688
165533,165533,1041688
166543,166543,1041688
167034,167034,1041688
167170,167170,1041688
167319,167319,1041688
168009,168009,1041688
168026,168026,1041688
168504,168504,1041688
168745,168745,1041688
169013,169013,1041688
169050,169050,1041688
169137,169137,1041688
169655,169655,1041688
170207,170207,1041688
170210,170210,1041688
170212,170212,1041688
170221,170221,1041688
170350,170350,1041688
170537,170537,1041688
170570,170570,1041688
170619,170619,1041688
170635,170635,1041688
170646,170646,1041688
170659,170659,1041688
170696,170696,1041688
170697,170697,1041688
171425,171425,1041688
171759,171759,1041688
172378,172378,1041688
172547,172547,1041688
173362,173362,1041688
173592,173592,1041688
173800,173800,1041688
174260,174260,1041688
174312,174312,1041688
174412,174412,1041688
174934,174934,1041688
175233,175233,1041688
175284,175284,1041688
175450,175450,1041688
175687,175687,1041688
175775,175775,1041688
175978,175978,1041688
176101,176101,1041688
176133,176133,1041688
176488,176488,1041688
176601,176601,1041688
176644,176644,1041688
176872,176872,1041688
177072,177072,1041688
177254,177254,1041688
177341,177341,1041688
177432,177432,1041688
178932,178932,1041688
179024,179024,1041688
179141,179141,1041688
179296,179296,1041688
179323,179323,1041688
179667,179667,1041688
180586,180586,1041688
180929,180929,1041688
180962,180962,1041688
181789,181789,1041688
182048,182048,1041688
182301,182301,1041688
183320,183320,1041688
183377,183377,1041688
183504,183504,1041688
183649,183649,1041688
183663,183663,1041688
183674,183674,1041688
184216,184216,1041688
184588,184588,1041688
185373,185373,1041688
185466,185466,1041688
185520,185520,1041688
185877,185877,1041688
185883,185883,1041688
186124,186124,1041688
186170,186170,1041688
186318,186318,1041688
186364,186364,1041688
186411,186411,1041688
186458,186458,1041688
186896,186896,1041688
187235,187235,1041688
187246,187246,1041688
187363,187363,1041688
187438,187438,1041688
188113,188113,1041688
188183,188183,1041688
188385,188385,1041688
188640,188640,1041688
188766,188766,1041688
189072,189072,1041688
189309,189309,1041688
189513,189513,1041688
189543,189543,1041688
189685,189685,1041688
189944,189944,1041688
190387,190387,1041688
190433,190433,1041688
190447,190447,1041688
190910,190910,1041688
191025,191025,1041688
191415,191415,1041688
191800,191800,1041688
191859,191859,1041688
192033,192033,1041688
192134,192134,1041688
192511,192511,1041688
192554,192554,1041688
192598,192598,1041688
192620,192620,1041688
192673,192673,1041688
193171,193171,1041688
193885,193885,1041688
193979,193979,1041688
194788,194788,1041688
195252,195252,1041688
195475,195475,1041688
195496,195496,1041688
195656,195656,1041688
195661,195661,1041688
195754,195754,1041688
195960,195960,1041688
196087,196087,1041688
196151,196151,1041688
196665,196665,1041688
197123,197123,1041688
197341,197341,1041688
197371,197371,1041688
198188,198188,1041688
198460,198460,1041688
198742,198742,1041688
198920,198920,1041688
199220,199220,1041688
199557,199557,1041688
199746,199746,1041688
199958,199958,1041688
200512,200512,1041688
200634,200634,1041688
200783,200783,1041688
201139,201139,1041688
201233,201233,1041688
201521,201521,1041688
202454,202454,1041688
202565,202565,1041688
202665,202665,1041688
202951,202951,1041688
203200,203200,1041688
203457,203457,1041688
203976,203976,1041688
204194,204194,1041688
204906,204906,1041688
205161,205161,1041688
206165,206165,1041688
206202,206202,1041688
206346,206346,1041688
206388,206388,1041688
206463,206463,1041688
206494,206494,1041688
207034,207034,1041688
207846,207846,1041688
208660,208660,1041688
209170,209170,1041688
209240,209240,1041688
209481,209481,1041688
209639,209639,1041688
209861,209861,1041688
210090,210090,1041688
210800,210800,1041688
211097,211097,1041688
211349,211349,1041688
211411,211411,1041688
212934,212934,1041688
213404,213404,1041688
213459,213459,1041688
213783,213783,1041688
214115,214115,1041688
214329,214329,1041688
214386,214386,1041688
214605,214605,1041688
215026,215026,1041688
215593,215593,1041688
216041,216041,1041688
216395,216395,1041688
216695,216695,1041688
216898,216898,1041688
217687,217687,1041688
217697,217697,1041688
217874,217874,1041688
217888,217888,1041688
218172,218172,1041688
219429,219429,1041688
219449,219449,1041688
219667,219667,1041688
219771,219771,1041688
220202,220202,1041688
220725,220725,1041688
220899,220899,1041688
221052,221052,1041688
221156,221156,1041688
221363,221363,1041688
221446,221446,1041688
221815,221815,1041688
222520,222520,1041688
222720,222720,1041688
222961,222961,1041688
223116,223116,1041688
223463,223463,1041688
224021,224021,1041688
224042,224042,1041688
224334,224334,1041688
224720,224720,1041688
225991,225991,1041688
226260,226260,1041688
226440,226440,1041688
227238,227238,1041688
227741,227741,1041688
227807,227807,1041688
227826,227826,1041688
227929,227929,1041688
228888,228888,1041688
228915,228915,1041688
229073,229073,1041688
229386,229386,1041688
229497,229497,1041688
230113,230113,1041688
230143,230143,1041688
230359,230359,1041688
230484,230484,1041688
230499,230499,1041688
230867,230867,1041688
231657,231657,1041688
232071,232071,1041688
232103,232103,1041688
232348,232348,1041688
232623,232623,1041688
232709,232709,1041688
233181,233181,1041688
233207,233207,1041688
233390,233390,1041688
233987,233987,1041688
234143,234143,1041688
234357,234357,1041688
234664,234664,1041688
234947,234947,1041688
235148,235148,1041688
235153,235153,1041688
235298,235298,1041688
235845,235845,1041688
236239,236239,1041688
236420,236420,1041688
236733,236733,1041688
236809,236809,1041688
236841,236841,1041688
237081,237081,1041688
237171,237171,1041688
237215,237215,1041688
237999,237999,1041688
238059,238059,1041688
238262,238262,1041688
238503,238503,1041688
238744,238744,1041688
239699,239699,1041688
239746,239746,1041688
240069,240069,1041688
240300,240300,1041688
240984,240984,1041688
241040,241040,1041688
241666,241666,1041688
241970,241970,1041688
242162,242162,1041688
242359,242359,1041688
243471,243471,1041688
243537,243537,1041688
243661,243661,1041688
243952,243952,1041688
243964,243964,1041688
243980,243980,1041688
244729,244729,1041688
245066,245066,1041688
245199,245199,1041688
245413,245413,1041688
245717,245717,1041688
245954,245954,1041688
246127,246127,1041688
246211,246211,1041688
246244,246244,1041688
246272,246272,1041688
246559,246559,1041688
246599,246599,1041688
246798,246798,1041688
246892,246892,1041688
247965,247965,1041688
248609,248609,1041688
248726,248726,1041688
248910,248910,1041688
249081,249081,1041688
249083,249083,1041688
249122,249122,1041688
249347,249347,1041688
250014,250014,1041688
250558,250558,1041688
250792,250792,1041688
251705,251705,1041688
252089,252089,1041688
252919,252919,1041688
253057,253057,1041688
253438,253438,1041688
253503,253503,1041688
253603,253603,1041688
253956,253956,1041688
254178,254178,1041688
254791,254791,1041688
254964,254964,1041688
255537,255537,1041688
255619,255619,1041688
255650,255650,1041688
255750,255750,1041688
255842,255842,1041688
256022,256022,1041688
257338,257338,1041688
257361,257361,1041688
257959,257959,1041688
258196,258196,1041688
258717,258717,1041688
259530,259530,1041688
259697,259697,1041688
259747,259747,1041688
259858,259858,1041688
260197,260197,1041688
260198,260198,1041688
260299,260299,1041688
260356,260356,1041688
260634,260634,1041688
260773,260773,1041688
261659,261659,1041688
261828,261828,1041688
262365,262365,1041688
263094,263094,1041688
263132,263132,1041688
263352,263352,1041688
264143,264143,1041688
264649,264649,1041688
264750,264750,1041688
264878,264878,1041688
264893,264893,1041688
264900,264900,1041688
265071,265071,1041688
265104,265104,1041688
265832,265832,1041688
266286,266286,1041688
266630,266630,1041688
266678,266678,1041688
266685,266685,1041688
267244,267244,1041688
267472,267472,1041688
267614,267614,1041688
267687,267687,1041688
267768,267768,1041688
267768,267768,1041688
268544,268544,1041688
268688,268688,1041688
268694,268694,1041688
268960,268960,1041688
268971,268971,1041688
268990,268990,1041688
269179,269179,1041688
269191,269191,1041688
269273,269273,1041688
269451,269451,1041688
269475,269475,1041688
269510,269510,1041688
269518,269518,1041688
269532,269532,1041688
269591,269591,1041688
269717,269717,1041688
270038,270038,1041688
270146,270146,1041688
270342,270342,1041688
270761,270761,1041688
270836,270836,1041688
271212,271212,1041688
271321,271321,1041688
271395,271395,1041688
271443,271443,1041688
271463,271463,1041688
271542,271542,1041688
272091,272091,1041688
272281,272281,1041688
272318,272318,1041688
272609,272609,1041688
273308,273308,1041688
273401,273401,1041688
273611,273611,1041688
273787,273787,1041688
273907,273907,1041688
273967,273967,1041688
274346,274346,1041688
274440,274440,1041688
274910,274910,1041688
274946,274946,1041688
275161,275161,1041688
275682,275682,1041688
275734,275734,1041688
275764,275764,1041688
276024,276024,1041688
276570,276570,1041688
276713,276713,1041688
277736,277736,1041688
277785,277785,1041688
277994,277994,1041688
278066,278066,1041688
278086,278086,1041688
278100,278100,1041688
278307,278307,1041688
278638,278638,1041688
278706,278706,1041688
279081,279081,1041688
279314,279314,1041688
280032,280032,1041688
280103,280103,1041688
280523,280523,1041688
280622,280622,1041688
280983,280983,1041688
281045,281045,1041688
281302,281302,1041688
281575,281575,1041688
282141,282141,1041688
282616,282616,1041688
282642,282642,1041688
283082,283082,1041688
283534,283534,1041688
283685,283685,1041688
283797,283797,1041688
283988,283988,1041688
284627,284627,1041688
284774,284774,1041688
285351,285351,1041688
285604,285604,1041688
285937,285937,1041688
286520,286520,1041688
286764,286764,1041688
287177,287177,1041688
287231,287231,1041688
287282,287282,1041688
288214,288214,1041688
289187,289187,1041688
289208,289208,1041688
289270,289270,1041688
289416,289416,1041688
289564,289564,1041688
289689,289689,1041688
289862,289862,1041688
289887,289887,1041688
289973,289973,1041688
290093,290093,1041688
290559,290559,1041688
290746,290746,1041688
291349,291349,1041688
291629,291629,1041688
291659,291659,1041688
291689,291689,1041688
291858,291858,1041688
292084,292084,1041688
292394,292394,1041688
292559,292559,1041688
292575,292575,1041688
292589,292589,1041688
292600,292600,1041688
292973,292973,1041688
293229,293229,1041688
293234,293234,1041688
293755,293755,1041688
293817,293817,1041688
294105,294105,1041688
294324,294324,1041688
294565,294565,1041688
294697,294697,1041688
295109,295109,1041688
295209,295209,1041688
295437,295437,1041688
295489,295489,1041688
295556,295556,1041688
295890,295890,1041688
295892,295892,1041688
296257,296257,1041688
296262,296262,1041688
296349,296349,1041688
296574,296574,1041688
296593,296593,1041688
296900,296900,1041688
297299,297299,1041688
297698,297698,1041688
298091,298091,1041688
298118,298118,1041688
298566,298566,1041688
299085,299085,1041688
299557,299557,1041688
299630,299630,1041688
299740,299740,1041688
300216,300216,1041688
300343,300343,1041688
300758,300758,1041688
300858,300858,1041688
300957,300957,1041688
301633,301633,1041688
302084,302084,1041688
302184,302184,1041688
302717,302717,1041688
303202,303202,1041688
303205,303205,1041688
303321,303321,1041688
303462,303462,1041688
303614,303614,1041688
303858,303858,1041688
303990,303990,1041688
305548,305548,1041688
305883,305883,1041688
306135,306135,1041688
306160,306160,1041688
306215,306215,1041688
306684,306684,1041688
306955,306955,1041688
306970,306970,1041688
307115,307115,1041688
307702,307702,1041688
307952,307952,1041688
308409,308409,1041688
308542,308542,1041688
308661,308661,1041688
308680,308680,1041688
308772,308772,1041688
308778,308778,1041688
308796,308796,1041688
309091,309091,1041688
309458,309458,1041688
310029,310029,1041688
310181,310181,1041688
310222,310222,1041688
310758,310758,1041688
310786,310786,1041688
311623,311623,1041688
311713,311713,1041688
312456,312456,1041688
312807,312807,1041688
313240,313240,1041688
313262,313262,1041688
313288,313288,1041688
314035,314035,1041688
314344,314344,1041688
314636,314636,1041688
314642,314642,1041688
314642,314642,1041688
314791,314791,1041688
314800,314800,1041688
314856,314856,1041688
315065,315065,1041688
316559,316559,1041688
316618,316618,1041688
316788,316788,1041688
316840,316840,1041688
316964,316964,1041688
317119,317119,1041688
317724,317724,1041688
317930,317930,1041688
317976,317976,1041688
317990,317990,1041688
318534,318534,1041688
318608,318608,1041688
318675,318675,1041688
318742,318742,1041688
319124,319124,1041688
319474,319474,1041688
319556,319556,1041688
319595,319595,1041688
320108,320108,1041688
320236,320236,1041688
320519,320519,1041688
320822,320822,1041688
320953,320953,1041688
321001,321001,1041688
321081,321081,1041688
321978,321978,1041688
322038,322038,1041688
322090,322090,1041688
322486,322486,1041688
323054,323054,1041688
323520,323520,1041688
323709,323709,1041688
324174,324174,1041688
324374,324374,1041688
324887,324887,1041688
324942,324942,1041688
324950,324950,1041688
325048,325048,1041688
325134,325134,1041688
325203,325203,1041688
325404,325404,1041688
325466,325466,1041688
325588,325588,1041688
325648,325648,1041688
325861,325861,1041688
326405,326405,1041688
327753,327753,1041688
328096,328096,1041688
328126,328126,1041688
328198,328198,1041688
328331,328331,1041688
328470,328470,1041688
328659,328659,1041688
328670,328670,1041688
328867,328867,1041688
329207,329207,1041688
329384,329384,1041688
329698,329698,1041688
330033,330033,1041688
330210,330210,1041688
330252,330252,1041688
330401,330401,1041688
330622,330622,1041688
331165,331165,1041688
332331,332331,1041688
332830,332830,1041688
332859,332859,1041688
333000,333000,1041688
333296,333296,1041688
333394,333394,1041688
333411,333411,1041688
333737,333737,1041688
334006,334006,1041688
334124,334124,1041688
334233,334233,1041688
334238,334238,1041688
334577,334577,1041688
334967,334967,1041688
335567,335567,1041688
335724,335724,1041688
335743,335743,1041688
336037,336037,1041688
336075,336075,1041688
336155,336155,1041688
336614,336614,1041688
337337,337337,1041688
337441,337441,1041688
337475,337475,1041688
337749,337749,1041688
337836,337836,1041688
338101,338101,1041688
338371,338371,1041688
338625,338625,1041688
338866,338866,1041688
339179,339179,1041688
339264,339264,1041688
339492,339492,1041688
339728,339728,1041688
340215,340215,1041688
340823,340823,1041688
341123,341123,1041688
341203,341203,1041688
341405,341405,1041688
341786,341786,1041688
341800,341800,1041688
342302,342302,1041688
342377,342377,1041688
342457,342457,1041688
342492,342492,1041688
342713,342713,1041688
343018,343018,1041688
343109,343109,1041688
343243,343243,1041688
343258,343258,1041688
343803,343803,1041688
343880,343880,1041688
344006,344006,1041688
344167,344167,1041688
344402,344402,1041688
344553,344553,1041688
344632,344632,1041688
344781,344781,1041688
344956,344956,1041688
344995,344995,1041688
345207,345207,1041688
345821,345821,1041688
346188,346188,1041688
346210,346210,1041688
346421,346421,1041688
346453,346453,1041688
347109,347109,1041688
347265,347265,1041688
347645,347645,1041688
347666,347666,1041688
348448,348448,1041688
348546,348546,1041688
349022,349022,1041688
349335,349335,1041688
349561,349561,1041688
349722,349722,1041688
349761,349761,1041688
349779,349779,1041688
349885,349885,1041688
350099,350099,1041688
350369,350369,1041688
350416,350416,1041688
350573,350573,1041688
351837,351837,1041688
352403,352403,1041688
352668,352668,1041688
352750,352750,1041688
352921,352921,1041688
353280,353280,1041688
353349,353349,1041688
353350,353350,1041688
353452,353452,1041688
353776,353776,1041688
353975,353975,1041688
354030,354030,1041688
354149,354149,1041688
354352,354352,1041688
354405,354405,1041688
354804,354804,1041688
354848,354848,1041688
355132,355132,1041688
355137,355137,1041688
355304,355304,1041688
355686,355686,1041688
355741,355741,1041688
355820,355820,1041688
356195,356195,1041688
356218,356218,1041688
356367,356367,1041688
356685,356685,1041688
356953,356953,1041688
357125,357125,1041688
357356,357356,1041688
357635,357635,1041688
358074,358074,1041688
358267,358267,1041688
358390,358390,1041688
358540,358540,1041688
359171,359171,1041688
359997,359997,1041688
360175,360175,1041688
360376,360376,1041688
360511,360511,1041688
360590,360590,1041688
360773,360773,1041688
360915,360915,1041688
361132,361132,1041688
361173,361173,1041688
361370,361370,1041688
361934,361934,1041688
361949,361949,1041688
362433,362433,1041688
362486,362486,1041688
362743,362743,1041688
362860,362860,1041688
363028,363028,1041688
363056,363056,1041688
363078,363078,1041688
363322,363322,1041688
363403,363403,1041688
364071,364071,1041688
364580,364580,1041688
365272,365272,1041688
365951,365951,1041688
366027,366027,1041688
366256,366256,1041688
367030,367030,1041688
367400,367400,1041688
367650,367650,1041688
368015,368015,1041688
368045,368045,1041688
368594,368594,1041688
368808,368808,1041688
368873,368873,1041688
368959,368959,1041688
369129,369129,1041688
369256,369256,1041688
369304,369304,1041688
369408,369408,1041688
369473,369473,1041688
370467,370467,1041688
370676,370676,1041688
370704,370704,1041688
371017,371017,1041688
371166,371166,1041688
371278,371278,1041688
371737,371737,1041688
371782,371782,1041688
372052,372052,1041688
372445,372445,1041688
372781,372781,1041688
373284,373284,1041688
373497,373497,1041688
373556,373556,1041688
373754,373754,1041688
374496,374496,1041688
374672,374672,1041688
375026,375026,1041688
375156,375156,1041688
375352,375352,1041688
375946,375946,1041688
375955,375955,1041688
376300,376300,1041688
377666,377666,1041688
377728,377728,1041688
377845,377845,1041688
378170,378170,1041688
378337,378337,1041688
378908,378908,1041688
379319,379319,1041688
379775,379775,1041688
379861,379861,1041688
379875,379875,1041688
380091,380091,1041688
380367,380367,1041688
380525,380525,1041688
380610,380610,1041688
381971,381971,1041688
382074,382074,1041688
382132,382132,1041688
382343,382343,1041688
382494,382494,1041688
382842,382842,1041688
382863,382863,1041688
383059,383059,1041688
383120,383120,1041688
384319,384319,1041688
384851,384851,1041688
384929,384929,1041688
385006,385006,1041688
385886,385886,1041688
385892,385892,1041688
385894,385894,1041688
386156,386156,1041688
386194,386194,1041688
386242,386242,1041688
386338,386338,1041688
386710,386710,1041688
387048,387048,1041688
387324,387324,1041688
387610,387610,1041688
387798,387798,1041688
387872,387872,1041688
388085,388085,1041688
388109,388109,1041688
388207,388207,1041688
389064,389064,1041688
389135,389135,1041688
390315,390315,1041688
390509,390509,1041688
390877,390877,1041688
390946,390946,1041688
390980,390980,1041688
391073,391073,1041688
392028,392028,1041688
392485,392485,1041688
393324,393324,1041688
393484,393484,1041688
393518,393518,1041688
393758,393758,1041688
393768,393768,1041688
394573,394573,1041688
394892,394892,1041688
394905,394905,1041688
394945,394945,1041688
395323,395323,1041688
395458,395458,1041688
395739,395739,1041688
395793,395793,1041688
396813,396813,1041688
396830,396830,1041688
396930,396930,1041688
397040,397040,1041688
397089,397089,1041688
397175,397175,1041688
397791,397791,1041688
397947,397947,1041688
397958,397958,1041688
398208,398208,1041688
398816,398816,1041688
398868,398868,1041688
399478,399478,1041688
399820,399820,1041688
400213,400213,1041688
400277,400277,1041688
400549,400549,1041688
400938,400938,1041688
401008,401008,1041688
401105,401105,1041688
401236,401236,1041688
401582,401582,1041688
401826,401826,1041688
402016,402016,1041688
402171,402171,1041688
402365,402365,1041688
402437,402437,1041688
402709,402709,1041688
403297,403297,1041688
404014,404014,1041688
404167,404167,1041688
404543,404543,1041688
404800,404800,1041688
405124,405124,1041688
405394,405394,1041688
405597,405597,1041688
406176,406176,1041688
406217,406217,1041688
406528,406528,1041688
407310,407310,1041688
407770,407770,1041688
407781,407781,1041688
407875,407875,1041688
408560,408560,1041688
408597,408597,1041688
409454,409454,1041688
409607,409607,1041688
410246,410246,1041688
410321,410321,1041688
410443,410443,1041688
410487,410487,1041688
410926,410926,1041688
411337,411337,1041688
411915,411915,1041688
412130,412130,1041688
412288,412288,1041688
412320,412320,1041688
412705,412705,1041688
413346,413346,1041688
413380,413380,1041688
413618,413618,1041688
414084,414084,1041688
414090,414090,1041688
414222,414222,1041688
414252,414252,1041688
414631,414631,1041688
415170,415170,1041688
415357,415357,1041688
415409,415409,1041688
415475,415475,1041688
415589,415589,1041688
415603,415603,1041688
416057,416057,1041688
417443,417443,1041688
417652,417652,1041688
417697,417697,1041688
417797,417797,1041688
417862,417862,1041688
418399,418399,1041688
418445,418445,1041688
418462,418462,1041688
419067,419067,1041688
419566,419566,1041688
419794,419794,1041688
419877,419877,1041688
420461,420461,1041688
420523,420523,1041688
421367,421367,1041688
421983,421983,1041688
422052,422052,1041688
422159,422159,1041688
422342,422342,1041688
422710,422710,1041688
422804,422804,1041688
422820,422820,1041688
422944,422944,1041688
423210,423210,1041688
423395,423395,1041688
424272,424272,1041688
424442,424442,1041688
424461,424461,1041688
424827,424827,1041688
425457,425457,1041688
426111,426111,1041688
426561,426561,1041688
426588,426588,1041688
427478,427478,1041688
427673,427673,1041688
427715,427715,1041688
427787,427787,1041688
428100,428100,1041688
428698,428698,1041688
428807,428807,1041688
429222,429222,1041688
429820,429820,1041688
430440,430440,1041688
430701,430701,1041688
431117,431117,1041688
431445,431445,1041688
431547,431547,1041688
432123,432123,1041688
432219,432219,1041688
432581,432581,1041688
432744,432744,1041688
433430,433430,1041688
433794,433794,1041688
433826,433826,1041688
434193,434193,1041688
434833,434833,1041688
434995,434995,1041688
435049,435049,1041688
435280,435280,1041688
435359,435359,1041688
435501,435501,1041688
435815,435815,1041688
436024,436024,1041688
436159,436159,1041688
436161,436161,1041688
436341,436341,1041688
436567,436567,1041688
436827,436827,1041688
437018,437018,1041688
437263,437263,1041688
437560,437560,1041688
437856,437856,1041688
437922,437922,1041688
438100,438100,1041688
438634,438634,1041688
439468,439468,1041688
439596,439596,1041688
439897,439897,1041688
439919,439919,1041688
440011,440011,1041688
440640,440640,1041688
440877,440877,1041688
441072,441072,1041688
441451,441451,1041688
442131,442131,1041688
442575,442575,1041688
444501,444501,1041688
444668,444668,1041688
445239,445239,1041688
445240,445240,1041688
445348,445348,1041688
445615,445615,1041688
445753,445753,1041688
446683,446683,1041688
447227,447227,1041688
447267,447267,1041688
447546,447546,1041688
447673,447673,1041688
447900,447900,1041688
448011,448011,1041688
448040,448040,1041688
448867,448867,1041688
449054,449054,1041688
449055,449055,1041688
449267,449267,1041688
449275,449275,1041688
449977,449977,1041688
450064,450064,1041688
450234,450234,1041688
450313,450313,1041688
450748,450748,1041688
450892,450892,1041688
451803,451803,1041688
451838,451838,1041688
452557,452557,1041688
452829,452829,1041688
452945,452945,1041688
453205,453205,1041688
453225,453225,1041688
453388,453388,1041688
453861,453861,1041688
454889,454889,1041688
455744,455744,1041688
455821,455821,1041688
455978,455978,1041688
456606,456606,1041688
456791,456791,1041688
457192,457192,1041688
457932,457932,1041688
457956,457956,1041688
458691,458691,1041688
459120,459120,1041688
459342,459342,1041688
459609,459609,1041688
459689,459689,1041688
459955,459955,1041688
460490,460490,1041688
460550,460550,1041688
460687,460687,1041688
460688,460688,1041688
461164,461164,1041688
461313,461313,1041688
461556,461556,1041688
461586,461586,1041688
461910,461910,1041688
462330,462330,1041688
462392,462392,1041688
462670,462670,1041688
463150,463150,1041688
463764,463764,1041688
463971,463971,1041688
464444,464444,1041688
464557,464557,1041688
464587,464587,1041688
464589,464589,1041688
465001,465001,1041688
465401,465401,1041688
465506,465506,1041688
465886,465886,1041688
465930,465930,1041688
466271,466271,1041688
466647,466647,1041688
466697,466697,1041688
467023,467023,1041688
467195,467195,1041688
467680,467680,1041688
467825,467825,1041688
467925,467925,1041688
467972,467972,1041688
468142,468142,1041688
468177,468177,1041688
468254,468254,1041688
468574,468574,1041688
468598,468598,1041688
468641,468641,1041688
468820,468820,1041688
468883,468883,1041688
469153,469153,1041688
469210,469210,1041688
469341,469341,1041688
469501,469501,1041688
469707,469707,1041688
470007,470007,1041688
470220,470220,1041688
470477,470477,1041688
471533,471533,1041688
471964,471964,1041688
472368,472368,1041688
472442,472442,1041688
472752,472752,1041688
472960,472960,1041688
474227,474227,1041688
474946,474946,1041688
475466,475466,1041688
475687,475687,1041688
475951,475951,1041688
476190,476190,1041688
476309,476309,1041688
476493,476493,1041688
476570,476570,1041688
477248,477248,1041688
477554,477554,1041688
479766,479766,1041688
479899,479899,1041688
480414,480414,1041688
481745,481745,1041688
482189,482189,1041688
482240,482240,1041688
482251,482251,1041688
482562,482562,1041688
483016,483016,1041688
483116,483116,1041688
483448,483448,1041688
483675,483675,1041688
483932,483932,1041688
484049,484049,1041688
484070,484070,1041688
484289,484289,1041688
484524,484524,1041688
484616,484616,1041688
484928,484928,1041688
485018,485018,1041688
485167,485167,1041688
485242,485242,1041688
485603,485603,1041688
487009,487009,1041688
487127,487127,1041688
487259,487259,1041688
487553,487553,1041688
487560,487560,1041688
487635,487635,1041688
487707,487707,1041688
488150,488150,1041688
488480,488480,1041688
488921,488921,1041688
489221,489221,1041688
490143,490143,1041688
490308,490308,1041688
490688,490688,1041688
490692,490692,1041688
490794,490794,1041688
490929,490929,1041688
491559,491559,1041688
491625,491625,1041688
492008,492008,1041688
492041,492041,1041688
492296,492296,1041688
492562,492562,1041688
492938,492938,1041688
493366,493366,1041688
493929,493929,1041688
493995,493995,1041688
494054,494054,1041688
494197,494197,1041688
494262,494262,1041688
494325,494325,1041688
494470,494470,1041688
494894,494894,1041688
494903,494903,1041688
494922,494922,1041688
495064,495064,1041688
495098,495098,1041688
495193,495193,1041688
495519,495519,1041688
495683,495683,1041688
496008,496008,1041688
496127,496127,1041688
496144,496144,1041688
496166,496166,1041688
496303,496303,1041688
496327,496327,1041688
497431,497431,1041688
498590,498590,1041688
498737,498737,1041688
498892,498892,1041688
498995,498995,1041688
499087,499087,1041688
499112,499112,1041688
499169,499169,1041688
499225,499225,1041688
499400,499400,1041688
500176,500176,1041688
500272,500272,1041688
500648,500648,1041688
501490,501490,1041688
501951,501951,1041688
501988,501988,1041688
502105,502105,1041688
502202,502202,1041688
502274,502274,1041688
502413,502413,1041688
502696,502696,1041688
503187,503187,1041688
503550,503550,1041688
504122,504122,1041688
504147,504147,1041688
504192,504192,1041688
504240,504240,1041688
505222,505222,1041688
505445,505445,1041688
505477,505477,1041688
505485,505485,1041688
505511,505511,1041688
505626,505626,1041688
506326,506326,1041688
506470,506470,1041688
507126,507126,1041688
507150,507150,1041688
507518,507518,1041688
507813,507813,1041688
508763,508763,1041688
508924,508924,1041688
509100,509100,1041688
509417,509417,1041688
509678,509678,1041688
509924,509924,1041688
510064,510064,1041688
510091,510091,1041688
510159,510159,1041688
510233,510233,1041688
510380,510380,1041688
510628,510628,1041688
510881,510881,1041688
510979,510979,1041688
511178,511178,1041688
511247,511247,1041688
511568,511568,1041688
511725,511725,1041688
511739,511739,1041688
511773,511773,1041688
512121,512121,1041688
512205,512205,1041688
513142,513142,1041688
513425,513425,1041688
513570,513570,1041688
513690,513690,1041688
514054,514054,1041688
514258,514258,1041688
514432,514432,1041688
514805,514805,1041688
515894,515894,1041688
516519,516519,1041688
516674,516674,1041688
516900,516900,1041688
517049,517049,1041688
517291,517291,1041688
517361,517361,1041688
517443,517443,1041688
518715,518715,1041688
518848,518848,1041688
520030,520030,1041688
520093,520093,1041688
520158,520158,1041688
520484,520484,1041688
520813,520813,1041688
520959,520959,1041688
521149,521149,1041688
521202,521202,1041688
521226,521226,1041688
521256,521256,1041688
521488,521488,1041688
521522,521522,1041688
521769,521769,1041688
521881,521881,1041688
521984,521984,1041688
522015,522015,1041688
522208,522208,1041688
522509,522509,1041688
522701,522701,1041688
523013,523013,1041688
523168,523168,1041688
523640,523640,1041688
523821,523821,1041688
524085,524085,1041688
524807,524807,1041688
524827,524827,1041688
525162,525162,1041688
525502,525502,1041688
525540,525540,1041688
525541,525541,1041688
525780,525780,1041688
525812,525812,1041688
525842,525842,1041688
526056,526056,1041688
526058,526058,1041688
526300,526300,1041688
527011,527011,1041688
527165,527165,1041688
527239,527239,1041688
527369,527369,1041688
527618,527618,1041688
528249,528249,1041688
528369,528369,1041688
528835,528835,1041688
528903,528903,1041688
529266,529266,1041688
529298,529298,1041688
529468,529468,1041688
529610,529610,1041688
529655,529655,1041688
529823,529823,1041688
530126,530126,1041688
530146,530146,1041688
530228,530228,1041688
530783,530783,1041688
530801,530801,1041688
530840,530840,1041688
530916,530916,1041688
531762,531762,1041688
532050,532050,1041688
532334,532334,1041688
532349,532349,1041688
532389,532389,1041688
532630,532630,1041688
532631,532631,1041688
532711,532711,1041688
532856,532856,1041688
533389,533389,1041688
533550,533550,1041688
533646,533646,1041688
533933,533933,1041688
533936,533936,1041688
534077,534077,1041688
534208,534208,1041688
534239,534239,1041688
534398,534398,1041688
534887,534887,1041688
535036,535036,1041688
535435,535435,1041688
535554,535554,1041688
535937,535937,1041688
535990,535990,1041688
537070,537070,1041688
537095,537095,1041688
537662,537662,1041688
537736,537736,1041688
538197,538197,1041688
538561,538561,1041688
538631,538631,1041688
538678,538678,1041688
538927,538927,1041688
539241,539241,1041688
539346,539346,1041688
540229,540229,1041688
540384,540384,1041688
540417,540417,1041688
540424,540424,1041688
540934,540934,1041688
540985,540985,1041688
541023,541023,1041688
541152,541152,1041688
541484,541484,1041688
541712,541712,1041688
541717,541717,1041688
541927,541927,1041688
542168,542168,1041688
542807,542807,1041688
543065,543065,1041688
543135,543135,1041688
543791,543791,1041688
543803,543803,1041688
544050,544050,1041688
544936,544936,1041688
545151,545151,1041688
545354,545354,1041688
545471,545471,1041688
545539,545539,1041688
546150,546150,1041688
546258,546258,1041688
546525,546525,1041688
546758,546758,1041688
547046,547046,1041688
547134,547134,1041688
547231,547231,1041688
547532,547532,1041688
547705,547705,1041688
547935,547935,1041688
547961,547961,1041688
548875,548875,1041688
549032,549032,1041688
549717,549717,1041688
549760,549760,1041688
550246,550246,1041688
550272,550272,1041688
550420,550420,1041688
550588,550588,1041688
550668,550668,1041688
550985,550985,1041688
551061,551061,1041688
551088,551088,1041688
551391,551391,1041688
551681,551681,1041688
551710,551710,1041688
552163,552163,1041688
552372,552372,1041688
552680,552680,1041688
552719,552719,1041688
553129,553129,1041688
553526,553526,1041688
553596,553596,1041688
553701,553701,1041688
554133,554133,1041688
554334,554334,1041688
554352,554352,1041688
554361,554361,1041688
554528,554528,1041688
554570,554570,1041688
554839,554839,1041688
554922,554922,1041688
554938,554938,1041688
555141,555141,1041688
555646,555646,1041688
556066,556066,1041688
556108,556108,1041688
556448,556448,1041688
556796,556796,1041688
556950,556950,1041688
557275,557275,1041688
558016,558016,1041688
558369,558369,1041688
558784,558784,1041688
559036,559036,1041688
559044,559044,1041688
559559,559559,1041688
559646,559646,1041688
559706,559706,1041688
559744,559744,1041688
560174,560174,1041688
560331,560331,1041688
560344,560344,1041688
560456,560456,1041688
560548,560548,1041688
560815,560815,1041688
561410,561410,1041688
562185,562185,1041688
562990,562990,1041688
563039,563039,1041688
563061,563061,1041688
563085,563085,1041688
563434,563434,1041688
563682,563682,1041688
563849,563849,1041688
564476,564476,1041688
564987,564987,1041688
565232,565232,1041688
565256,565256,1041688
565973,565973,1041688
566042,566042,1041688
567109,567109,1041688
567348,567348,1041688
567398,567398,1041688
567686,567686,1041688
568316,568316,1041688
568327,568327,1041688
568342,568342,1041688
568365,568365,1041688
568853,568853,1041688
568910,568910,1041688
569018,569018,1041688
569207,569207,1041688
569359,569359,1041688
570074,570074,1041688
570273,570273,1041688
570411,570411,1041688
570538,570538,1041688
571062,571062,1041688
571243,571243,1041688
571375,571375,1041688
571541,571541,1041688
571656,571656,1041688
571780,571780,1041688
571892,571892,1041688
571936,571936,1041688
572390,572390,1041688
572680,572680,1041688
573166,573166,1041688
573174,573174,1041688
573806,573806,1041688
573920,573920,1041688
574657,574657,1041688
574939,574939,1041688
575331,575331,1041688
575683,575683,1041688
576404,576404,1041688
576430,576430,1041688
576890,576890,1041688
577300,577300,1041688
577332,577332,1041688
578172,578172,1041688
578442,578442,1041688
578486,578486,1041688
578665,578665,1041688
578674,578674,1041688
578675,578675,1041688
578791,578791,1041688
578827,578827,1041688
579151,579151,1041688
579169,579169,1041688
579317,579317,1041688
579348,579348,1041688
580005,580005,1041688
580979,580979,1041688
581408,581408,1041688
581529,581529,1041688
581802,581802,1041688
581870,581870,1041688
582187,582187,1041688
582224,582224,1041688
582244,582244,1041688
582891,582891,1041688
582965,582965,1041688
583251,583251,1041688
583602,583602,1041688
583609,583609,1041688
583724,583724,1041688
583808,583808,1041688
583924,583924,1041688
584167,584167,1041688
584177,584177,1041688
584640,584640,1041688
584728,584728,1041688
585057,585057,1041688
585067,585067,1041688
585120,585120,1041688
585198,585198,1041688
585706,585706,1041688
585750,585750,1041688
586289,586289,1041688
586310,586310,1041688
586627,586627,1041688
587149,587149,1041688
587412,587412,1041688
587518,587518,1041688
587528,587528,1041688
587662,587662,1041688
587758,587758,1041688
588119,588119,1041688
588599,588599,1041688
588718,588718,1041688
588946,588946,1041688
589509,589509,1041688
589725,589725,1041688
589766,589766,1041688
589788,589788,1041688
589846,589846,1041688
590196,590196,1041688
590312,590312,1041688
590352,590352,1041688
590440,590440,1041688
590510,590510,1041688
590644,590644,1041688
590659,590659,1041688
591008,591008,1041688
591163,591163,1041688
591673,591673,1041688
592050,592050,1041688
592419,592419,1041688
592442,592442,1041688
592460,592460,1041688
592498,592498,1041688
592987,592987,1041688
593143,593143,1041688
593297,593297,1041688
593787,593787,1041688
593848,593848,1041688
593915,593915,1041688
593930,593930,1041688
594390,594390,1041688
594398,594398,1041688
595471,595471,1041688
595590,595590,1041688
595787,595787,1041688
596751,596751,1041688
597192,597192,1041688
597275,597275,1041688
597641,597641,1041688
597775,597775,1041688
597931,597931,1041688
598514,598514,1041688
598541,598541,1041688
598909,598909,1041688
599440,599440,1041688
599600,599600,1041688
599656,599656,1041688
600031,600031,1041688
600187,600187,1041688
600676,600676,1041688
600692,600692,1041688
600965,600965,1041688
600988,600988,1041688
601258,601258,1041688
601645,601645,1041688
601874,601874,1041688
602085,602085,1041688
602644,602644,1041688
602917,602917,1041688
602917,602917,1041688
602929,602929,1041688
603127,603127,1041688
603148,603148,1041688
603351,603351,1041688
603500,603500,1041688
603652,603652,1041688
604182,604182,1041688
604227,604227,1041688
604280,604280,1041688
604575,604575,1041688
604973,604973,1041688
605238,605238,1041688
605875,605875,1041688
605892,605892,1041688
606031,606031,1041688
606120,606120,1041688
606157,606157,1041688
606466,606466,1041688
606475,606475,1041688
606892,606892,1041688
607032,607032,1041688
607168,607168,1041688
607541,607541,1041688
608643,608643,1041688
609072,609072,1041688
609382,609382,1041688
609623,609623,1041688
610184,610184,1041688
610221,610221,1041688
610353,610353,1041688
610443,610443,1041688
610776,610776,1041688
610784,610784,1041688
610810,610810,1041688
610812,610812,1041688
610998,610998,1041688
611255,611255,1041688
611487,611487,1041688
611871,611871,1041688
611896,611896,1041688
612175,612175,1041688
612176,612176,1041688
612524,612524,1041688
612887,612887,1041688
613149,613149,1041688
613188,613188,1041688
613891,613891,1041688
613959,613959,1041688
614114,614114,1041688
614120,614120,1041688
614191,614191,1041688
614475,614475,1041688
614569,614569,1041688
614681,614681,1041688
614835,614835,1041688
614845,614845,1041688
614904,614904,1041688
614952,614952,1041688
615286,615286,1041688
615557,615557,1041688
615789,615789,1041688
616181,616181,1041688
617176,617176,1041688
617343,617343,1041688
617345,617345,1041688
617351,617351,1041688
617418,617418,1041688
617792,617792,1041688
618053,618053,1041688
618118,618118,1041688
618164,618164,1041688
618678,618678,1041688
619120,619120,1041688
619461,619461,1041688
619589,619589,1041688
619662,619662,1041688
619732,619732,1041688
619842,619842,1041688
619950,619950,1041688
620194,620194,1041688
620370,620370,1041688
620700,620700,1041688
620838,620838,1041688
621182,621182,1041688
621210,621210,1041688
621283,621283,1041688
621414,621414,1041688
621546,621546,1041688
621934,621934,1041688
622272,622272,1041688
622687,622687,1041688
622734,622734,1041688
622816,622816,1041688
623103,623103,1041688
623170,623170,1041688
623585,623585,1041688
623665,623665,1041688
623855,623855,1041688
624099,624099,1041688
624143,624143,1041688
624936,624936,1041688
624949,624949,1041688
626022,626022,1041688
627387,627387,1041688
627389,627389,1041688
627632,627632,1041688
627703,627703,1041688
628090,628090,1041688
628265,628265,1041688
628825,628825,1041688
629070,629070,1041688
629227,629227,1041688
629504,629504,1041688
629777,629777,1041688
629812,629812,1041688
630072,630072,1041688
630362,630362,1041688
630986,630986,1041688
631034,631034,1041688
631057,631057,1041688
631169,631169,1041688
632013,632013,1041688
633596,633596,1041688
633697,633697,1041688
633792,633792,1041688
633884,633884,1041688
634028,634028,1041688
634144,634144,1041688
635005,635005,1041688
635091,635091,1041688
635107,635107,1041688
635282,635282,1041688
636297,636297,1041688
636308,636308,1041688
636374,636374,1041688
637251,637251,1041688
637502,637502,1041688
637522,637522,1041688
637868,637868,1041688
638497,638497,1041688
638629,638629,1041688
638920,638920,1041688
639421,639421,1041688
639618,639618,1041688
640017,640017,1041688
640175,640175,1041688
640212,640212,1041688
640400,640400,1041688
640813,640813,1041688
640861,640861,1041688
640931,640931,1041688
641061,641061,1041688
641156,641156,1041688
641701,641701,1041688
641795,641795,1041688
642153,642153,1041688
642448,642448,1041688
643106,643106,1041688
643269,643269,1041688
643804,643804,1041688
644076,644076,1041688
644126,644126,1041688
644360,644360,1041688
644526,644526,1041688
644745,644745,1041688
644879,644879,1041688
644909,644909,1041688
645265,645265,1041688
645272,645272,1041688
645994,645994,1041688
646882,646882,1041688
647177,647177,1041688
647416,647416,1041688
647453,647453,1041688
647503,647503,1041688
647520,647520,1041688
647553,647553,1041688
647677,647677,1041688
647733,647733,1041688
647978,647978,1041688
648238,648238,1041688
648525,648525,1041688
648557,648557,1041688
648948,648948,1041688
648970,648970,1041688
649177,649177,1041688
649422,649422,1041688
649874,649874,1041688
650693,650693,1041688
650827,650827,1041688
650873,650873,1041688
650901,650901,1041688
651088,651088,1041688
651345,651345,1041688
651496,651496,1041688
651945,651945,1041688
652333,652333,1041688
652867,652867,1041688
653092,653092,1041688
653107,653107,1041688
653147,653147,1041688
653264,653264,1041688
653265,653265,1041688
653605,653605,1041688
653991,653991,1041688
655009,655009,1041688
655381,655381,1041688
655704,655704,1041688
656227,656227,1041688
656325,656325,1041688
657394,657394,1041688
658046,658046,1041688
658097,658097,1041688
658676,658676,1041688
658812,658812,1041688
658969,658969,1041688
659197,659197,1041688
659308,659308,1041688
659366,659366,1041688
659600,659600,1041688
659723,659723,1041688
659859,659859,1041688
659868,659868,1041688
659978,659978,1041688
660015,660015,1041688
660704,660704,1041688
661458,661458,1041688
661573,661573,1041688
661606,661606,1041688
662401,662401,1041688
662569,662569,1041688
662571,662571,1041688
662610,662610,1041688
662615,662615,1041688
662703,662703,1041688
662804,662804,1041688
662811,662811,1041688
662951,662951,1041688
663315,663315,1041688
663315,663315,1041688
663757,663757,1041688
663766,663766,1041688
663766,663766,1041688
664368,664368,1041688
664652,664652,1041688
664756,664756,1041688
664779,664779,1041688
665048,665048,1041688
665083,665083,1041688
665641,665641,1041688
665693,665693,1041688
666059,666059,1041688
666246,666246,1041688
666858,666858,1041688
667130,667130,1041688
667373,667373,1041688
667729,667729,1041688
667745,667745,1041688
668283,668283,1041688
668627,668627,1041688
668886,668886,1041688
669314,669314,1041688
669477,669477,1041688
669646,669646,1041688
669675,669675,1041688
669931,669931,1041688
669949,669949,1041688
669981,669981,1041688
670482,670482,1041688
670728,670728,1041688
670874,670874,1041688
671180,671180,1041688
671346,671346,1041688
671610,671610,1041688
671942,671942,1041688
672182,672182,1041688
672435,672435,1041688
672975,672975,1041688
673119,673119,1041688
673152,673152,1041688
673737,673737,1041688
674033,674033,1041688
674099,674099,1041688
674115,674115,1041688
674988,674988,1041688
675486,675486,1041688
675586,675586,1041688
675593,675593,1041688
675715,675715,1041688
675761,675761,1041688
676064,676064,1041688
676159,676159,1041688
676533,676533,1041688
676791,676791,1041688
677223,677223,1041688
677340,677340,1041688
677497,677497,1041688
677945,677945,1041688
678809,678809,1041688
678878,678878,1041688
679140,679140,1041688
679150,679150,1041688
679325,679325,1041688
679915,679915,1041688
679959,679959,1041688
679967,679967,1041688
680134,680134,1041688
680261,680261,1041688
680371,680371,1041688
680532,680532,1041688
680744,680744,1041688
681039,681039,1041688
681281,681281,1041688
681284,681284,1041688
681992,681992,1041688
682217,682217,1041688
682433,682433,1041688
682439,682439,1041688
682494,682494,1041688
682525,682525,1041688
682584,682584,1041688
682618,682618,1041688
682765,682765,1041688
682846,682846,1041688
683251,683251,1041688
683281,683281,1041688
683734,683734,1041688
683903,683903,1041688
684253,684253,1041688
684699,684699,1041688
684975,684975,1041688
685593,685593,1041688
685597,685597,1041688
686992,686992,1041688
687014,687014,1041688
687128,687128,1041688
687245,687245,1041688
688074,688074,1041688
688508,688508,1041688
688603,688603,1041688
688879,688879,1041688
689355,689355,1041688
689493,689493,1041688
689663,689663,1041688
689734,689734,1041688
689867,689867,1041688
690069,690069,1041688
690137,690137,1041688
690339,690339,1041688
690526,690526,1041688
690643,690643,1041688
690645,690645,1041688
690653,690653,1041688
691121,691121,1041688
692069,692069,1041688
692866,692866,1041688
692961,692961,1041688
693307,693307,1041688
693557,693557,1041688
693599,693599,1041688
693693,693693,1041688
693766,693766,1041688
693864,693864,1041688
694104,694104,1041688
694303,694303,1041688
694350,694350,1041688
694436,694436,1041688
694442,694442,1041688
695070,695070,1041688
695527,695527,1041688
696020,696020,1041688
696396,696396,1041688
697080,697080,1041688
697270,697270,1041688
697291,697291,1041688
697342,697342,1041688
697439,697439,1041688
697667,697667,1041688
698556,698556,1041688
699127,699127,1041688
699158,699158,1041688
699412,699412,1041688
699703,699703,1041688
699804,699804,1041688
699889,699889,1041688
700008,700008,1041688
700297,700297,1041688
700562,700562,1041688
700741,700741,1041688
700926,700926,1041688
700954,700954,1041688
701043,701043,1041688
701119,701119,1041688
701292,701292,1041688
701552,701552,1041688
701582,701582,1041688
701710,701710,1041688
703037,703037,1041688
703127,703127,1041688
703651,703651,1041688
703763,703763,1041688
703919,703919,1041688
704022,704022,1041688
704327,704327,1041688
705500,705500,1041688
705979,705979,1041688
706521,706521,1041688
707140,707140,1041688
707214,707214,1041688
707745,707745,1041688
708355,708355,1041688
708535,708535,1041688
708547,708547,1041688
708608,708608,1041688
708616,708616,1041688
709226,709226,1041688
709230,709230,1041688
709474,709474,1041688
709799,709799,1041688
709800,709800,1041688
709934,709934,1041688
710576,710576,1041688
712049,712049,1041688
712396,712396,1041688
712489,712489,1041688
712599,712599,1041688
712661,712661,1041688
712874,712874,1041688
713148,713148,1041688
713249,713249,1041688
713314,713314,1041688
713775,713775,1041688
713818,713818,1041688
714017,714017,1041688
714179,714179,1041688
714734,714734,1041688
715096,715096,1041688
715238,715238,1041688
715391,715391,1041688
716108,716108,1041688
716302,716302,1041688
717370,717370,1041688
717379,717379,1041688
717399,717399,1041688
717536,717536,1041688
717885,717885,1041688
717920,717920,1041688
718079,718079,1041688
718235,718235,1041688
718372,718372,1041688
718379,718379,1041688
718732,718732,1041688
719059,719059,1041688
719307,719307,1041688
720022,720022,1041688
720213,720213,1041688
720442,720442,1041688
720512,720512,1041688
720525,720525,1041688
720711,720711,1041688
721280,721280,1041688
721598,721598,1041688
722175,722175,1041688
722207,722207,1041688
722627,722627,1041688
722663,722663,1041688
722806,722806,1041688
723326,723326,1041688
723408,723408,1041688
723570,723570,1041688
723756,723756,1041688
724572,724572,1041688
724812,724812,1041688
725100,725100,1041688
725165,725165,1041688
725689,725689,1041688
726256,726256,1041688
726731,726731,1041688
727214,727214,1041688
727396,727396,1041688
727912,727912,1041688
728068,728068,1041688
728287,728287,1041688
728741,728741,1041688
728755,728755,1041688
728884,728884,1041688
729201,729201,1041688
729378,729378,1041688
729536,729536,1041688
729592,729592,1041688
730185,730185,1041688
730367,730367,1041688
730660,730660,1041688
730825,730825,1041688
730970,730970,1041688
731512,731512,1041688
731738,731738,1041688
732237,732237,1041688
732261,732261,1041688
732489,732489,1041688
732622,732622,1041688
732650,732650,1041688
733002,733002,1041688
733819,733819,1041688
733838,733838,1041688
734357,734357,1041688
734397,734397,1041688
735142,735142,1041688
735172,735172,1041688
735435,735435,1041688
735588,735588,1041688
735877,735877,1041688
736443,736443,1041688
736812,736812,1041688
736963,736963,1041688
737192,737192,1041688
738090,738090,1041688
738278,738278,1041688
738282,738282,1041688
738447,738447,1041688
738712,738712,1041688
739164,739164,1041688
739329,739329,1041688
739644,739644,1041688
739654,739654,1041688
739823,739823,1041688
740013,740013,1041688
740076,740076,1041688
740439,740439,1041688
740496,740496,1041688
740533,740533,1041688
740669,740669,1041688
740795,740795,1041688
740817,740817,1041688
740962,740962,1041688
741021,741021,1041688
741161,741161,1041688
741164,741164,1041688
741197,741197,1041688
741412,741412,1041688
741854,741854,1041688
742351,742351,1041688
742463,742463,1041688
742519,742519,1041688
743120,743120,1041688
743341,743341,1041688
743366,743366,1041688
743418,743418,1041688
743446,743446,1041688
743774,743774,1041688
743792,743792,1041688
744136,744136,1041688
744387,744387,1041688
744395,744395,1041688
744984,744984,1041688
745104,745104,1041688
745196,745196,1041688
745371,745371,1041688
745485,745485,1041688
745756,745756,1041688
745826,745826,1041688
745906,745906,1041688
745934,745934,1041688
746033,746033,1041688
746127,746127,1041688
746251,746251,1041688
746967,746967,1041688
747115,747115,1041688
747191,747191,1041688
747389,747389,1041688
747720,747720,1041688
747756,747756,1041688
748123,748123,1041688
748514,748514,1041688
748606,748606,1041688
749044,749044,1041688
749857,749857,1041688
750079,750079,1041688
750638,750638,1041688
750813,750813,1041688
751153,751153,1041688
751218,751218,1041688
751279,751279,1041688
751309,751309,1041688
751355,751355,1041688
751483,751483,1041688
751504,751504,1041688
751815,751815,1041688
751909,751909,1041688
752455,752455,1041688
752553,752553,1041688
752641,752641,1041688
752923,752923,1041688
752949,752949,1041688
755031,755031,1041688
755062,755062,1041688
755076,755076,1041688
755116,755116,1041688
755142,755142,1041688
755494,755494,1041688
755537,755537,1041688
755862,755862,1041688
756409,756409,1041688
756736,756736,1041688
756981,756981,1041688
757245,757245,1041688
757785,757785,1041688
757828,757828,1041688
758017,758017,1041688
758370,758370,1041688
758427,758427,1041688
758431,758431,1041688
758451,758451,1041688
758648,758648,1041688
758678,758678,1041688
759406,759406,1041688
760018,760018,1041688
760627,760627,1041688
760808,760808,1041688
761021,761021,1041688
761272,761272,1041688
761347,761347,1041688
761370,761370,1041688
761375,761375,1041688
761549,761549,1041688
761640,761640,1041688
761782,761782,1041688
761812,761812,1041688
761856,761856,1041688
761897,761897,1041688
761993,761993,1041688
762068,762068,1041688
762362,762362,1041688
762373,762373,1041688
762622,762622,1041688
762631,762631,1041688
762815,762815,1041688
763286,763286,1041688
763824,763824,1041688
763940,763940,1041688
764679,764679,1041688
765119,765119,1041688
765229,765229,1041688
765695,765695,1041688
766098,766098,1041688
766392,766392,1041688
766674,766674,1041688
766959,766959,1041688
767038,767038,1041688
767064,767064,1041688
767428,767428,1041688
767834,767834,1041688
767836,767836,1041688
768010,768010,1041688
768161,768161,1041688
768179,768179,1041688
768238,768238,1041688
768325,768325,1041688
768916,768916,1041688
769001,769001,1041688
769007,769007,1041688
769240,769240,1041688
769298,769298,1041688
769648,769648,1041688
769895,769895,1041688
770133,770133,1041688
770179,770179,1041688
770445,770445,1041688
770487,770487,1041688
770611,770611,1041688
770774,770774,1041688
770854,770854,1041688
770993,770993,1041688
771184,771184,1041688
771321,771321,1041688
771500,771500,1041688
771577,771577,1041688
771695,771695,1041688
771759,771759,1041688
772170,772170,1041688
772334,772334,1041688
772575,772575,1041688
772827,772827,1041688
772872,772872,1041688
772986,772986,1041688
773071,773071,1041688
773961,773961,1041688
774135,774135,1041688
774363,774363,1041688
774510,774510,1041688
775736,775736,1041688
775926,775926,1041688
775970,775970,1041688
775994,775994,1041688
776065,776065,1041688
776286,776286,1041688
776332,776332,1041688
776464,776464,1041688
777333,777333,1041688
777404,777404,1041688
777663,777663,1041688
777711,777711,1041688
777754,777754,1041688
777895,777895,1041688
777950,777950,1041688
778109,778109,1041688
778201,778201,1041688
778440,778440,1041688
778632,778632,1041688
779058,779058,1041688
779473,779473,1041688
779517,779517,1041688
779731,779731,1041688
780503,780503,1041688
780751,780751,1041688
780972,780972,1041688
781328,781328,1041688
782890,782890,1041688
782900,782900,1041688
782939,782939,1041688
783170,783170,1041688
783500,783500,1041688
783586,783586,1041688
783738,783738,1041688
784056,784056,1041688
784057,784057,1041688
784592,784592,1041688
784665,784665,1041688
784685,784685,1041688
784730,784730,1041688
784801,784801,1041688
784807,784807,1041688
784855,784855,1041688
785158,785158,1041688
785892,785892,1041688
786425,786425,1041688
786458,786458,1041688
786578,786578,1041688
786794,786794,1041688
787301,787301,1041688
787531,787531,1041688
787650,787650,1041688
787745,787745,1041688
788404,788404,1041688
788604,788604,1041688
788727,788727,1041688
788874,788874,1041688
789199,789199,1041688
789394,789394,1041688
789488,789488,1041688
789892,789892,1041688
790012,790012,1041688
790518,790518,1041688
790671,790671,1041688
791252,791252,1041688
791615,791615,1041688
791754,791754,1041688
791826,791826,1041688
792106,792106,1041688
792120,792120,1041688
792230,792230,1041688
792484,792484,1041688
792570,792570,1041688
792663,792663,1041688
792853,792853,1041688
792909,792909,1041688
793394,793394,1041688
793474,793474,1041688
793646,793646,1041688
793861,793861,1041688
794226,794226,1041688
794314,794314,1041688
794609,794609,1041688
794788,794788,1041688
794831,794831,1041688
795204,795204,1041688
795447,795447,1041688
795920,795920,1041688
796292,796292,1041688
796514,796514,1041688
796775,796775,1041688
796801,796801,1041688
797104,797104,1041688
797105,797105,1041688
797229,797229,1041688
797245,797245,1041688
797381,797381,1041688
797695,797695,1041688
797739,797739,1041688
798190,798190,1041688
798342,798342,1041688
799121,799121,1041688
799279,799279,1041688
799720,799720,1041688
799789,799789,1041688
800486,800486,1041688
800665,800665,1041688
801102,801102,1041688
801746,801746,1041688
802647,802647,1041688
802755,802755,1041688
802813,802813,1041688
802835,802835,1041688
802972,802972,1041688
803143,803143,1041688
803441,803441,1041688
803944,803944,1041688
804109,804109,1041688
804126,804126,1041688
804319,804319,1041688
804822,804822,1041688
804976,804976,1041688
805078,805078,1041688
805189,805189,1041688
805364,805364,1041688
806113,806113,1041688
807476,807476,1041688
807785,807785,1041688
808350,808350,1041688
808726,808726,1041688
808866,808866,1041688
808912,808912,1041688
809209,809209,1041688
809223,809223,1041688
809346,809346,1041688
809756,809756,1041688
809889,809889,1041688
809937,809937,1041688
810149,810149,1041688
810251,810251,1041688
810487,810487,1041688
810593,810593,1041688
811395,811395,1041688
811421,811421,1041688
811575,811575,1041688
811741,811741,1041688
812520,812520,1041688
812786,812786,1041688
813257,813257,1041688
813511,813511,1041688
813717,813717,1041688
813905,813905,1041688
813915,813915,1041688
813937,813937,1041688
814073,814073,1041688
815119,815119,1041688
815876,815876,1041688
816050,816050,1041688
816100,816100,1041688
816208,816208,1041688
816231,816231,1041688
816299,816299,1041688
816329,816329,1041688
816439,816439,1041688
816992,816992,1041688
817054,817054,1041688
817217,817217,1041688
817423,817423,1041688
817484,817484,1041688
818580,818580,1041688
818664,818664,1041688
819021,819021,1041688
819037,819037,1041688
819737,819737,1041688
820468,820468,1041688
820488,820488,1041688
820630,820630,1041688
821491,821491,1041688
821783,821783,1041688
822254,822254,1041688
822274,822274,1041688
822322,822322,1041688
822335,822335,1041688
822544,822544,1041688
823174,823174,1041688
823355,823355,1041688
823711,823711,1041688
823772,823772,1041688
824558,824558,1041688
825171,825171,1041688
825258,825258,1041688
826000,826000,1041688
826098,826098,1041688
826197,826197,1041688
826212,826212,1041688
826392,826392,1041688
826446,826446,1041688
826820,826820,1041688
827231,827231,1041688
827775,827775,1041688
827926,827926,1041688
828034,828034,1041688
828410,828410,1041688
828592,828592,1041688
828645,828645,1041688
828645,828645,1041688
828769,828769,1041688
828881,828881,1041688
829123,829123,1041688
829742,829742,1041688
829886,829886,1041688
830037,830037,1041688
830123,830123,1041688
830152,830152,1041688
830197,830197,1041688
830229,830229,1041688
830791,830791,1041688
830944,830944,1041688
830993,830993,1041688
831094,831094,1041688
831507,831507,1041688
831755,831755,1041688
831777,831777,1041688
832355,832355,1041688
832501,832501,1041688
832777,832777,1041688
832785,832785,1041688
832809,832809,1041688
833091,833091,1041688
833448,833448,1041688
834272,834272,1041688
834481,834481,1041688
834569,834569,1041688
834815,834815,1041688
834926,834926,1041688
835086,835086,1041688
835097,835097,1041688
835149,835149,1041688
835284,835284,1041688
835456,835456,1041688
835459,835459,1041688
835499,835499,1041688
835906,835906,1041688
835906,835906,1041688
835938,835938,1041688
836060,836060,1041688
836231,836231,1041688
836377,836377,1041688
836512,836512,1041688
836612,836612,1041688
836716,836716,1041688
836967,836967,1041688
837080,837080,1041688
837099,837099,1041688
837110,837110,1041688
837268,837268,1041688
837333,837333,1041688
837440,837440,1041688
837480,837480,1041688
837560,837560,1041688
837710,837710,1041688
837827,837827,1041688
838049,838049,1041688
838059,838059,1041688
838132,838132,1041688
838215,838215,1041688
838603,838603,1041688
839451,839451,1041688
839472,839472,1041688
839904,839904,1041688
839953,839953,1041688
839981,839981,1041688
840117,840117,1041688
840232,840232,1041688
840320,840320,1041688
840553,840553,1041688
840588,840588,1041688
840680,840680,1041688
840782,840782,1041688
840802,840802,1041688
841275,841275,1041688
841281,841281,1041688
841913,841913,1041688
841918,841918,1041688
842764,842764,1041688
842977,842977,1041688
843365,843365,1041688
843723,843723,1041688
843865,843865,1041688
844068,844068,1041688
844986,844986,1041688
845759,845759,1041688
847338,847338,1041688
847455,847455,1041688
847544,847544,1041688
847562,847562,1041688
847903,847903,1041688
848066,848066,1041688
848719,848719,1041688
848799,848799,1041688
848897,848897,1041688
848912,848912,1041688
849111,849111,1041688
849973,849973,1041688
850617,850617,1041688
851402,851402,1041688
851424,851424,1041688
851494,851494,1041688
852211,852211,1041688
852276,852276,1041688
852416,852416,1041688
852566,852566,1041688
853151,853151,1041688
853320,853320,1041688
853607,853607,1041688
854045,854045,1041688
854146,854146,1041688
854613,854613,1041688
854703,854703,1041688
855055,855055,1041688
855080,855080,1041688
855409,855409,1041688
855686,855686,1041688
855794,855794,1041688
855893,855893,1041688
856344,856344,1041688
857727,857727,1041688
857830,857830,1041688
858280,858280,1041688
858281,858281,1041688
858843,858843,1041688
859471,859471,1041688
859823,859823,1041688
859914,859914,1041688
860210,860210,1041688
860274,860274,1041688
860507,860507,1041688
860994,860994,1041688
863030,863030,1041688
863490,863490,1041688
863784,863784,1041688
864017,864017,1041688
865719,865719,1041688
865982,865982,1041688
866344,866344,1041688
866559,866559,1041688
867006,867006,1041688
867188,867188,1041688
867467,867467,1041688
867603,867603,1041688
867673,867673,1041688
867948,867948,1041688
867969,867969,1041688
868053,868053,1041688
869197,869197,1041688
869216,869216,1041688
869236,869236,1041688
869344,869344,1041688
869457,869457,1041688
869857,869857,1041688
870115,870115,1041688
870325,870325,1041688
870703,870703,1041688
870984,870984,1041688
870986,870986,1041688
871068,871068,1041688
871591,871591,1041688
872343,872343,1041688
872351,872351,1041688
872725,872725,1041688
873136,873136,1041688
873300,873300,1041688
873651,873651,1041688
873712,873712,1041688
873962,873962,1041688
873962,873962,1041688
874143,874143,1041688
874678,874678,1041688
875227,875227,1041688
875344,875344,1041688
875984,875984,1041688
876046,876046,1041688
876250,876250,1041688
876470,876470,1041688
876986,876986,1041688
877088,877088,1041688
877268,877268,1041688
877368,877368,1041688
877402,877402,1041688
877704,877704,1041688
877811,877811,1041688
878003,878003,1041688
878326,878326,1041688
878391,878391,1041688
878836,878836,1041688
878836,878836,1041688
879144,879144,1041688
879242,879242,1041688
879350,879350,1041688
879433,879433,1041688
879470,879470,1041688
879534,879534,1041688
880240,880240,1041688
880467,880467,1041688
880716,880716,1041688
880767,880767,1041688
881739,881739,1041688
881761,881761,1041688
881822,881822,1041688
882254,882254,1041688
882395,882395,1041688
882797,882797,1041688
882925,882925,1041688
883112,883112,1041688
883126,883126,1041688
883282,883282,1041688
883522,883522,1041688
883637,883637,1041688
883705,883705,1041688
884108,884108,1041688
884188,884188,1041688
884770,884770,1041688
885154,885154,1041688
885344,885344,1041688
885830,885830,1041688
886087,886087,1041688
886922,886922,1041688
887065,887065,1041688
887326,887326,1041688
887556,887556,1041688
888015,888015,1041688
888162,888162,1041688
888183,888183,1041688
888305,888305,1041688
888332,888332,1041688
888626,888626,1041688
888774,888774,1041688
888912,888912,1041688
889280,889280,1041688
889899,889899,1041688
890320,890320,1041688
890408,890408,1041688
890576,890576,1041688
890723,890723,1041688
890729,890729,1041688
891134,891134,1041688
891380,891380,1041688
891625,891625,1041688
891946,891946,1041688
892034,892034,1041688
892172,892172,1041688
892609,892609,1041688
892677,892677,1041688
892762,892762,1041688
892840,892840,1041688
892963,892963,1041688
893446,893446,1041688
893632,893632,1041688
893840,893840,1041688
893913,893913,1041688
894079,894079,1041688
894105,894105,1041688
894332,894332,1041688
894376,894376,1041688
894620,894620,1041688
894890,894890,1041688
895866,895866,1041688
896168,896168,1041688
896499,896499,1041688
896654,896654,1041688
896891,896891,1041688
897000,897000,1041688
897929,897929,1041688
898111,898111,1041688
898487,898487,1041688
898822,898822,1041688
898897,898897,1041688
898928,898928,1041688
899498,899498,1041688
899992,899992,1041688
900466,900466,1041688
900608,900608,1041688
901071,901071,1041688
901159,901159,1041688
902256,902256,1041688
902336,902336,1041688
903288,903288,1041688
903331,903331,1041688
903664,903664,1041688
903919,903919,1041688
904099,904099,1041688
904224,904224,1041688
904330,904330,1041688
904508,904508,1041688
904694,904694,1041688
904730,904730,1041688
904838,904838,1041688
904984,904984,1041688
905762,905762,1041688
905891,905891,1041688
906003,906003,1041688
906037,906037,1041688
906138,906138,1041688
906320,906320,1041688
906430,906430,1041688
907262,907262,1041688
907361,907361,1041688
907523,907523,1041688
908070,908070,1041688
908155,908155,1041688
908244,908244,1041688
908340,908340,1041688
908474,908474,1041688
909055,909055,1041688
909093,909093,1041688
909176,909176,1041688
909289,909289,1041688
910498,910498,1041688
910660,910660,1041688
910949,910949,1041688
911434,911434,1041688
911761,911761,1041688
911967,911967,1041688
912045,912045,1041688
912133,912133,1041688
912323,912323,1041688
912667,912667,1041688
912856,912856,1041688
912862,912862,1041688
913388,913388,1041688
913395,913395,1041688
913770,913770,1041688
915204,915204,1041688
915204,915204,1041688
915298,915298,1041688
915575,915575,1041688
915583,915583,1041688
915669,915669,1041688
915933,915933,1041688
916015,916015,1041688
916114,916114,1041688
916613,916613,1041688
917449,917449,1041688
917918,917918,1041688
918424,918424,1041688
919817,919817,1041688
919889,919889,1041688
920069,920069,1041688
920085,920085,1041688
920293,920293,1041688
920296,920296,1041688
920474,920474,1041688
920707,920707,1041688
920959,920959,1041688
921011,921011,1041688
921077,921077,1041688
921598,921598,1041688
921609,921609,1041688
921678,921678,1041688
922033,922033,1041688
922216,922216,1041688
922301,922301,1041688
922349,922349,1041688
922446,922446,1041688
922595,922595,1041688
923192,923192,1041688
923887,923887,1041688
923892,923892,1041688
923990,923990,1041688
924034,924034,1041688
924554,924554,1041688
924879,924879,1041688
924944,924944,1041688
925031,925031,1041688
925100,925100,1041688
925159,925159,1041688
925252,925252,1041688
925328,925328,1041688
925437,925437,1041688
925473,925473,1041688
925927,925927,1041688
926290,926290,1041688
926430,926430,1041688
926477,926477,1041688
926894,926894,1041688
927168,927168,1041688
927303,927303,1041688
927643,927643,1041688
927958,927958,1041688
928073,928073,1041688
928979,928979,1041688
929019,929019,1041688
929227,929227,1041688
929318,929318,1041688
929366,929366,1041688
929539,929539,1041688
929588,929588,1041688
930738,930738,1041688
930778,930778,1041688
930799,930799,1041688
930875,930875,1041688
931023,931023,1041688
932049,932049,1041688
932301,932301,1041688
932432,932432,1041688
932526,932526,1041688
932679,932679,1041688
932983,932983,1041688
933604,933604,1041688
933634,933634,1041688
933800,933800,1041688
934252,934252,1041688
934301,934301,1041688
934509,934509,1041688
934714,934714,1041688
934944,934944,1041688
935751,935751,1041688
935924,935924,1041688
936146,936146,1041688
936210,936210,1041688
937148,937148,1041688
937444,937444,1041688
938017,938017,1041688
938200,938200,1041688
938223,938223,1041688
938463,938463,1041688
938841,938841,1041688
939086,939086,1041688
939094,939094,1041688
939098,939098,1041688
939858,939858,1041688
940309,940309,1041688
940420,940420,1041688
940607,940607,1041688
941462,941462,1041688
941694,941694,1041688
941713,941713,1041688
942413,942413,1041688
943139,943139,1041688
943207,943207,1041688
943361,943361,1041688
943905,943905,1041688
944086,944086,1041688
944089,944089,1041688
944539,944539,1041688
944819,944819,1041688
944927,944927,1041688
944949,944949,1041688
945016,945016,1041688
945064,945064,1041688
945213,945213,1041688
945278,945278,1041688
945467,945467,1041688
945474,945474,1041688
945771,945771,1041688
946002,946002,1041688
946030,946030,1041688
946299,946299,1041688
946412,946412,1041688
946435,946435,1041688
947329,947329,1041688
947447,947447,1041688
947502,947502,1041688
947710,947710,1041688
948362,948362,1041688
948938,948938,1041688
949744,949744,1041688
949748,949748,1041688
949831,949831,1041688
950049,950049,1041688
950242,950242,1041688
950745,950745,1041688
950894,950894,1041688
951351,951351,1041688
951355,951355,1041688
951537,951537,1041688
951659,951659,1041688
951753,951753,1041688
951873,951873,1041688
951942,951942,1041688
952080,952080,1041688
952157,952157,1041688
952219,952219,1041688
952767,952767,1041688
953038,953038,1041688
953303,953303,1041688
953445,953445,1041688
954071,954071,1041688
954425,954425,1041688
954490,954490,1041688
954517,954517,1041688
954692,954692,1041688
954849,954849,1041688
954872,954872,1041688
955035,955035,1041688
955373,955373,1041688
955936,955936,1041688
955956,955956,1041688
956188,956188,1041688
956407,956407,1041688
957458,957458,1041688
958089,958089,1041688
958258,958258,1041688
958362,958362,1041688
958379,958379,1041688
958841,958841,1041688
959149,959149,1041688
959215,959215,1041688
959708,959708,1041688
960622,960622,1041688
960722,960722,1041688
960931,960931,1041688
961283,961283,1041688
961523,961523,1041688
961591,961591,1041688
961893,961893,1041688
962025,962025,1041688
962120,962120,1041688
962227,962227,1041688
962284,962284,1041688
962680,962680,1041688
962809,962809,1041688
963136,963136,1041688
963171,963171,1041688
963372,963372,1041688
964856,964856,1041688
965016,965016,1041688
965258,965258,1041688
965542,965542,1041688
966498,966498,1041688
966525,966525,1041688
966809,966809,1041688
967164,967164,1041688
967383,967383,1041688
967775,967775,1041688
968054,968054,1041688
968180,968180,1041688
968218,968218,1041688
968874,968874,1041688
969014,969014,1041688
969904,969904,1041688
969919,969919,1041688
970300,970300,1041688
970325,970325,1041688
970392,970392,1041688
970420,970420,1041688
970937,970937,1041688
971129,971129,1041688
971158,971158,1041688
971462,971462,1041688
971758,971758,1041688
972000,972000,1041688
972317,972317,1041688
972734,972734,1041688
972925,972925,1041688
972949,972949,1041688
972986,972986,1041688
973572,973572,1041688
973679,973679,1041688
973828,973828,1041688
974144,974144,1041688
974741,974741,1041688
975485,975485,1041688
975957,975957,1041688
976350,976350,1041688
976917,976917,1041688
977178,977178,1041688
978055,978055,1041688
978507,978507,1041688
979411,979411,1041688
979633,979633,1041688
980164,980164,1041688
980334,980334,1041688
980800,980800,1041688
981196,981196,1041688
981208,981208,1041688
981306,981306,1041688
981312,981312,1041688
981435,981435,1041688
981446,981446,1041688
981724,981724,1041688
981965,981965,1041688
982024,982024,1041688
982289,982289,1041688
982323,982323,1041688
982756,982756,1041688
982961,982961,1041688
983222,983222,1041688
983318,983318,1041688
983423,983423,1041688
983591,983591,1041688
983810,983810,1041688
983888,983888,1041688
984913,984913,1041688
985018,985018,1041688
985898,985898,1041688
985898,985898,1041688
985949,985949,1041688
986486,986486,1041688
986548,986548,1041688
986782,986782,1041688
986953,986953,1041688
987009,987009,1041688
987602,987602,1041688
987636,987636,1041688
987675,987675,1041688
987871,987871,1041688
987959,987959,1041688
988203,988203,1041688
988212,988212,1041688
989113,989113,1041688
989492,989492,1041688
990160,990160,1041688
990397,990397,1041688
990453,990453,1041688
990470,990470,1041688
990682,990682,1041688
990879,990879,1041688
990949,990949,1041688
991027,991027,1041688
991123,991123,1041688
991179,991179,1041688
991193,991193,1041688
991390,991390,1041688
991693,991693,1041688
991849,991849,1041688
992167,992167,1041688
992304,992304,1041688
992542,992542,1041688
993046,993046,1041688
993344,993344,1041688
993582,993582,1041688
994061,994061,1041688
994201,994201,1041688
994256,994256,1041688
994409,994409,1041688
994802,994802,1041688
994846,994846,1041688
994955,994955,1041688
995356,995356,1041688
995361,995361,1041688
995566,995566,1041688
995587,995587,1041688
995597,995597,1041688
995666,995666,1041688
996377,996377,1041688
996639,996639,1041688
996956,996956,1041688
997054,997054,1041688
997067,997067,1041688
997108,997108,1041688
997201,997201,1041688
998401,998401,1041688
998592,998592,1041688
999233,999233,1041688
999250,999250,1041688
999356,999356,1041688
999527,999527,1041688
999817,999817,1041688
1000571,1000571,1041688
1000572,1000572,1041688
1000857,1000857,1041688
1001180,1001180,1041688
1001214,1001214,1041688
1001590,1001590,1041688
1001712,1001712,1041688
1001905,1001905,1041688
1001990,1001990,1041688
1002108,1002108,1041688
1002131,1002131,1041688
1002180,1002180,1041688
1002546,1002546,1041688
1002871,1002871,1041688
1003274,1003274,1041688
1004245,1004245,1041688
1004377,1004377,1041688
1004681,1004681,1041688
1004849,1004849,1041688
1004953,1004953,1041688
1005119,1005119,1041688
1005704,1005704,1041688
1006274,1006274,1041688
1007005,1007005,1041688
1007071,1007071,1041688
1007422,1007422,1041688
1007909,1007909,1041688
1008226,1008226,1041688
1008325,1008325,1041688
1008487,1008487,1041688
1009110,1009110,1041688
1009718,1009718,1041688
1009738,1009738,1041688
1009872,1009872,1041688
1010039,1010039,1041688
1010485,1010485,1041688
1010708,1010708,1041688
1010769,1010769,1041688
1010917,1010917,1041688
1011789,1011789,1041688
1011940,1011940,1041688
1012312,1012312,1041688
1012635,1012635,1041688
1012636,1012636,1041688
1013171,1013171,1041688
1013172,1013172,1041688
1013175,1013175,1041688
1013354,1013354,1041688
1014281,1014281,1041688
1014469,1014469,1041688
1014922,1014922,1041688
1015123,1015123,1041688
1015332,1015332,1041688
1015415,1015415,1041688
1015470,1015470,1041688
1015496,1015496,1041688
1015677,1015677,1041688
1015874,1015874,1041688
1016223,1016223,1041688
1016292,1016292,1041688
1016799,1016799,1041688
1017238,1017238,1041688
1017375,1017375,1041688
1017849,1017849,1041688
1019010,1019010,1041688
1019166,1019166,1041688
1019173,1019173,1041688
1019549,1019549,1041688
1019758,1019758,1041688
1020080,1020080,1041688
1020080,1020080,1041688
1020086,1020086,1041688
1020431,1020431,1041688
1020544,1020544,1041688
1020722,1020722,1041688
1020806,1020806,1041688
1021156,1021156,1041688
1021177,1021177,1041688
1021547,1021547,1041688
1021594,1021594,1041688
1021862,1021862,1041688
1021961,1021961,1041688
1022010,1022010,1041688
1022247,1022247,1041688
1022658,1022658,1041688
1023026,1023026,1041688
1023073,1023073,1041688
1023198,1023198,1041688
1023407,1023407,1041688
1024312,1024312,1041688
1024389,1024389,1041688
1024634,1024634,1041688
1024850,1024850,1041688
1025196,1025196,1041688
1025729,1025729,1041688
1025918,1025918,1041688
1026051,1026051,1041688
1026111,1026111,1041688
1026849,1026849,1041688
1027026,1027026,1041688
1027089,1027089,1041688
1027315,1027315,1041688
1027572,1027572,1041688
1027704,1027704,1041688
1027948,1027948,1041688
1028069,1028069,1041688
1028095,1028095,1041688
1028534,1028534,1041688
1028539,1028539,1041688
1028783,1028783,1041688
1028884,1028884,1041688
1029182,1029182,1041688
1029187,1029187,1041688
1029221,1029221,1041688
1030486,1030486,1041688
1030706,1030706,1041688
1030760,1030760,1041688
1030932,1030932,1041688
1030979,1030979,1041688
1031087,1031087,1041688
1031098,1031098,1041688
1031203,1031203,1041688
1031471,1031471,1041688
1031529,1031529,1041688
1031593,1031593,1041688
1032503,1032503,1041688
1032924,1032924,1041688
1033035,1033035,1041688
1033483,1033483,1041688
1033525,1033525,1041688
1033718,1033718,1041688
1034043,1034043,1041688
1034060,1034060,1041688
1034120,1034120,1041688
1034260,1034260,1041688
1034923,1034923,1041688
1035328,1035328,1041688
1035561,1035561,1041688
1036587,1036587,1041688
1036744,1036744,1041688
1037164,1037164,1041688
1037517,1037517,1041688
1037974,1037974,1041688
1038004,1038004,1041688
1038055,1038055,1041688
1038078,1038078,1041688
1038537,1038537,1041688
1038609,1038609,1041688
1038733,1038733,1041688
1038818,1038818,1041688
1038968,1038968,1041688
1039320,1039320,1041688
1039327,1039327,1041688
1039379,1039379,1041688
1039415,1039415,1041688
1039532,1039532,1041688
1039596,1039596,1041688
1040704,1040704,1041688
1040838,1040838,1041688
1040858,1040858,1041688
1040934,1040934,1041688
1041644,1041644,1041688
1041758,1041758,2016244
1041801,1041801,2016244
1041879,1041879,2016244
1042070,1042070,2016244
1042351,1042351,2016244
1042354,1042354,2016244
1042359,1042359,2016244
1042389,1042389,2016244
1042724,1042724,2016244
1043036,1043036,2016244
1043198,1043198,2016244
1043545,1043545,2016244
1043789,1043789,2016244
1043929,1043929,2016244
1044251,1044251,2016244
1044259,1044259,2016244
1044391,1044391,2016244
1046050,1046050,2016244
1046410,1046410,2016244
1046777,1046777,2016244
1046854,1046854,2016244
1047131,1047131,2016244
1047252,1047252,2016244
1047577,1047577,2016244
1047818,1047818,2016244
1047824,1047824,2016244
1047836,1047836,2016244
1048120,1048120,2016244
1048156,1048156,2016244
1048220,1048220,2016244
1048478,1048478,2016244
1048683,1048683,2016244
1048734,1048734,2016244
1048906,1048906,2016244
1049154,1049154,2016244
1049950,1049950,2016244
1050039,1050039,2016244
1050081,1050081,2016244
1050245,1050245,2016244
1050246,1050246,2016244
1050256,1050256,2016244
1051257,1051257,2016244
1051349,1051349,2016244
1051391,1051391,2016244
1051562,1051562,2016244
1052484,1052484,2016244
1052823,1052823,2016244
1052857,1052857,2016244
1052877,1052877,2016244
1053374,1053374,2016244
1053686,1053686,2016244
1054145,1054145,2016244
1054681,1054681,2016244
1054912,1054912,2016244
1054937,1054937,2016244
1055056,1055056,2016244
1055561,1055561,2016244
1055721,1055721,2016244
1056089,1056089,2016244
1056195,1056195,2016244
1056217,1056217,2016244
1056397,1056397,2016244
1056566,1056566,2016244
1057115,1057115,2016244
1057292,1057292,2016244
1057384,1057384,2016244
1057387,1057387,2016244
1058155,1058155,2016244
1058693,1058693,2016244
1059054,1059054,2016244
1059067,1059067,2016244
1059259,1059259,2016244
1059572,1059572,2016244
1059854,1059854,2016244
1059894,1059894,2016244
1060045,1060045,2016244
1060046,1060046,2016244
1060201,1060201,2016244
1060377,1060377,2016244
1060383,1060383,2016244
1060652,1060652,2016244
1060701,1060701,2016244
1060721,1060721,2016244
1060786,1060786,2016244
1060869,1060869,2016244
1061291,1061291,2016244
1061437,1061437,2016244
1062415,1062415,2016244
1062446,1062446,2016244
1062947,1062947,2016244
1063163,1063163,2016244
1063554,1063554,2016244
1063728,1063728,2016244
1063903,1063903,2016244
1064070,1064070,2016244
1064272,1064272,2016244
1064525,1064525,2016244
1064587,1064587,2016244
1064792,1064792,2016244
1064869,1064869,2016244
1065433,1065433,2016244
1065536,1065536,2016244
1065703,1065703,2016244
1067109,1067109,2016244
1067353,1067353,2016244
1067448,1067448,2016244
1068115,1068115,2016244
1068233,1068233,2016244
1068344,1068344,2016244
1068471,1068471,2016244
1068723,1068723,2016244
1069025,1069025,2016244
1069123,1069123,2016244
1069172,1069172,2016244
1069191,1069191,2016244
1069381,1069381,2016244
1069614,1069614,2016244
1069727,1069727,2016244
1070151,1070151,2016244
1070613,1070613,2016244
1070986,1070986,2016244
1071081,1071081,2016244
1071229,1071229,2016244
1072369,1072369,2016244
1072380,1072380,2016244
1072810,1072810,2016244
1072897,1072897,2016244
1073116,1073116,2016244
1073223,1073223,2016244
1073561,1073561,2016244
1073620,1073620,2016244
1074143,1074143,2016244
1074354,1074354,2016244
1074387,1074387,2016244
1074428,1074428,2016244
1074495,1074495,2016244
1074803,1074803,2016244
1074967,1074967,2016244
1075494,1075494,2016244
1075527,1075527,2016244
1075986,1075986,2016244
1076191,1076191,2016244
1076800,1076800,2016244
1077401,1077401,2016244
1077597,1077597,2016244
1077774,1077774,2016244
1077817,1077817,2016244
1077867,1077867,2016244
1078279,1078279,2016244
1078862,1078862,2016244
1079094,1079094,2016244
1079162,1079162,2016244
1079496,1079496,2016244
1079610,1079610,2016244
1080073,1080073,2016244
1080249,1080249,2016244
1080315,1080315,2016244
1080845,1080845,2016244
1080897,1080897,2016244
1080935,1080935,2016244
1081451,1081451,2016244
1081703,1081703,2016244
1081955,1081955,2016244
1083061,1083061,2016244
1083123,1083123,2016244
1083249,1083249,2016244
1083389,1083389,2016244
1083679,1083679,2016244
1084075,1084075,2016244
1084153,1084153,2016244
1084222,1084222,2016244
1084273,1084273,2016244
1084331,1084331,2016244
1084497,1084497,2016244
1084665,1084665,2016244
1084721,1084721,2016244
1084771,1084771,2016244
1084832,1084832,2016244
1084896,1084896,2016244
1085075,1085075,2016244
1085360,1085360,2016244
1085626,1085626,2016244
1085643,1085643,2016244
1085744,1085744,2016244
1085751,1085751,2016244
1086382,1086382,2016244
1086386,1086386,2016244
1086421,1086421,2016244
1087456,1087456,2016244
1087848,1087848,2016244
1087869,1087869,2016244
1087981,1087981,2016244
1088019,1088019,2016244
1088343,1088343,2016244
1088884,1088884,2016244
1088913,1088913,2016244
1089623,1089623,2016244
1090045,1090045,2016244
1090446,1090446,2016244
1090567,1090567,2016244
1090576,1090576,2016244
1091163,1091163,2016244
1091313,1091313,2016244
1091398,1091398,2016244
1091481,1091481,2016244
1091617,1091617,2016244
1091674,1091674,2016244
1092670,1092670,2016244
1093263,1093263,2016244
1093406,1093406,2016244
1093406,1093406,2016244
1093470,1093470,2016244
1093532,1093532,2016244
1094359,1094359,2016244
1095244,1095244,2016244
1096034,1096034,2016244
1096293,1096293,2016244
1096379,1096379,2016244
1096755,1096755,2016244
1096999,1096999,2016244
1097011,1097011,2016244
1097130,1097130,2016244
1097764,1097764,2016244
1098050,1098050,2016244
1098429,1098429,2016244
1098480,1098480,2016244
1098486,1098486,2016244
1098695,1098695,2016244
1098870,1098870,2016244
1099210,1099210,2016244
1099395,1099395,2016244
1099568,1099568,2016244
1100251,1100251,2016244
1100411,1100411,2016244
1100478,1100478,2016244
1101318,1101318,2016244
1101400,1101400,2016244
1101451,1101451,2016244
1101750,1101750,2016244
1101972,1101972,2016244
1101991,1101991,2016244
1102053,1102053,2016244
1102502,1102502,2016244
1102979,1102979,2016244
1103167,1103167,2016244
1103888,1103888,2016244
1103964,1103964,2016244
1104511,1104511,2016244
1104631,1104631,2016244
1104948,1104948,2016244
1105577,1105577,2016244
1106320,1106320,2016244
1106417,1106417,2016244
1106771,1106771,2016244
1107063,1107063,2016244
1107873,1107873,2016244
1108164,1108164,2016244
1108171,1108171,2016244
1108459,1108459,2016244
1108577,1108577,2016244
1108596,1108596,2016244
1109014,1109014,2016244
1109402,1109402,2016244
1109437,1109437,2016244
1109866,1109866,2016244
1111187,1111187,2016244
1111277,1111277,2016244
1112251,1112251,2016244
1112464,1112464,2016244
1112506,1112506,2016244
1112584,1112584,2016244
1112681,1112681,2016244
1112846,1112846,2016244
1113352,1113352,2016244
1113596,1113596,2016244
1114169,1114169,2016244
1114485,1114485,2016244
1114749,1114749,2016244
1115309,1115309,2016244
1115415,1115415,2016244
1116000,1116000,2016244
1116759,1116759,2016244
1116827,1116827,2016244
1117177,1117177,2016244
1117246,1117246,2016244
1117561,1117561,2016244
1117693,1117693,2016244
1117697,1117697,2016244
1117948,1117948,2016244
1118160,1118160,2016244
1118533,1118533,2016244
1118622,1118622,2016244
1118927,1118927,2016244
1119396,1119396,2016244
1119420,1119420,2016244
1119695,1119695,2016244
1119718,1119718,2016244
1119940,1119940,2016244
1120741,1120741,2016244
1120839,1120839,2016244
1121141,1121141,2016244
1121228,1121228,2016244
1121386,1121386,2016244
1121607,1121607,2016244
1121639,1121639,2016244
1121836,1121836,2016244
1121970,1121970,2016244
1122150,1122150,2016244
1122654,1122654,2016244
1122729,1122729,2016244
1123150,1123150,2016244
1123188,1123188,2016244
1123601,1123601,2016244
1123639,1123639,2016244
1123686,1123686,2016244
1124009,1124009,2016244
1124038,1124038,2016244
1124050,1124050,2016244
1124150,1124150,2016244
1124428,1124428,2016244
1124563,1124563,2016244
1125047,1125047,2016244
1125142,1125142,2016244
1125331,1125331,2016244
1125953,1125953,2016244
1126198,1126198,2016244
1126431,1126431,2016244
1126779,1126779,2016244
1126830,1126830,2016244
1127198,1127198,2016244
1127247,1127247,2016244
1127292,1127292,2016244
1127357,1127357,2016244
1127447,1127447,2016244
1127989,1127989,2016244
1128434,1128434,2016244
1128738,1128738,2016244
1128935,1128935,2016244
1129509,1129509,2016244
1129686,1129686,2016244
1129767,1129767,2016244
1129793,1129793,2016244
1129826,1129826,2016244
1129887,1129887,2016244
1129906,1129906,2016244
1130347,1130347,2016244
1130448,1130448,2016244
1130468,1130468,2016244
1130521,1130521,2016244
1130674,1130674,2016244
1130730,1130730,2016244
1130791,1130791,2016244
1131006,1131006,2016244
1131055,1131055,2016244
1131342,1131342,2016244
1131431,1131431,2016244
1131689,1131689,2016244
1132198,1132198,2016244
1132769,1132769,2016244
1133394,1133394,2016244
1133669,1133669,2016244
1133739,1133739,2016244
1133784,1133784,2016244
1134138,1134138,2016244
1134300,1134300,2016244
1134369,1134369,2016244
1134420,1134420,2016244
1134431,1134431,2016244
1134577,1134577,2016244
1134957,1134957,2016244
1135298,1135298,2016244
1135603,1135603,2016244
1135874,1135874,2016244
1136028,1136028,2016244
1136066,1136066,2016244
1136488,1136488,2016244
1136755,1136755,2016244
1137137,1137137,2016244
1137194,1137194,2016244
1137370,1137370,2016244
1137389,1137389,2016244
1137941,1137941,2016244
1138103,1138103,2016244
1138209,1138209,2016244
1138383,1138383,2016244
1138567,1138567,2016244
1139810,1139810,2016244
1139849,1139849,2016244
1140329,1140329,2016244
1140369,1140369,2016244
1140387,1140387,2016244
1140448,1140448,2016244
1140480,1140480,2016244
1140633,1140633,2016244
1140687,1140687,2016244
1141124,1141124,2016244
1141520,1141520,2016244
1141636,1141636,2016244
1141794,1141794,2016244
1142027,1142027,2016244
1142631,1142631,2016244
1142665,1142665,2016244
1142969,1142969,2016244
1143035,1143035,2016244
1143161,1143161,2016244
1143247,1143247,2016244
1143834,1143834,2016244
1143923,1143923,2016244
1144667,1144667,2016244
1144999,1144999,2016244
1145799,1145799,2016244
1146078,1146078,2016244
1146137,1146137,2016244
1146208,1146208,2016244
1146247,1146247,2016244
1146275,1146275,2016244
1146317,1146317,2016244
1146335,1146335,2016244
1146997,1146997,2016244
1147044,1147044,2016244
1147092,1147092,2016244
1147305,1147305,2016244
1147415,1147415,2016244
1147864,1147864,2016244
1148135,1148135,2016244
1148373,1148373,2016244
1148597,1148597,2016244
1149615,1149615,2016244
1149670,1149670,2016244
1149812,1149812,2016244
1150290,1150290,2016244
1150428,1150428,2016244
1150510,1150510,2016244
1150514,1150514,2016244
1151337,1151337,2016244
1151551,1151551,2016244
1151641,1151641,2016244
1151789,1151789,2016244
1151810,1151810,2016244
1151963,1151963,2016244
1152065,1152065,2016244
1152214,1152214,2016244
1152846,1152846,2016244
1153897,1153897,2016244
1153980,1153980,2016244
1154041,1154041,2016244
1154668,1154668,2016244
1155079,1155079,2016244
1155303,1155303,2016244
1155537,1155537,2016244
1155679,1155679,2016244
1156064,1156064,2016244
1156159,1156159,2016244
1156712,1156712,2016244
1156725,1156725,2016244
1156779,1156779,2016244
1156868,1156868,2016244
1157065,1157065,2016244
1157180,1157180,2016244
1157484,1157484,2016244
1158198,1158198,2016244
1158222,1158222,2016244
1158273,1158273,2016244
1158585,1158585,2016244
1158917,1158917,2016244
1158925,1158925,2016244
1159459,1159459,2016244
1159873,1159873,2016244
1160078,1160078,2016244
1160634,1160634,2016244
1160671,1160671,2016244
1161011,1161011,2016244
1161269,1161269,2016244
1161303,1161303,2016244
1161352,1161352,2016244
1161951,1161951,2016244
1161979,1161979,2016244
1162143,1162143,2016244
1162179,1162179,2016244
1162258,1162258,2016244
1162390,1162390,2016244
1162423,1162423,2016244
1162479,1162479,2016244
1162569,1162569,2016244
1162590,1162590,2016244
1163099,1163099,2016244
1163161,1163161,2016244
1163596,1163596,2016244
1163976,1163976,2016244
1164334,1164334,2016244
1165131,1165131,2016244
1165132,1165132,2016244
1165176,1165176,2016244
1165240,1165240,2016244
1165963,1165963,2016244
1166398,1166398,2016244
1166517,1166517,2016244
1166691,1166691,2016244
1166715,1166715,2016244
1167140,1167140,2016244
1167489,1167489,2016244
1167622,1167622,2016244
1168438,1168438,2016244
1168659,1168659,2016244
1168968,1168968,2016244
1169018,1169018,2016244
1169328,1169328,2016244
1169562,1169562,2016244
1169612,1169612,2016244
1169730,1169730,2016244
1169796,1169796,2016244
1170031,1170031,2016244
1170037,1170037,2016244
1170374,1170374,2016244
1170522,1170522,2016244
1170856,1170856,2016244
1170998,1170998,2016244
1171106,1171106,2016244
1171282,1171282,2016244
1171316,1171316,2016244
1171420,1171420,2016244
1171420,1171420,2016244
1171671,1171671,2016244
1171816,1171816,2016244
1172077,1172077,2016244
1172578,1172578,2016244
1172747,1172747,2016244
1172772,1172772,2016244
1172818,1172818,2016244
1172880,1172880,2016244
1172932,1172932,2016244
1173211,1173211,2016244
1173641,1173641,2016244
1173667,1173667,2016244
1174000,1174000,2016244
1174475,1174475,2016244
1174951,1174951,2016244
1175083,1175083,2016244
1175259,1175259,2016244
1175497,1175497,2016244
1175574,1175574,2016244
1175890,1175890,2016244
1176680,1176680,2016244
1177113,1177113,2016244
1177619,1177619,2016244
1177880,1177880,2016244
1178002,1178002,2016244
1178587,1178587,2016244
1178819,1178819,2016244
1178872,1178872,2016244
1179255,1179255,2016244
1179513,1179513,2016244
1180290,1180290,2016244
1180372,1180372,2016244
1180658,1180658,2016244
1180756,1180756,2016244
1180900,1180900,2016244
1181248,1181248,2016244
1181354,1181354,2016244
1181564,1181564,2016244
1181611,1181611,2016244
1181932,1181932,2016244
1182026,1182026,2016244
1182276,1182276,2016244
1182304,1182304,2016244
1182475,1182475,2016244
1182690,1182690,2016244
1182851,1182851,2016244
1182931,1182931,2016244
1183045,1183045,2016244
1183227,1183227,2016244
1183879,1183879,2016244
1183886,1183886,2016244
1184361,1184361,2016244
1184546,1184546,2016244
1184566,1184566,2016244
1184687,1184687,2016244
1185231,1185231,2016244
1185291,1185291,2016244
1185383,1185383,2016244
1185384,1185384,2016244
1185517,1185517,2016244
1185788,1185788,2016244
1185866,1185866,2016244
1186123,1186123,2016244
1186841,1186841,2016244
1187309,1187309,2016244
1187959,1187959,2016244
1188039,1188039,2016244
1188164,1188164,2016244
1188358,1188358,2016244
1188371,1188371,2016244
1188527,1188527,2016244
1188919,1188919,2016244
1189129,1189129,2016244
1189151,1189151,2016244
1189305,1189305,2016244
1189493,1189493,2016244
1189610,1189610,2016244
1190107,1190107,2016244
1190615,1190615,2016244
1190644,1190644,2016244
1190855,1190855,2016244
1191158,1191158,2016244
1191339,1191339,2016244
1191383,1191383,2016244
1191941,1191941,2016244
1192196,1192196,2016244
1192595,1192595,2016244
1192668,1192668,2016244
1192862,1192862,2016244
1192874,1192874,2016244
1193675,1193675,2016244
1193997,1193997,2016244
1194557,1194557,2016244
1194698,1194698,2016244
1194950,1194950,2016244
1195088,1195088,2016244
1195758,1195758,2016244
1195765,1195765,2016244
1196181,1196181,2016244
1196901,1196901,2016244
1197436,1197436,2016244
1197446,1197446,2016244
1197729,1197729,2016244
1198037,1198037,2016244
1198540,1198540,2016244
1199284,1199284,2016244
1199307,1199307,2016244
1199926,1199926,2016244
1200181,1200181,2016244
1200665,1200665,2016244
1200893,1200893,2016244
1200995,1200995,2016244
1201229,1201229,2016244
1201359,1201359,2016244
1201396,1201396,2016244
1201820,1201820,2016244
1202279,1202279,2016244
1202299,1202299,2016244
1202742,1202742,2016244
1203001,1203001,2016244
1203310,1203310,2016244
1204088,1204088,2016244
1204235,1204235,2016244
1204260,1204260,2016244
1204474,1204474,2016244
1204907,1204907,2016244
1205112,1205112,2016244
1205514,1205514,2016244
1205750,1205750,2016244
1206008,1206008,2016244
1206087,1206087,2016244
1206141,1206141,2016244
1206509,1206509,2016244
1206762,1206762,2016244
1206883,1206883,2016244
1207115,1207115,2016244
1207119,1207119,2016244
1207128,1207128,2016244
1207310,1207310,2016244
1207855,1207855,2016244
1208296,1208296,2016244
1208393,1208393,2016244
1208605,1208605,2016244
1208683,1208683,2016244
1208991,1208991,2016244
1209400,1209400,2016244
1209466,1209466,2016244
1209578,1209578,2016244
1209778,1209778,2016244
1209779,1209779,2016244
1209784,1209784,2016244
1210164,1210164,2016244
1210205,1210205,2016244
1210603,1210603,2016244
1210960,1210960,2016244
1211094,1211094,2016244
1211254,1211254,2016244
1211496,1211496,2016244
1211756,1211756,2016244
1211765,1211765,2016244
1211797,1211797,2016244
1212229,1212229,2016244
1212307,1212307,2016244
1212446,1212446,2016244
1212511,1212511,2016244
1212660,1212660,2016244
1212764,1212764,2016244
1212951,1212951,2016244
1213167,1213167,2016244
1213887,1213887,2016244
1214909,1214909,2016244
1215539,1215539,2016244
1215742,1215742,2016244
1215898,1215898,2016244
1216068,1216068,2016244
1216161,1216161,2016244
1216198,1216198,2016244
1216210,1216210,2016244
1216238,1216238,2016244
1216319,1216319,2016244
1216380,1216380,2016244
1216453,1216453,2016244
1216608,1216608,2016244
1216633,1216633,2016244
1216660,1216660,2016244
1216714,1216714,2016244
1217885,1217885,2016244
1218220,1218220,2016244
1218783,1218783,2016244
1218809,1218809,2016244
1218861,1218861,2016244
1219143,1219143,2016244
1219187,1219187,2016244
1219253,1219253,2016244
1219414,1219414,2016244
1219450,1219450,2016244
1219761,1219761,2016244
1220074,1220074,2016244
1220715,1220715,2016244
1221083,1221083,2016244
1221111,1221111,2016244
1221395,1221395,2016244
1221663,1221663,2016244
1221819,1221819,2016244
1222197,1222197,2016244
1222230,1222230,2016244
1223091,1223091,2016244
1223172,1223172,2016244
1223533,1223533,2016244
1224080,1224080,2016244
1224158,1224158,2016244
1224278,1224278,2016244
1224598,1224598,2016244
1224842,1224842,2016244
1224847,1224847,2016244
1224947,1224947,2016244
1225009,1225009,2016244
1225155,1225155,2016244
1225415,1225415,2016244
1225776,1225776,2016244
1225970,1225970,2016244
1226267,1226267,2016244
1226700,1226700,2016244
1228250,1228250,2016244
1228304,1228304,2016244
1228346,1228346,2016244
1228436,1228436,2016244
1228466,1228466,2016244
1228739,1228739,2016244
1229426,1229426,2016244
1230177,1230177,2016244
1230401,1230401,2016244
1230549,1230549,2016244
1230676,1230676,2016244
1230712,1230712,2016244
1231669,1231669,2016244
1231777,1231777,2016244
1231937,1231937,2016244
1231997,1231997,2016244
1232092,1232092,2016244
1232461,1232461,2016244
1232788,1232788,2016244
1232847,1232847,2016244
1232946,1232946,2016244
1233052,1233052,2016244
1233144,1233144,2016244
1233632,1233632,2016244
1233683,1233683,2016244
1233721,1233721,2016244
1233833,1233833,2016244
1233854,1233854,2016244
1234437,1234437,2016244
1234754,1234754,2016244
1235013,1235013,2016244
1235160,1235160,2016244
1235357,1235357,2016244
1235456,1235456,2016244
1235486,1235486,2016244
1235545,1235545,2016244
1235551,1235551,2016244
1235960,1235960,2016244
1236047,1236047,2016244
1236315,1236315,2016244
1237164,1237164,2016244
1237248,1237248,2016244
1237414,1237414,2016244
1237779,1237779,2016244
1237969,1237969,2016244
1238306,1238306,2016244
1238753,1238753,2016244
1239029,1239029,2016244
1239242,1239242,2016244
1239571,1239571,2016244
1239723,1239723,2016244
1239780,1239780,2016244
1240199,1240199,2016244
1240397,1240397,2016244
1240685,1240685,2016244
1240877,1240877,2016244
1241077,1241077,2016244
1241224,1241224,2016244
1241247,1241247,2016244
1241337,1241337,2016244
1241402,1241402,2016244
1241402,1241402,2016244
1241665,1241665,2016244
1241902,1241902,2016244
1242235,1242235,2016244
1242332,1242332,2016244
1242453,1242453,2016244
1242505,1242505,2016244
1243084,1243084,2016244
1243867,1243867,2016244
1244057,1244057,2016244
1244323,1244323,2016244
1244432,1244432,2016244
1245144,1245144,2016244
1245144,1245144,2016244
1245246,1245246,2016244
1245431,1245431,2016244
1245520,1245520,2016244
1245677,1245677,2016244
1245964,1245964,2016244
1246040,1246040,2016244
1246441,1246441,2016244
1246644,1246644,2016244
1246777,1246777,2016244
1247303,1247303,2016244
1247563,1247563,2016244
1247617,1247617,2016244
1247842,1247842,2016244
1247866,1247866,2016244
1247869,1247869,2016244
1248404,1248404,2016244
1248602,1248602,2016244
1249007,1249007,2016244
1249192,1249192,2016244
1249406,1249406,2016244
1250061,1250061,2016244
1250266,1250266,2016244
1250325,1250325,2016244
1250556,1250556,2016244
1250712,1250712,2016244
1250755,1250755,2016244
1251200,1251200,2016244
1251676,1251676,2016244
1252594,1252594,2016244
1253036,1253036,2016244
1253043,1253043,2016244
1253295,1253295,2016244
1253778,1253778,2016244
1254119,1254119,2016244
1254378,1254378,2016244
1254701,1254701,2016244
1255101,1255101,2016244
1255163,1255163,2016244
1255972,1255972,2016244
1255983,1255983,2016244
1256066,1256066,2016244
1256158,1256158,2016244
1257046,1257046,2016244
1257736,1257736,2016244
1258847,1258847,2016244
1259133,1259133,2016244
1259390,1259390,2016244
1259606,1259606,2016244
1259664,1259664,2016244
1259750,1259750,2016244
1259807,1259807,2016244
1259858,1259858,2016244
1260274,1260274,2016244
1260499,1260499,2016244
1260628,1260628,2016244
1261334,1261334,2016244
1261355,1261355,2016244
1261433,1261433,2016244
1261601,1261601,2016244
1261829,1261829,2016244
1262342,1262342,2016244
1262362,1262362,2016244
1262395,1262395,2016244
1262795,1262795,2016244
1263077,1263077,2016244
1263718,1263718,2016244
1263840,1263840,2016244
1263865,1263865,2016244
1263928,1263928,2016244
1264155,1264155,2016244
1264276,1264276,2016244
1264398,1264398,2016244
1265282,1265282,2016244
1265294,1265294,2016244
1265665,1265665,2016244
1265778,1265778,2016244
1266181,1266181,2016244
1266663,1266663,2016244
1266678,1266678,2016244
1267218,1267218,2016244
1267730,1267730,2016244
1268022,1268022,2016244
1268141,1268141,2016244
1268396,1268396,2016244
1268594,1268594,2016244
1268763,1268763,2016244
1268906,1268906,2016244
1268956,1268956,2016244
1270330,1270330,2016244
1270401,1270401,2016244
1270435,1270435,2016244
1270728,1270728,2016244
1271375,1271375,2016244
1271801,1271801,2016244
1271831,1271831,2016244
1272026,1272026,2016244
1272278,1272278,2016244
1272339,1272339,2016244
1273694,1273694,2016244
1274375,1274375,2016244
1274657,1274657,2016244
1274802,1274802,2016244
1275119,1275119,2016244
1275614,1275614,2016244
1275822,1275822,2016244
1275933,1275933,2016244
1276091,1276091,2016244
1276145,1276145,2016244
1277177,1277177,2016244
1277659,1277659,2016244
1277755,1277755,2016244
1277786,1277786,2016244
1277921,1277921,2016244
1278493,1278493,2016244
1278574,1278574,2016244
1278655,1278655,2016244
1278868,1278868,2016244
1278951,1278951,2016244
1279145,1279145,2016244
1279399,1279399,2016244
1279450,1279450,2016244
1279689,1279689,2016244
1279827,1279827,2016244
1280059,1280059,2016244
1280060,1280060,2016244
1280070,1280070,2016244
1280497,1280497,2016244
1280531,1280531,2016244
1280772,1280772,2016244
1280880,1280880,2016244
1281025,1281025,2016244
1281153,1281153,2016244
1281397,1281397,2016244
1281693,1281693,2016244
1281782,1281782,2016244
1281837,1281837,2016244
1282207,1282207,2016244
1282578,1282578,2016244
1282784,1282784,2016244
1283847,1283847,2016244
1284186,1284186,2016244
1284283,1284283,2016244
1284293,1284293,2016244
1284569,1284569,2016244
1285115,1285115,2016244
1285116,1285116,2016244
1285118,1285118,2016244
1285158,1285158,2016244
1285570,1285570,2016244
1285668,1285668,2016244
1286421,1286421,2016244
1286497,1286497,2016244
1286564,1286564,2016244
1287461,1287461,2016244
1287531,1287531,2016244
1287625,1287625,2016244
1287837,1287837,2016244
1288042,1288042,2016244
1288298,1288298,2016244
1288662,1288662,2016244
1289002,1289002,2016244
1289040,1289040,2016244
1289966,1289966,2016244
1290032,1290032,2016244
1290089,1290089,2016244
1290277,1290277,2016244
1290318,1290318,2016244
1290491,1290491,2016244
1290872,1290872,2016244
1291038,1291038,2016244
1291337,1291337,2016244
1291714,1291714,2016244
1292228,1292228,2016244
1292523,1292523,2016244
1293395,1293395,2016244
1293454,1293454,2016244
1293821,1293821,2016244
1293888,1293888,2016244
1293968,1293968,2016244
1294470,1294470,2016244
1294488,1294488,2016244
1294494,1294494,2016244
1294913,1294913,2016244
1295107,1295107,2016244
1295221,1295221,2016244
1296429,1296429,2016244
1296576,1296576,2016244
1296664,1296664,2016244
1296737,1296737,2016244
1296808,1296808,2016244
1297013,1297013,2016244
1297133,1297133,2016244
1297464,1297464,2016244
1297516,1297516,2016244
1297961,1297961,2016244
1298193,1298193,2016244
1298666,1298666,2016244
1299123,1299123,2016244
1299265,1299265,2016244
1299447,1299447,2016244
1299515,1299515,2016244
1299727,1299727,2016244
1299987,1299987,2016244
1300048,1300048,2016244
1300073,1300073,2016244
1300482,1300482,2016244
1300690,1300690,2016244
1301118,1301118,2016244
1302684,1302684,2016244
1303154,1303154,2016244
1303451,1303451,2016244
1304005,1304005,2016244
1304186,1304186,2016244
1304213,1304213,2016244
1304376,1304376,2016244
1304428,1304428,2016244
1305186,1305186,2016244
1305440,1305440,2016244
1305829,1305829,2016244
1305862,1305862,2016244
1305884,1305884,2016244
1306318,1306318,2016244
1306463,1306463,2016244
1306515,1306515,2016244
1306866,1306866,2016244
1307047,1307047,2016244
1307113,1307113,2016244
1307363,1307363,2016244
1307495,1307495,2016244
1307557,1307557,2016244
1307744,1307744,2016244
1308013,1308013,2016244
1308366,1308366,2016244
1308369,1308369,2016244
1308520,1308520,2016244
1308603,1308603,2016244
1308926,1308926,2016244
1308939,1308939,2016244
1309166,1309166,2016244
1309676,1309676,2016244
1309723,1309723,2016244
1311000,1311000,2016244
1311324,1311324,2016244
1311398,1311398,2016244
1311502,1311502,2016244
1311504,1311504,2016244
1312110,1312110,2016244
1312314,1312314,2016244
1312355,1312355,2016244
1312385,1312385,2016244
1312485,1312485,2016244
1312497,1312497,2016244
1312600,1312600,2016244
1312686,1312686,2016244
1312939,1312939,2016244
1313077,1313077,2016244
1313162,1313162,2016244
1313373,1313373,2016244
1313486,1313486,2016244
1313671,1313671,2016244
1313764,1313764,2016244
1313922,1313922,2016244
1313981,1313981,2016244
1314332,1314332,2016244
1314814,1314814,2016244
1314897,1314897,2016244
1315095,1315095,2016244
1315125,1315125,2016244
1315873,1315873,2016244
1316179,1316179,2016244
1316214,1316214,2016244
1316323,1316323,2016244
1316460,1316460,2016244
1316530,1316530,2016244
1316956,1316956,2016244
1316969,1316969,2016244
1317357,1317357,2016244
1317387,1317387,2016244
1317565,1317565,2016244
1317576,1317576,2016244
1317932,1317932,2016244
1318618,1318618,2016244
1319054,1319054,2016244
1319086,1319086,2016244
1319682,1319682,2016244
1319698,1319698,2016244
1320002,1320002,2016244
1320350,1320350,2016244
1320647,1320647,2016244
1320830,1320830,2016244
1321140,1321140,2016244
1321516,1321516,2016244
1321814,1321814,2016244
1322652,1322652,2016244
1322882,1322882,2016244
1322982,1322982,2016244
1322994,1322994,2016244
1323637,1323637,2016244
1324031,1324031,2016244
1324858,1324858,2016244
1324959,1324959,2016244
1325238,1325238,2016244
1325438,1325438,2016244
1325774,1325774,2016244
1325884,1325884,2016244
1325910,1325910,2016244
1325979,1325979,2016244
1326112,1326112,2016244
1326213,1326213,2016244
1326670,1326670,2016244
1326752,1326752,2016244
1326854,1326854,2016244
1327473,1327473,2016244
1327920,1327920,2016244
1328153,1328153,2016244
1328311,1328311,2016244
1329188,1329188,2016244
1329305,1329305,2016244
1329337,1329337,2016244
1329641,1329641,2016244
1329668,1329668,2016244
1330117,1330117,2016244
1330241,1330241,2016244
1330308,1330308,2016244
1330313,1330313,2016244
1330336,1330336,2016244
1330376,1330376,2016244
1330427,1330427,2016244
1330787,1330787,2016244
1330814,1330814,2016244
1330995,1330995,2016244
1331156,1331156,2016244
1331435,1331435,2016244
1331625,1331625,2016244
1331734,1331734,2016244
1332113,1332113,2016244
1332304,1332304,2016244
1332335,1332335,2016244
1332375,1332375,2016244
1332425,1332425,2016244
1332882,1332882,2016244
1333560,1333560,2016244
1333678,1333678,2016244
1334092,1334092,2016244
1334321,1334321,2016244
1334566,1334566,2016244
1334704,1334704,2016244
1334859,1334859,2016244
1335031,1335031,2016244
1335281,1335281,2016244
1335379,1335379,2016244
1335432,1335432,2016244
1335618,1335618,2016244
1335742,1335742,2016244
1336308,1336308,2016244
1336361,1336361,2016244
1336840,1336840,2016244
1336905,1336905,2016244
1337407,1337407,2016244
1337825,1337825,2016244
1337977,1337977,2016244
1338230,1338230,2016244
1338727,1338727,2016244
1338894,1338894,2016244
1339082,1339082,2016244
1339298,1339298,2016244
1339370,1339370,2016244
1339570,1339570,2016244
1339695,1339695,2016244
1339736,1339736,2016244
1340401,1340401,2016244
1340414,1340414,2016244
1341070,1341070,2016244
1341351,1341351,2016244
1341743,1341743,2016244
1341877,1341877,2016244
1342089,1342089,2016244
1342285,1342285,2016244
1342416,1342416,2016244
1342434,1342434,2016244
1342970,1342970,2016244
1343340,1343340,2016244
1343437,1343437,2016244
1343461,1343461,2016244
1343533,1343533,2016244
1343890,1343890,2016244
1344470,1344470,2016244
1344581,1344581,2016244
1344751,1344751,2016244
1345229,1345229,2016244
1345252,1345252,2016244
1345439,1345439,2016244
1346008,1346008,2016244
1346479,1346479,2016244
1346536,1346536,2016244
1346814,1346814,2016244
1346987,1346987,2016244
1347138,1347138,2016244
1347197,1347197,2016244
1347292,1347292,2016244
1347334,1347334,2016244
1347346,1347346,2016244
1347984,1347984,2016244
1348100,1348100,2016244
1348399,1348399,2016244
1348628,1348628,2016244
1348754,1348754,2016244
1348925,1348925,2016244
1348937,1348937,2016244
1349404,1349404,2016244
1349911,1349911,2016244
1350136,1350136,2016244
1350738,1350738,2016244
1351472,1351472,2016244
1351583,1351583,2016244
1351673,1351673,2016244
1351892,1351892,2016244
1351969,1351969,2016244
1352547,1352547,2016244
1353469,1353469,2016244
1353962,1353962,2016244
1354153,1354153,2016244
1354414,1354414,2016244
1354492,1354492,2016244
1355106,1355106,2016244
1355178,1355178,2016244
1355359,1355359,2016244
1355741,1355741,2016244
1355911,1355911,2016244
1356026,1356026,2016244
1356701,1356701,2016244
1356707,1356707,2016244
1357057,1357057,2016244
1357269,1357269,2016244
1357574,1357574,2016244
1357651,1357651,2016244
1357865,1357865,2016244
1358694,1358694,2016244
1359361,1359361,2016244
1359606,1359606,2016244
1359627,1359627,2016244
1360266,1360266,2016244
1360408,1360408,2016244
1360677,1360677,2016244
1360749,1360749,2016244
1360977,1360977,2016244
1361105,1361105,2016244
1361205,1361205,2016244
1361285,1361285,2016244
1361616,1361616,2016244
1361943,1361943,2016244
1361991,1361991,2016244
1362065,1362065,2016244
1362139,1362139,2016244
1362164,1362164,2016244
1362203,1362203,2016244
1362536,1362536,2016244
1362719,1362719,2016244
1363225,1363225,2016244
1363272,1363272,2016244
1363298,1363298,2016244
1363521,1363521,2016244
1363577,1363577,2016244
1363625,1363625,2016244
1363704,1363704,2016244
1364059,1364059,2016244
1364101,1364101,2016244
1364483,1364483,2016244
1364524,1364524,2016244
1364724,1364724,2016244
1364998,1364998,2016244
1365824,1365824,2016244
1366033,1366033,2016244
1366091,1366091,2016244
1366174,1366174,2016244
1366229,1366229,2016244
1366353,1366353,2016244
1366981,1366981,2016244
1367058,1367058,2016244
1367276,1367276,2016244
1367447,1367447,2016244
1367741,1367741,2016244
1367882,1367882,2016244
1368056,1368056,2016244
1368173,1368173,2016244
1368534,1368534,2016244
1368735,1368735,2016244
1368824,1368824,2016244
1368895,1368895,2016244
1369170,1369170,2016244
1369300,1369300,2016244
1369509,1369509,2016244
1369647,1369647,2016244
1370054,1370054,2016244
1370056,1370056,2016244
1370254,1370254,2016244
1370573,1370573,2016244
1370635,1370635,2016244
1370642,1370642,2016244
1370722,1370722,2016244
1370793,1370793,2016244
1370822,1370822,2016244
1371136,1371136,2016244
1371629,1371629,2016244
1372061,1372061,2016244
1372554,1372554,2016244
1372940,1372940,2016244
1373112,1373112,2016244
1373900,1373900,2016244
1373979,1373979,2016244
1374039,1374039,2016244
1374104,1374104,2016244
1374202,1374202,2016244
1374304,1374304,2016244
1374382,1374382,2016244
1374646,1374646,2016244
1374697,1374697,2016244
1375264,1375264,2016244
1375369,1375369,2016244
1375614,1375614,2016244
1375675,1375675,2016244
1375780,1375780,2016244
1375905,1375905,2016244
1376177,1376177,2016244
1376372,1376372,2016244
1376621,1376621,2016244
1376822,1376822,2016244
1376939,1376939,2016244
1376960,1376960,2016244
1377024,1377024,2016244
1377052,1377052,2016244
1377074,1377074,2016244
1377310,1377310,2016244
1377510,1377510,2016244
1377738,1377738,2016244
1377753,1377753,2016244
1377837,1377837,2016244
1377940,1377940,2016244
1378105,1378105,2016244
1378255,1378255,2016244
1378435,1378435,2016244
1378528,1378528,2016244
1378912,1378912,2016244
1378940,1378940,2016244
1379022,1379022,2016244
1379348,1379348,2016244
1380227,1380227,2016244
1380306,1380306,2016244
1380419,1380419,2016244
1380474,1380474,2016244
1380539,1380539,2016244
1380921,1380921,2016244
1380956,1380956,2016244
1381074,1381074,2016244
1381249,1381249,2016244
1381322,1381322,2016244
1381377,1381377,2016244
1381687,1381687,2016244
1382337,1382337,2016244
1383017,1383017,2016244
1383256,1383256,2016244
1383544,1383544,2016244
1384228,1384228,2016244
1384335,1384335,2016244
1384521,1384521,2016244
1384688,1384688,2016244
1384868,1384868,2016244
1384926,1384926,2016244
1384966,1384966,2016244
1384975,1384975,2016244
1385169,1385169,2016244
1385275,1385275,2016244
1385504,1385504,2016244
1386084,1386084,2016244
1386359,1386359,2016244
1386381,1386381,2016244
1386408,1386408,2016244
1386729,1386729,2016244
1386819,1386819,2016244
1386899,1386899,2016244
1387006,1387006,2016244
1387813,1387813,2016244
1388629,1388629,2016244
1389028,1389028,2016244
1389125,1389125,2016244
1389856,1389856,2016244
1389948,1389948,2016244
1390014,1390014,2016244
1390016,1390016,2016244
1390761,1390761,2016244
1391100,1391100,2016244
1391442,1391442,2016244
1391883,1391883,2016244
1391976,1391976,2016244
1391988,1391988,2016244
1392310,1392310,2016244
1392531,1392531,2016244
1392692,1392692,2016244
1393036,1393036,2016244
1393158,1393158,2016244
1393769,1393769,2016244
1393883,1393883,2016244
1393894,1393894,2016244
1394020,1394020,2016244
1394968,1394968,2016244
1395018,1395018,2016244
1395722,1395722,2016244
1396023,1396023,2016244
1396244,1396244,2016244
1396297,1396297,2016244
1396689,1396689,2016244
1397287,1397287,2016244
1397413,1397413,2016244
1397422,1397422,2016244
1397451,1397451,2016244
1397562,1397562,2016244
1397590,1397590,2016244
1397594,1397594,2016244
1397936,1397936,2016244
1398010,1398010,2016244
1398306,1398306,2016244
1398570,1398570,2016244
1398657,1398657,2016244
1398998,1398998,2016244
1399062,1399062,2016244
1399088,1399088,2016244
1399096,1399096,2016244
1399205,1399205,2016244
1399672,1399672,2016244
1399801,1399801,2016244
1400050,1400050,2016244
1400214,1400214,2016244
1400248,1400248,2016244
1400391,1400391,2016244
1400901,1400901,2016244
1401096,1401096,2016244
1401733,1401733,2016244
1401784,1401784,2016244
1402390,1402390,2016244
1402451,1402451,2016244
1402802,1402802,2016244
1403250,1403250,2016244
1403843,1403843,2016244
1404246,1404246,2016244
1404413,1404413,2016244
1404765,1404765,2016244
1404969,1404969,2016244
1405159,1405159,2016244
1405162,1405162,2016244
1405215,1405215,2016244
1405229,1405229,2016244
1405439,1405439,2016244
1405694,1405694,2016244
1405751,1405751,2016244
1405939,1405939,2016244
1406496,1406496,2016244
1406853,1406853,2016244
1407029,1407029,2016244
1407282,1407282,2016244
1407388,1407388,2016244
1407414,1407414,2016244
1407801,1407801,2016244
1408085,1408085,2016244
1408499,1408499,2016244
1409020,1409020,2016244
1409070,1409070,2016244
1409118,1409118,2016244
1409200,1409200,2016244
1409781,1409781,2016244
1409908,1409908,2016244
1411003,1411003,2016244
1411180,1411180,2016244
1411510,1411510,2016244
1411535,1411535,2016244
1411639,1411639,2016244
1411728,1411728,2016244
1411893,1411893,2016244
1411988,1411988,2016244
1412257,1412257,2016244
1412314,1412314,2016244
1412555,1412555,2016244
1412563,1412563,2016244
1412730,1412730,2016244
1412947,1412947,2016244
1413070,1413070,2016244
1413723,1413723,2016244
1413800,1413800,2016244
1414406,1414406,2016244
1414720,1414720,2016244
1414966,1414966,2016244
1415494,1415494,2016244
1415592,1415592,2016244
1415827,1415827,2016244
1415901,1415901,2016244
1416249,1416249,2016244
1416353,1416353,2016244
1416480,1416480,2016244
1416626,1416626,2016244
1416971,1416971,2016244
1417202,1417202,2016244
1417220,1417220,2016244
1417401,1417401,2016244
1417414,1417414,2016244
1417855,1417855,2016244
1417856,1417856,2016244
1418189,1418189,2016244
1418855,1418855,2016244
1419481,1419481,2016244
1419950,1419950,2016244
1420063,1420063,2016244
1420107,1420107,2016244
1420109,1420109,2016244
1420323,1420323,2016244
1420570,1420570,2016244
1420934,1420934,2016244
1420943,1420943,2016244
1421153,1421153,2016244
1421410,1421410,2016244
1421852,1421852,2016244
1421855,1421855,2016244
1421997,1421997,2016244
1422005,1422005,2016244
1422061,1422061,2016244
1422634,1422634,2016244
1422705,1422705,2016244
1422814,1422814,2016244
1423268,1423268,2016244
1423324,1423324,2016244
1423373,1423373,2016244
1423432,1423432,2016244
1423508,1423508,2016244
1423895,1423895,2016244
1424199,1424199,2016244
1424311,1424311,2016244
1424864,1424864,2016244
1424868,1424868,2016244
1425958,1425958,2016244
1426120,1426120,2016244
1426332,1426332,2016244
1426352,1426352,2016244
1427495,1427495,2016244
1427526,1427526,2016244
1428016,1428016,2016244
1428045,1428045,2016244
1428093,1428093,2016244
1428187,1428187,2016244
1428414,1428414,2016244
1428762,1428762,2016244
1428846,1428846,2016244
1428891,1428891,2016244
1429186,1429186,2016244
1429279,1429279,2016244
1429361,1429361,2016244
1429926,1429926,2016244
1430068,1430068,2016244
1430354,1430354,2016244
1430414,1430414,2016244
1430692,1430692,2016244
1430743,1430743,2016244
1430837,1430837,2016244
1430951,1430951,2016244
1431209,1431209,2016244
1431844,1431844,2016244
1432034,1432034,2016244
1432273,1432273,2016244
1432276,1432276,2016244
1433337,1433337,2016244
1433467,1433467,2016244
1434089,1434089,2016244
1434291,1434291,2016244
1434523,1434523,2016244
1434887,1434887,2016244
1436268,1436268,2016244
1436719,1436719,2016244
1436951,1436951,2016244
1436975,1436975,2016244
1437228,1437228,2016244
1438156,1438156,2016244
1438290,1438290,2016244
1438517,1438517,2016244
1438528,1438528,2016244
1438551,1438551,2016244
1438977,1438977,2016244
1440001,1440001,2016244
1440217,1440217,2016244
1440531,1440531,2016244
1440601,1440601,2016244
1440643,1440643,2016244
1440811,1440811,2016244
1441292,1441292,2016244
1441677,1441677,2016244
1441741,1441741,2016244
1441805,1441805,2016244
1441830,1441830,2016244
1442045,1442045,2016244
1442085,1442085,2016244
1442272,1442272,2016244
1442316,1442316,2016244
1442511,1442511,2016244
1442902,1442902,2016244
1443095,1443095,2016244
1443224,1443224,2016244
1443811,1443811,2016244
1444142,1444142,2016244
1444234,1444234,2016244
1444267,1444267,2016244
1444626,1444626,2016244
1444652,1444652,2016244
1444865,1444865,2016244
1445945,1445945,2016244
1446108,1446108,2016244
1446689,1446689,2016244
1446696,1446696,2016244
1446779,1446779,2016244
1446837,1446837,2016244
1446912,1446912,2016244
1447171,1447171,2016244
1447300,1447300,2016244
1447340,1447340,2016244
1447369,1447369,2016244
1447531,1447531,2016244
1448711,1448711,2016244
1449609,1449609,2016244
1449625,1449625,2016244
1449705,1449705,2016244
1449746,1449746,2016244
1449820,1449820,2016244
1449984,1449984,2016244
1450353,1450353,2016244
1450653,1450653,2016244
1450922,1450922,2016244
1451020,1451020,2016244
1451055,1451055,2016244
1451434,1451434,2016244
1451926,1451926,2016244
1451992,1451992,2016244
1452912,1452912,2016244
1453424,1453424,2016244
1453493,1453493,2016244
1454153,1454153,2016244
1454417,1454417,2016244
1454975,1454975,2016244
1455054,1455054,2016244
1455252,1455252,2016244
1455321,1455321,2016244
1455671,1455671,2016244
1455747,1455747,2016244
1456491,1456491,2016244
1456619,1456619,2016244
1456634,1456634,2016244
1456640,1456640,2016244
1456721,1456721,2016244
1457492,1457492,2016244
1458030,1458030,2016244
1458247,1458247,2016244
1458265,1458265,2016244
1458580,1458580,2016244
1459342,1459342,2016244
1460166,1460166,2016244
1460212,1460212,2016244
1460313,1460313,2016244
1460449,1460449,2016244
1460527,1460527,2016244
1460561,1460561,2016244
1460722,1460722,2016244
1460919,1460919,2016244
1461302,1461302,2016244
1462133,1462133,2016244
1462563,1462563,2016244
1462587,1462587,2016244
1462772,1462772,2016244
1462962,1462962,2016244
1462977,1462977,2016244
1463410,1463410,2016244
1463546,1463546,2016244
1463600,1463600,2016244
1463835,1463835,2016244
1463970,1463970,2016244
1464018,1464018,2016244
1464826,1464826,2016244
1465076,1465076,2016244
1465100,1465100,2016244
1465291,1465291,2016244
1466412,1466412,2016244
1467136,1467136,2016244
1467177,1467177,2016244
1467719,1467719,2016244
1467968,1467968,2016244
1467997,1467997,2016244
1468696,1468696,2016244
1468709,1468709,2016244
1468796,1468796,2016244
1469174,1469174,2016244
1469345,1469345,2016244
1469400,1469400,2016244
1470513,1470513,2016244
1470729,1470729,2016244
1470792,1470792,2016244
1470811,1470811,2016244
1470860,1470860,2016244
1471342,1471342,2016244
1471609,1471609,2016244
1471746,1471746,2016244
1471769,1471769,2016244
1472650,1472650,2016244
1472669,1472669,2016244
1472724,1472724,2016244
1473025,1473025,2016244
1473246,1473246,2016244
1473455,1473455,2016244
1473613,1473613,2016244
1475043,1475043,2016244
1475240,1475240,2016244
1475389,1475389,2016244
1476287,1476287,2016244
1476484,1476484,2016244
1476647,1476647,2016244
1476883,1476883,2016244
1477206,1477206,2016244
1477275,1477275,2016244
1477363,1477363,2016244
1477468,1477468,2016244
1477482,1477482,2016244
1477546,1477546,2016244
1477596,1477596,2016244
1477658,1477658,2016244
1477670,1477670,2016244
1477806,1477806,2016244
1477887,1477887,2016244
1478100,1478100,2016244
1478403,1478403,2016244
1478520,1478520,2016244
1478615,1478615,2016244
1479059,1479059,2016244
1479103,1479103,2016244
1479140,1479140,2016244
1479223,1479223,2016244
1479256,1479256,2016244
1479278,1479278,2016244
1479528,1479528,2016244
1479582,1479582,2016244
1479609,1479609,2016244
1479876,1479876,2016244
1480122,1480122,2016244
1480307,1480307,2016244
1480581,1480581,2016244
1480851,1480851,2016244
1480995,1480995,2016244
1481014,1481014,2016244
1481297,1481297,2016244
1481455,1481455,2016244
1481559,1481559,2016244
1481668,1481668,2016244
1481722,1481722,2016244
1482070,1482070,2016244
1482453,1482453,2016244
1482733,1482733,2016244
1482737,1482737,2016244
1482758,1482758,2016244
1483048,1483048,2016244
1483083,1483083,2016244
1483414,1483414,2016244
1483940,1483940,2016244
1484105,1484105,2016244
1484152,1484152,2016244
1484231,1484231,2016244
1484255,1484255,2016244
1484435,1484435,2016244
1485184,1485184,2016244
1486900,1486900,2016244
1487195,1487195,2016244
1487351,1487351,2016244
1487778,1487778,2016244
1488083,1488083,2016244
1488573,1488573,2016244
1488666,1488666,2016244
1490082,1490082,2016244
1490154,1490154,2016244
1490271,1490271,2016244
1490292,1490292,2016244
1490368,1490368,2016244
1490448,1490448,2016244
1490810,1490810,2016244
1491623,1491623,2016244
1492096,1492096,2016244
1492326,1492326,2016244
1492419,1492419,2016244
1492490,1492490,2016244
1492715,1492715,2016244
1492830,1492830,2016244
1492860,1492860,2016244
1492980,1492980,2016244
1493311,1493311,2016244
1493759,1493759,2016244
1493773,1493773,2016244
1493874,1493874,2016244
1493921,1493921,2016244
1494720,1494720,2016244
1494749,1494749,2016244
1494837,1494837,2016244
1495023,1495023,2016244
1496011,1496011,2016244
1496299,1496299,2016244
1496517,1496517,2016244
1496530,1496530,2016244
1496585,1496585,2016244
1496616,1496616,2016244
1496667,1496667,2016244
1496998,1496998,2016244
1497100,1497100,2016244
1497123,1497123,2016244
1497222,1497222,2016244
1497414,1497414,2016244
1497612,1497612,2016244
1497992,1497992,2016244
1498334,1498334,2016244
1498469,1498469,2016244
1498597,1498597,2016244
1498645,1498645,2016244
1498647,1498647,2016244
1498771,1498771,2016244
1498902,1498902,2016244
1499113,1499113,2016244
1499233,1499233,2016244
1500126,1500126,2016244
1500464,1500464,2016244
1500615,1500615,2016244
1500726,1500726,2016244
1501568,1501568,2016244
1501625,1501625,2016244
1501916,1501916,2016244
1502009,1502009,2016244
1502373,1502373,2016244
1502584,1502584,2016244
1502730,1502730,2016244
1502739,1502739,2016244
1503007,1503007,2016244
1503162,1503162,2016244
1503839,1503839,2016244
1503849,1503849,2016244
1503860,1503860,2016244
1504219,1504219,2016244
1504285,1504285,2016244
1504324,1504324,2016244
1504551,1504551,2016244
1504682,1504682,2016244
1504906,1504906,2016244
1505077,1505077,2016244
1505260,1505260,2016244
1505280,1505280,2016244
1505377,1505377,2016244
1505730,1505730,2016244
1505739,1505739,2016244
1505943,1505943,2016244
1505986,1505986,2016244
1506069,1506069,2016244
1506852,1506852,2016244
1506913,1506913,2016244
1506981,1506981,2016244
1507377,1507377,2016244
1507418,1507418,2016244
1507800,1507800,2016244
1508385,1508385,2016244
1508826,1508826,2016244
1508962,1508962,2016244
1509049,1509049,2016244
1509105,1509105,2016244
1509211,1509211,2016244
1509723,1509723,2016244
1510202,1510202,2016244
1510436,1510436,2016244
1510786,1510786,2016244
1511140,1511140,2016244
1511457,1511457,2016244
1511665,1511665,2016244
1511899,1511899,2016244
1512147,1512147,2016244
1512330,1512330,2016244
1512401,1512401,2016244
1512569,1512569,2016244
1512612,1512612,2016244
1512709,1512709,2016244
1514013,1514013,2016244
1514388,1514388,2016244
1514923,1514923,2016244
1515026,1515026,2016244
1515100,1515100,2016244
1515279,1515279,2016244
1515556,1515556,2016244
1515918,1515918,2016244
1516609,1516609,2016244
1516906,1516906,2016244
1517613,1517613,2016244
1517656,1517656,2016244
1517708,1517708,2016244
1517789,1517789,2016244
1517959,1517959,2016244
1518118,1518118,2016244
1518239,1518239,2016244
1518266,1518266,2016244
1518603,1518603,2016244
1520614,1520614,2016244
1520772,1520772,2016244
1521154,1521154,2016244
1522179,1522179,2016244
1522317,1522317,2016244
1522331,1522331,2016244
1522415,1522415,2016244
1522744,1522744,2016244
1522840,1522840,2016244
1523256,1523256,2016244
1523269,1523269,2016244
1524392,1524392,2016244
1524411,1524411,2016244
1525359,1525359,2016244
1525541,1525541,2016244
1526619,1526619,2016244
1526903,1526903,2016244
1526924,1526924,2016244
1526985,1526985,2016244
1527078,1527078,2016244
1527126,1527126,2016244
1527210,1527210,2016244
1527241,1527241,2016244
1527299,1527299,2016244
1527837,1527837,2016244
1528347,1528347,2016244
1528985,1528985,2016244
1529407,1529407,2016244
1529428,1529428,2016244
1529924,1529924,2016244
1530249,1530249,2016244
1530381,1530381,2016244
1530587,1530587,2016244
1531272,1531272,2016244
1531340,1531340,2016244
1531500,1531500,2016244
1531856,1531856,2016244
1532129,1532129,2016244
1532378,1532378,2016244
1532382,1532382,2016244
1532391,1532391,2016244
1532601,1532601,2016244
1532806,1532806,2016244
1532946,1532946,2016244
1533048,1533048,2016244
1533054,1533054,2016244
1533149,1533149,2016244
1533308,1533308,2016244
1533530,1533530,2016244
1534265,1534265,2016244
1534904,1534904,2016244
1535032,1535032,2016244
1535115,1535115,2016244
1535442,1535442,2016244
1536223,1536223,2016244
1536257,1536257,2016244
1536871,1536871,2016244
1536910,1536910,2016244
1536953,1536953,2016244
1537123,1537123,2016244
1537369,1537369,2016244
1537510,1537510,2016244
1537544,1537544,2016244
1537559,1537559,2016244
1537722,1537722,2016244
1537852,1537852,2016244
1537864,1537864,2016244
1537886,1537886,2016244
1537964,1537964,2016244
1538033,1538033,2016244
1538033,1538033,2016244
1538078,1538078,2016244
1538220,1538220,2016244
1538502,1538502,2016244
1538516,1538516,2016244
1538530,1538530,2016244
1538865,1538865,2016244
1538915,1538915,2016244
1538980,1538980,2016244
1539051,1539051,2016244
1539063,1539063,2016244
1539451,1539451,2016244
1539951,1539951,2016244
1540208,1540208,2016244
1540351,1540351,2016244
1540645,1540645,2016244
1541013,1541013,2016244
1541451,1541451,2016244
1541612,1541612,2016244
1541776,1541776,2016244
1541785,1541785,2016244
1542735,1542735,2016244
1542832,1542832,2016244
1542898,1542898,2016244
1543118,1543118,2016244
1543163,1543163,2016244
1543425,1543425,2016244
1543505,1543505,2016244
1543563,1543563,2016244
1543569,1543569,2016244
1544642,1544642,2016244
1544935,1544935,2016244
1544959,1544959,2016244
1545252,1545252,2016244
1545418,1545418,2016244
1545845,1545845,2016244
1545892,1545892,2016244
1545919,1545919,2016244
1545993,1545993,2016244
1546424,1546424,2016244
1547062,1547062,2016244
1547394,1547394,2016244
1547634,1547634,2016244
1547712,1547712,2016244
1548050,1548050,2016244
1548494,1548494,2016244
1548545,1548545,2016244
1548977,1548977,2016244
1549468,1549468,2016244
1549820,1549820,2016244
1549960,1549960,2016244
1550603,1550603,2016244
1550739,1550739,2016244
1550919,1550919,2016244
1551082,1551082,2016244
1551119,1551119,2016244
1551133,1551133,2016244
1551711,1551711,2016244
1552015,1552015,2016244
1552386,1552386,2016244
1552851,1552851,2016244
1553075,1553075,2016244
1553384,1553384,2016244
1553452,1553452,2016244
1553625,1553625,2016244
1553731,1553731,2016244
1554099,1554099,2016244
1554229,1554229,2016244
1554572,1554572,2016244
1555052,1555052,2016244
1555180,1555180,2016244
1555606,1555606,2016244
1555648,1555648,2016244
1555822,1555822,2016244
1555895,1555895,2016244
1555921,1555921,2016244
1556160,1556160,2016244
1556277,1556277,2016244
1557156,1557156,2016244
1557204,1557204,2016244
1557317,1557317,2016244
1557938,1557938,2016244
1558378,1558378,2016244
1558627,1558627,2016244
1558634,1558634,2016244
1558828,1558828,2016244
1558921,1558921,2016244
1559320,1559320,2016244
1559942,1559942,2016244
1560430,1560430,2016244
1560649,1560649,2016244
1560690,1560690,2016244
1560923,1560923,2016244
1560977,1560977,2016244
1561362,1561362,2016244
1561641,1561641,2016244
1563678,1563678,2016244
1563948,1563948,2016244
1564497,1564497,2016244
1564521,1564521,2016244
1564697,1564697,2016244
1564810,1564810,2016244
1565177,1565177,2016244
1565668,1565668,2016244
1566166,1566166,2016244
1567163,1567163,2016244
1567364,1567364,2016244
1567400,1567400,2016244
1568117,1568117,2016244
1568541,1568541,2016244
1569010,1569010,2016244
1569359,1569359,2016244
1569366,1569366,2016244
1569687,1569687,2016244
1569704,1569704,2016244
1569921,1569921,2016244
1570087,1570087,2016244
1570340,1570340,2016244
1570591,1570591,2016244
1570594,1570594,2016244
1570678,1570678,2016244
1571245,1571245,2016244
1571499,1571499,2016244
1571597,1571597,2016244
1571656,1571656,2016244
1571931,1571931,2016244
1572277,1572277,2016244
1572927,1572927,2016244
1573010,1573010,2016244
1573041,1573041,2016244
1573397,1573397,2016244
1573397,1573397,2016244
1573521,1573521,2016244
1573897,1573897,2016244
1575232,1575232,2016244
1576129,1576129,2016244
1576159,1576159,2016244
1576202,1576202,2016244
1576268,1576268,2016244
1576284,1576284,2016244
1576603,1576603,2016244
1576751,1576751,2016244
1577044,1577044,2016244
1577092,1577092,2016244
1577267,1577267,2016244
1577695,1577695,2016244
1577702,1577702,2016244
1577705,1577705,2016244
1577731,1577731,2016244
1577765,1577765,2016244
1577774,1577774,2016244
1577892,1577892,2016244
1578212,1578212,2016244
1578564,1578564,2016244
1578684,1578684,2016244
1579008,1579008,2016244
1579587,1579587,2016244
1579959,1579959,2016244
1580158,1580158,2016244
1580237,1580237,2016244
1580428,1580428,2016244
1580569,1580569,2016244
1580900,1580900,2016244
1581140,1581140,2016244
1581431,1581431,2016244
1581533,1581533,2016244
1582641,1582641,2016244
1582963,1582963,2016244
1583080,1583080,2016244
1583421,1583421,2016244
1583722,1583722,2016244
1583766,1583766,2016244
1583854,1583854,2016244
1583918,1583918,2016244
1584280,1584280,2016244
1584308,1584308,2016244
1584547,1584547,2016244
1584561,1584561,2016244
1584988,1584988,2016244
1585076,1585076,2016244
1585472,1585472,2016244
1585593,1585593,2016244
1585832,1585832,2016244
1585869,1585869,2016244
1585876,1585876,2016244
1586613,1586613,2016244
1587000,1587000,2016244
1587034,1587034,2016244
1587667,1587667,2016244
1587853,1587853,2016244
1588379,1588379,2016244
1588900,1588900,2016244
1589174,1589174,2016244
1589518,1589518,2016244
1590002,1590002,2016244
1590040,1590040,2016244
1590177,1590177,2016244
1590212,1590212,2016244
1590320,1590320,2016244
1590402,1590402,2016244
1590504,1590504,2016244
1590740,1590740,2016244
1590746,1590746,2016244
1591029,1591029,2016244
1591278,1591278,2016244
1591378,1591378,2016244
1591601,1591601,2016244
1591622,1591622,2016244
1591699,1591699,2016244
1591786,1591786,2016244
1592022,1592022,2016244
1592079,1592079,2016244
1592903,1592903,2016244
1592983,1592983,2016244
1593028,1593028,2016244
1593090,1593090,2016244
1593214,1593214,2016244
1593314,1593314,2016244
1593467,1593467,2016244
1593575,1593575,2016244
1593900,1593900,2016244
1593995,1593995,2016244
1594714,1594714,2016244
1594859,1594859,2016244
1594873,1594873,2016244
1595070,1595070,2016244
1595088,1595088,2016244
1595798,1595798,2016244
1596030,1596030,2016244
1596082,1596082,2016244
1596309,1596309,2016244
1596588,1596588,2016244
1596691,1596691,2016244
1597005,1597005,2016244
1597427,1597427,2016244
1597586,1597586,2016244
1597686,1597686,2016244
1598355,1598355,2016244
1598519,1598519,2016244
1598906,1598906,2016244
1598954,1598954,2016244
1599084,1599084,2016244
1599194,1599194,2016244
1599530,1599530,2016244
1599591,1599591,2016244
1599830,1599830,2016244
1599920,1599920,2016244
1599933,1599933,2016244
1600373,1600373,2016244
1600447,1600447,2016244
1600612,1600612,2016244
1601337,1601337,2016244
1601369,1601369,2016244
1601514,1601514,2016244
1601514,1601514,2016244
1601516,1601516,2016244
1601870,1601870,2016244
1601876,1601876,2016244
1602079,1602079,2016244
1602160,1602160,2016244
1602242,1602242,2016244
1602674,1602674,2016244
1603503,1603503,2016244
1603639,1603639,2016244
1603640,1603640,2016244
1603778,1603778,2016244
1603898,1603898,2016244
1603940,1603940,2016244
1604494,1604494,2016244
1605295,1605295,2016244
1605456,1605456,2016244
1605886,1605886,2016244
1606054,1606054,2016244
1606472,1606472,2016244
1606605,1606605,2016244
1606959,1606959,2016244
1608294,1608294,2016244
1608428,1608428,2016244
1608498,1608498,2016244
1608742,1608742,2016244
1608812,1608812,2016244
1609118,1609118,2016244
1609532,1609532,2016244
1609532,1609532,2016244
1610016,1610016,2016244
1610133,1610133,2016244
1610195,1610195,2016244
1611011,1611011,2016244
1611088,1611088,2016244
1611223,1611223,2016244
1611281,1611281,2016244
1611641,1611641,2016244
1612381,1612381,2016244
1612473,1612473,2016244
1612498,1612498,2016244
1612829,1612829,2016244
1613332,1613332,2016244
1613510,1613510,2016244
1613732,1613732,2016244
1614032,1614032,2016244
1614090,1614090,2016244
1614190,1614190,2016244
1614278,1614278,2016244
1614303,1614303,2016244
1614336,1614336,2016244
1614444,1614444,2016244
1614820,1614820,2016244
1615088,1615088,2016244
1615231,1615231,2016244
1615251,1615251,2016244
1615323,1615323,2016244
1616042,1616042,2016244
1616290,1616290,2016244
1616292,1616292,2016244
1616759,1616759,2016244
1616908,1616908,2016244
1617084,1617084,2016244
1617356,1617356,2016244
1617451,1617451,2016244
1617465,1617465,2016244
1617802,1617802,2016244
1617929,1617929,2016244
1618196,1618196,2016244
1618299,1618299,2016244
1618611,1618611,2016244
1618788,1618788,2016244
1619123,1619123,2016244
1619157,1619157,2016244
1619408,1619408,2016244
1619691,1619691,2016244
1619698,1619698,2016244
1619708,1619708,2016244
1620149,1620149,2016244
1620331,1620331,2016244
1620348,1620348,2016244
1620420,1620420,2016244
1621014,1621014,2016244
1622373,1622373,2016244
1622735,1622735,2016244
1623206,1623206,2016244
1623624,1623624,2016244
1624582,1624582,2016244
1624591,1624591,2016244
1625041,1625041,2016244
1625181,1625181,2016244
1625339,1625339,2016244
1626525,1626525,2016244
1626851,1626851,2016244
1626882,1626882,2016244
1627496,1627496,2016244
1628042,1628042,2016244
1628787,1628787,2016244
1629045,1629045,2016244
1629240,1629240,2016244
1629559,1629559,2016244
1630102,1630102,2016244
1630255,1630255,2016244
1631024,1631024,2016244
1631044,1631044,2016244
1631176,1631176,2016244
1631649,1631649,2016244
1631785,1631785,2016244
1631907,1631907,2016244
1632206,1632206,2016244
1632349,1632349,2016244
1633324,1633324,2016244
1633522,1633522,2016244
1634040,1634040,2016244
1634280,1634280,2016244
1634283,1634283,2016244
1634448,1634448,2016244
1635321,1635321,2016244
1635496,1635496,2016244
1635535,1635535,2016244
1636276,1636276,2016244
1636287,1636287,2016244
1636442,1636442,2016244
1636469,1636469,2016244
1636538,1636538,2016244
1637071,1637071,2016244
1637536,1637536,2016244
1637870,1637870,2016244
1638005,1638005,2016244
1638277,1638277,2016244
1638470,1638470,2016244
1638832,1638832,2016244
1638981,1638981,2016244
1639359,1639359,2016244
1639477,1639477,2016244
1640258,1640258,2016244
1640294,1640294,2016244
1640388,1640388,2016244
1640526,1640526,2016244
1640686,1640686,2016244
1641194,1641194,2016244
1641305,1641305,2016244
1641397,1641397,2016244
1641724,1641724,2016244
1642873,1642873,2016244
1643160,1643160,2016244
1643961,1643961,2016244
1644049,1644049,2016244
1644098,1644098,2016244
1644188,1644188,2016244
1644395,1644395,2016244
1644530,1644530,2016244
1644547,1644547,2016244
1644971,1644971,2016244
1645206,1645206,2016244
1645710,1645710,2016244
1646051,1646051,2016244
1646287,1646287,2016244
1646376,1646376,2016244
1646887,1646887,2016244
1647001,1647001,2016244
1647633,1647633,2016244
1647740,1647740,2016244
1647795,1647795,2016244
1647813,1647813,2016244
1648027,1648027,2016244
1648059,1648059,2016244
1648061,1648061,2016244
1648085,1648085,2016244
1648110,1648110,2016244
1648458,1648458,2016244
1648641,1648641,2016244
1649022,1649022,2016244
1649435,1649435,2016244
1649606,1649606,2016244
1649836,1649836,2016244
1649982,1649982,2016244
1650150,1650150,2016244
1650171,1650171,2016244
1650236,1650236,2016244
1650336,1650336,2016244
1650368,1650368,2016244
1650923,1650923,2016244
1651210,1651210,2016244
1651248,1651248,2016244
1651306,1651306,2016244
1652465,1652465,2016244
1652740,1652740,2016244
1652754,1652754,2016244
1652864,1652864,2016244
1653468,1653468,2016244
1653716,1653716,2016244
1653732,1653732,2016244
1653742,1653742,2016244
1653892,1653892,2016244
1654013,1654013,2016244
1654357,1654357,2016244
1654422,1654422,2016244
1654596,1654596,2016244
1654882,1654882,2016244
1655323,1655323,2016244
1655820,1655820,2016244
1655934,1655934,2016244
1655991,1655991,2016244
1656010,1656010,2016244
1656165,1656165,2016244
1656209,1656209,2016244
1656308,1656308,2016244
1656511,1656511,2016244
1656956,1656956,2016244
1657198,1657198,2016244
1657553,1657553,2016244
1657808,1657808,2016244
1657842,1657842,2016244
1657929,1657929,2016244
1658065,1658065,2016244
1658424,1658424,2016244
1658589,1658589,2016244
1658760,1658760,2016244
1658788,1658788,2016244
1658796,1658796,2016244
1659110,1659110,2016244
1659125,1659125,2016244
1659151,1659151,2016244
1659302,1659302,2016244
1659392,1659392,2016244
1659827,1659827,2016244
1660038,1660038,2016244
1660242,1660242,2016244
1660783,1660783,2016244
1660881,1660881,2016244
1660910,1660910,2016244
1661247,1661247,2016244
1661477,1661477,2016244
1662390,1662390,2016244
1662646,1662646,2016244
1662771,1662771,2016244
1663144,1663144,2016244
1663445,1663445,2016244
1663466,1663466,2016244
1663799,1663799,2016244
1663974,1663974,2016244
1664048,1664048,2016244
1664405,1664405,2016244
1664450,1664450,2016244
1664604,1664604,2016244
1664655,1664655,2016244
1664692,1664692,2016244
1665443,1665443,2016244
1665856,1665856,2016244
1665917,1665917,2016244
1666461,1666461,2016244
1666694,1666694,2016244
1666725,1666725,2016244
1666767,1666767,2016244
1667278,1667278,2016244
1667524,1667524,2016244
1667958,1667958,2016244
1668060,1668060,2016244
1668063,1668063,2016244
1668361,1668361,2016244
1668549,1668549,2016244
1669736,1669736,2016244
1669888,1669888,2016244
1669972,1669972,2016244
1670034,1670034,2016244
1670212,1670212,2016244
1670946,1670946,2016244
1671359,1671359,2016244
1671360,1671360,2016244
1671533,1671533,2016244
1671583,1671583,2016244
1671723,1671723,2016244
1671889,1671889,2016244
1671962,1671962,2016244
1672100,1672100,2016244
1672136,1672136,2016244
1672338,1672338,2016244
1672457,1672457,2016244
1672638,1672638,2016244
1672756,1672756,2016244
1672938,1672938,2016244
1673007,1673007,2016244
1673572,1673572,2016244
1673662,1673662,2016244
1673880,1673880,2016244
1674062,1674062,2016244
1674418,1674418,2016244
1674542,1674542,2016244
1674683,1674683,2016244
1675098,1675098,2016244
1675272,1675272,2016244
1675460,1675460,2016244
1675630,1675630,2016244
1675804,1675804,2016244
1675907,1675907,2016244
1675960,1675960,2016244
1676072,1676072,2016244
1676597,1676597,2016244
1676737,1676737,2016244
1676805,1676805,2016244
1677223,1677223,2016244
1677752,1677752,2016244
1677801,1677801,2016244
1677861,1677861,2016244
1677910,1677910,2016244
1678379,1678379,2016244
1678460,1678460,2016244
1678488,1678488,2016244
1678864,1678864,2016244
1678932,1678932,2016244
1678996,1678996,2016244
1679217,1679217,2016244
1679237,1679237,2016244
1679948,1679948,2016244
1680438,1680438,2016244
1680459,1680459,2016244
1680940,1680940,2016244
1681033,1681033,2016244
1681247,1681247,2016244
1681426,1681426,2016244
1681635,1681635,2016244
1681697,1681697,2016244
1681755,1681755,2016244
1682011,1682011,2016244
1682198,1682198,2016244
1682210,1682210,2016244
1682453,1682453,2016244
1682483,1682483,2016244
1682697,1682697,2016244
1682722,1682722,2016244
1682928,1682928,2016244
1682950,1682950,2016244
1683041,1683041,2016244
1683060,1683060,2016244
1683106,1683106,2016244
1683170,1683170,2016244
1683230,1683230,2016244
1683354,1683354,2016244
1684669,1684669,2016244
1684711,1684711,2016244
1684731,1684731,2016244
1684812,1684812,2016244
1685368,1685368,2016244
1685633,1685633,2016244
1685692,1685692,2016244
1686206,1686206,2016244
1686210,1686210,2016244
1686243,1686243,2016244
1686285,1686285,2016244
1686905,1686905,2016244
1686991,1686991,2016244
1687096,1687096,2016244
1687109,1687109,2016244
1687634,1687634,2016244
1687652,1687652,2016244
1688467,1688467,2016244
1688612,1688612,2016244
1689371,1689371,2016244
1689385,1689385,2016244
1689476,1689476,2016244
1689890,1689890,2016244
1689901,1689901,2016244
1689914,1689914,2016244
1690062,1690062,2016244
1690370,1690370,2016244
1690375,1690375,2016244
1690624,1690624,2016244
1691227,1691227,2016244
1691743,1691743,2016244
1691917,1691917,2016244
1692025,1692025,2016244
1692049,1692049,2016244
1692156,1692156,2016244
1692905,1692905,2016244
1692942,1692942,2016244
1692998,1692998,2016244
1693067,1693067,2016244
1693169,1693169,2016244
1693520,1693520,2016244
1694131,1694131,2016244
1694365,1694365,2016244
1694667,1694667,2016244
1694675,1694675,2016244
1694711,1694711,2016244
1695150,1695150,2016244
1695440,1695440,2016244
1695617,1695617,2016244
1695688,1695688,2016244
1696093,1696093,2016244
1696186,1696186,2016244
1696848,1696848,2016244
1697408,1697408,2016244
1697552,1697552,2016244
1697806,1697806,2016244
1697872,1697872,2016244
1697892,1697892,2016244
1697908,1697908,2016244
1697923,1697923,2016244
1698215,1698215,2016244
1698350,1698350,2016244
1698429,1698429,2016244
1698462,1698462,2016244
1698653,1698653,2016244
1698853,1698853,2016244
1698985,1698985,2016244
1699002,1699002,2016244
1699132,1699132,2016244
1699321,1699321,2016244
1699948,1699948,2016244
1700038,1700038,2016244
1700407,1700407,2016244
1700725,1700725,2016244
1700796,1700796,2016244
1701092,1701092,2016244
1701288,1701288,2016244
1701585,1701585,2016244
1701890,1701890,2016244
1702387,1702387,2016244
1702897,1702897,2016244
1702910,1702910,2016244
1703088,1703088,2016244
1703350,1703350,2016244
1703426,1703426,2016244
1703670,1703670,2016244
1703968,1703968,2016244
1703976,1703976,2016244
1704210,1704210,2016244
1704340,1704340,2016244
1705533,1705533,2016244
1705629,1705629,2016244
1706045,1706045,2016244
1706344,1706344,2016244
1706586,1706586,2016244
1706834,1706834,2016244
1707138,1707138,2016244
1707169,1707169,2016244
1707211,1707211,2016244
1707381,1707381,2016244
1707562,1707562,2016244
1707651,1707651,2016244
1707985,1707985,2016244
1708073,1708073,2016244
1708233,1708233,2016244
1708601,1708601,2016244
1708635,1708635,2016244
1708715,1708715,2016244
1708803,1708803,2016244
1709229,1709229,2016244
1709253,1709253,2016244
1709521,1709521,2016244
1709612,1709612,2016244
1709613,1709613,2016244
1709663,1709663,2016244
1709928,1709928,2016244
1710030,1710030,2016244
1710056,1710056,2016244
1710068,1710068,2016244
1710201,1710201,2016244
1710307,1710307,2016244
1710332,1710332,2016244
1710412,1710412,2016244
1710527,1710527,2016244
1710570,1710570,2016244
1711731,1711731,2016244
1711807,1711807,2016244
1711832,1711832,2016244
1711923,1711923,2016244
1712210,1712210,2016244
1712510,1712510,2016244
1713709,1713709,2016244
1714160,1714160,2016244
1714259,1714259,2016244
1714441,1714441,2016244
1714451,1714451,2016244
1714691,1714691,2016244
1714881,1714881,2016244
1715214,1715214,2016244
1716028,1716028,2016244
1716481,1716481,2016244
1716484,1716484,2016244
1716886,1716886,2016244
1717444,1717444,2016244
1718214,1718214,2016244
1718338,1718338,2016244
1718675,1718675,2016244
1719084,1719084,2016244
1719158,1719158,2016244
1719244,1719244,2016244
1719685,1719685,2016244
1719693,1719693,2016244
1719704,1719704,2016244
1719828,1719828,2016244
1720322,1720322,2016244
1720352,1720352,2016244
1720530,1720530,2016244
1720769,1720769,2016244
1721244,1721244,2016244
1721951,1721951,2016244
1722059,1722059,2016244
1722306,1722306,2016244
1722993,1722993,2016244
1723108,1723108,2016244
1723122,1723122,2016244
1723167,1723167,2016244
1723190,1723190,2016244
1723415,1723415,2016244
1723521,1723521,2016244
1723638,1723638,2016244
1723920,1723920,2016244
1723973,1723973,2016244
1724853,1724853,2016244
1726211,1726211,2016244
1727051,1727051,2016244
1727112,1727112,2016244
1727184,1727184,2016244
1727386,1727386,2016244
1727399,1727399,2016244
1727399,1727399,2016244
1727440,1727440,2016244
1727784,1727784,2016244
1727797,1727797,2016244
1727902,1727902,2016244
1728343,1728343,2016244
1728725,1728725,2016244
1729158,1729158,2016244
1729430,1729430,2016244
1729678,1729678,2016244
1729781,1729781,2016244
1729812,1729812,2016244
1729852,1729852,2016244
1729952,1729952,2016244
1730121,1730121,2016244
1730428,1730428,2016244
1731466,1731466,2016244
1731552,1731552,2016244
1731587,1731587,2016244
1731718,1731718,2016244
1731840,1731840,2016244
1732502,1732502,2016244
1732541,1732541,2016244
1732844,1732844,2016244
1733405,1733405,2016244
1733560,1733560,2016244
1734087,1734087,2016244
1734269,1734269,2016244
1734401,1734401,2016244
1734546,1734546,2016244
1734723,1734723,2016244
1734861,1734861,2016244
1734967,1734967,2016244
1735625,1735625,2016244
1735652,1735652,2016244
1735767,1735767,2016244
1735931,1735931,2016244
1736042,1736042,2016244
1736106,1736106,2016244
1736483,1736483,2016244
1736484,1736484,2016244
1737195,1737195,2016244
1737204,1737204,2016244
1737356,1737356,2016244
1738130,1738130,2016244
1738448,1738448,2016244
1738863,1738863,2016244
1738963,1738963,2016244
1738982,1738982,2016244
1739212,1739212,2016244
1739636,1739636,2016244
1739812,1739812,2016244
1740078,1740078,2016244
1740953,1740953,2016244
1741748,1741748,2016244
1741900,1741900,2016244
1742127,1742127,2016244
1742240,1742240,2016244
1742348,1742348,2016244
1742493,1742493,2016244
1742510,1742510,2016244
1742636,1742636,2016244
1742903,1742903,2016244
1742919,1742919,2016244
1743074,1743074,2016244
1743401,1743401,2016244
1743633,1743633,2016244
1743637,1743637,2016244
1743905,1743905,2016244
1743958,1743958,2016244
1743964,1743964,2016244
1744072,1744072,2016244
1744536,1744536,2016244
1744574,1744574,2016244
1744608,1744608,2016244
1744625,1744625,2016244
1745143,1745143,2016244
1745211,1745211,2016244
1745567,1745567,2016244
1745771,1745771,2016244
1745904,1745904,2016244
1746464,1746464,2016244
1746492,1746492,2016244
1746929,1746929,2016244
1747693,1747693,2016244
1747938,1747938,2016244
1748491,1748491,2016244
1748514,1748514,2016244
1748556,1748556,2016244
1748864,1748864,2016244
1749004,1749004,2016244
1749188,1749188,2016244
1749347,1749347,2016244
1749621,1749621,2016244
1750181,1750181,2016244
1750319,1750319,2016244
1750373,1750373,2016244
1750528,1750528,2016244
1750604,1750604,2016244
1750753,1750753,2016244
1750775,1750775,2016244
1751059,1751059,2016244
1751206,1751206,2016244
1751421,1751421,2016244
1751869,1751869,2016244
1751959,1751959,2016244
1752112,1752112,2016244
1752151,1752151,2016244
1752183,1752183,2016244
1752221,1752221,2016244
1752394,1752394,2016244
1752437,1752437,2016244
1752712,1752712,2016244
1752935,1752935,2016244
1753039,1753039,2016244
1753257,1753257,2016244
1753572,1753572,2016244
1753671,1753671,2016244
1753749,1753749,2016244
1753849,1753849,2016244
1753849,1753849,2016244
1754106,1754106,2016244
1754347,1754347,2016244
1754656,1754656,2016244
1754660,1754660,2016244
1754687,1754687,2016244
1755423,1755423,2016244
1755592,1755592,2016244
1755640,1755640,2016244
1756017,1756017,2016244
1756819,1756819,2016244
1756869,1756869,2016244
1757218,1757218,2016244
1757734,1757734,2016244
1758152,1758152,2016244
1758190,1758190,2016244
1758255,1758255,2016244
1758518,1758518,2016244
1758588,1758588,2016244
1758660,1758660,2016244
1759601,1759601,2016244
1759939,1759939,2016244
1760170,1760170,2016244
1760256,1760256,2016244
1760260,1760260,2016244
1760497,1760497,2016244
1760623,1760623,2016244
1760892,1760892,2016244
1761276,1761276,2016244
1761277,1761277,2016244
1761292,1761292,2016244
1761307,1761307,2016244
1761353,1761353,2016244
1761653,1761653,2016244
1761937,1761937,2016244
1762042,1762042,2016244
1762065,1762065,2016244
1762107,1762107,2016244
1762131,1762131,2016244
1762435,1762435,2016244
1762474,1762474,2016244
1763136,1763136,2016244
1763517,1763517,2016244
1763702,1763702,2016244
1763786,1763786,2016244
1763918,1763918,2016244
1764061,1764061,2016244
1765725,1765725,2016244
1765893,1765893,2016244
1765913,1765913,2016244
1766151,1766151,2016244
1766240,1766240,2016244
1766518,1766518,2016244
1767132,1767132,2016244
1767328,1767328,2016244
1767390,1767390,2016244
1767803,1767803,2016244
1767983,1767983,2016244
1768032,1768032,2016244
1768329,1768329,2016244
1768392,1768392,2016244
1768533,1768533,2016244
1768766,1768766,2016244
1769274,1769274,2016244
1769354,1769354,2016244
1769374,1769374,2016244
1769437,1769437,2016244
1769729,1769729,2016244
1769923,1769923,2016244
1770073,1770073,2016244
1770130,1770130,2016244
1770220,1770220,2016244
1770252,1770252,2016244
1770366,1770366,2016244
1770423,1770423,2016244
1770426,1770426,2016244
1770435,1770435,2016244
1770533,1770533,2016244
1770832,1770832,2016244
1771181,1771181,2016244
1771455,1771455,2016244
1771598,1771598,2016244
1771825,1771825,2016244
1771866,1771866,2016244
1772075,1772075,2016244
1772124,1772124,2016244
1772147,1772147,2016244
1772316,1772316,2016244
1772351,1772351,2016244
1772718,1772718,2016244
1773032,1773032,2016244
1773571,1773571,2016244
1773707,1773707,2016244
1773867,1773867,2016244
1774193,1774193,2016244
1774293,1774293,2016244
1774499,1774499,2016244
1774829,1774829,2016244
1774882,1774882,2016244
1774904,1774904,2016244
1774961,1774961,2016244
1775665,1775665,2016244
1776143,1776143,2016244
1776156,1776156,2016244
1776203,1776203,2016244
1776398,1776398,2016244
1776399,1776399,2016244
1776434,1776434,2016244
1776705,1776705,2016244
1776890,1776890,2016244
1777750,1777750,2016244
1777875,1777875,2016244
1777886,1777886,2016244
1778087,1778087,2016244
1778214,1778214,2016244
1778637,1778637,2016244
1779029,1779029,2016244
1779295,1779295,2016244
1779389,1779389,2016244
1779730,1779730,2016244
1779765,1779765,2016244
1779830,1779830,2016244
1779852,1779852,2016244
1780044,1780044,2016244
1780138,1780138,2016244
1780250,1780250,2016244
1780398,1780398,2016244
1780538,1780538,2016244
1780615,1780615,2016244
1780959,1780959,2016244
1781007,1781007,2016244
1781014,1781014,2016244
1782008,1782008,2016244
1782152,1782152,2016244
1782581,1782581,2016244
1782833,1782833,2016244
1783318,1783318,2016244
1783679,1783679,2016244
1784406,1784406,2016244
1784756,1784756,2016244
1785247,1785247,2016244
1785254,1785254,2016244
1785298,1785298,2016244
1785378,1785378,2016244
1785425,1785425,2016244
1785455,1785455,2016244
1785883,1785883,2016244
1785918,1785918,2016244
1786263,1786263,2016244
1786273,1786273,2016244
1786850,1786850,2016244
1786871,1786871,2016244
1787009,1787009,2016244
1787097,1787097,2016244
1787129,1787129,2016244
1787400,1787400,2016244
1787524,1787524,2016244
1787529,1787529,2016244
1787585,1787585,2016244
1787693,1787693,2016244
1787860,1787860,2016244
1787881,1787881,2016244
1788271,1788271,2016244
1788463,1788463,2016244
1788615,1788615,2016244
1788648,1788648,2016244
1788832,1788832,2016244
1788886,1788886,2016244
1789142,1789142,2016244
1789529,1789529,2016244
1789769,1789769,2016244
1790068,1790068,2016244
1790924,1790924,2016244
1791363,1791363,2016244
1791738,1791738,2016244
1792399,1792399,2016244
1792851,1792851,2016244
1792922,1792922,2016244
1793072,1793072,2016244
1793145,1793145,2016244
1793731,1793731,2016244
1794604,1794604,2016244
1794902,1794902,2016244
1794920,1794920,2016244
1795070,1795070,2016244
1795288,1795288,2016244
1795366,1795366,2016244
1795414,1795414,2016244
1795945,1795945,2016244
1796216,1796216,2016244
1796246,1796246,2016244
1796739,1796739,2016244
1797288,1797288,2016244
1797341,1797341,2016244
1797409,1797409,2016244
1797516,1797516,2016244
1797525,1797525,2016244
1798345,1798345,2016244
1798627,1798627,2016244
1798802,1798802,2016244
1799018,1799018,2016244
1799162,1799162,2016244
1799203,1799203,2016244
1799265,1799265,2016244
1799401,1799401,2016244
1799857,1799857,2016244
1800091,1800091,2016244
1800172,1800172,2016244
1800396,1800396,2016244
1800642,1800642,2016244
1800654,1800654,2016244
1801247,1801247,2016244
1801350,1801350,2016244
1801996,1801996,2016244
1802033,1802033,2016244
1802096,1802096,2016244
1802791,1802791,2016244
1802882,1802882,2016244
1802939,1802939,2016244
1803081,1803081,2016244
1803238,1803238,2016244
1803535,1803535,2016244
1803662,1803662,2016244
1803726,1803726,2016244
1804008,1804008,2016244
1804716,1804716,2016244
1804806,1804806,2016244
1804927,1804927,2016244
1804940,1804940,2016244
1805423,1805423,2016244
1805754,1805754,2016244
1805809,1805809,2016244
1806066,1806066,2016244
1806598,1806598,2016244
1806793,1806793,2016244
1806970,1806970,2016244
1807508,1807508,2016244
1808142,1808142,2016244
1808400,1808400,2016244
1808528,1808528,2016244
1808720,1808720,2016244
1808961,1808961,2016244
1809001,1809001,2016244
1809130,1809130,2016244
1809636,1809636,2016244
1810154,1810154,2016244
1810803,1810803,2016244
1810812,1810812,2016244
1811643,1811643,2016244
1812185,1812185,2016244
1812311,1812311,2016244
1812398,1812398,2016244
1812896,1812896,2016244
1813316,1813316,2016244
1813369,1813369,2016244
1813697,1813697,2016244
1814162,1814162,2016244
1814649,1814649,2016244
1814676,1814676,2016244
1814864,1814864,2016244
1815445,1815445,2016244
1815785,1815785,2016244
1815941,1815941,2016244
1816174,1816174,2016244
1816332,1816332,2016244
1816399,1816399,2016244
1816631,1816631,2016244
1816705,1816705,2016244
1816891,1816891,2016244
1816923,1816923,2016244
1816989,1816989,2016244
1817150,1817150,2016244
1817276,1817276,2016244
1817536,1817536,2016244
1817688,1817688,2016244
1817763,1817763,2016244
1817926,1817926,2016244
1818161,1818161,2016244
1818165,1818165,2016244
1818687,1818687,2016244
1818794,1818794,2016244
1818926,1818926,2016244
1818975,1818975,2016244
1819091,1819091,2016244
1819712,1819712,2016244
1819753,1819753,2016244
1819870,1819870,2016244
1820418,1820418,2016244
1820899,1820899,2016244
1820907,1820907,2016244
1820913,1820913,2016244
1821118,1821118,2016244
1821210,1821210,2016244
1821521,1821521,2016244
1821670,1821670,2016244
1821790,1821790,2016244
1822009,1822009,2016244
1822078,1822078,2016244
1822577,1822577,2016244
1822848,1822848,2016244
1823039,1823039,2016244
1823157,1823157,2016244
1823227,1823227,2016244
1823380,1823380,2016244
1823803,1823803,2016244
1824184,1824184,2016244
1824528,1824528,2016244
1824539,1824539,2016244
1824967,1824967,2016244
1825054,1825054,2016244
1825070,1825070,2016244
1825123,1825123,2016244
1825769,1825769,2016244
1825791,1825791,2016244
1825960,1825960,2016244
1826123,1826123,2016244
1826300,1826300,2016244
1826334,1826334,2016244
1826474,1826474,2016244
1826802,1826802,2016244
1826926,1826926,2016244
1826938,1826938,2016244
1827048,1827048,2016244
1827223,1827223,2016244
1827519,1827519,2016244
1828654,1828654,2016244
1828845,1828845,2016244
1829015,1829015,2016244
1829484,1829484,2016244
1829750,1829750,2016244
1829804,1829804,2016244
1830274,1830274,2016244
1830457,1830457,2016244
1830671,1830671,2016244
1831033,1831033,2016244
1831261,1831261,2016244
1831286,1831286,2016244
1831494,1831494,2016244
1831758,1831758,2016244
1832226,1832226,2016244
1832771,1832771,2016244
1833054,1833054,2016244
1833154,1833154,2016244
1833274,1833274,2016244
1833373,1833373,2016244
1833449,1833449,2016244
1833582,1833582,2016244
1834075,1834075,2016244
1834139,1834139,2016244
1835210,1835210,2016244
1835313,1835313,2016244
1835522,1835522,2016244
1835556,1835556,2016244
1835604,1835604,2016244
1836290,1836290,2016244
1836634,1836634,2016244
1836784,1836784,2016244
1836913,1836913,2016244
1837138,1837138,2016244
1837197,1837197,2016244
1838401,1838401,2016244
1838906,1838906,2016244
1839292,1839292,2016244
1839706,1839706,2016244
1839771,1839771,2016244
1839896,1839896,2016244
1840113,1840113,2016244
1840565,1840565,2016244
1840883,1840883,2016244
1841101,1841101,2016244
1841161,1841161,2016244
1841373,1841373,2016244
1841386,1841386,2016244
1842052,1842052,2016244
1842277,1842277,2016244
1842554,1842554,2016244
1842790,1842790,2016244
1843122,1843122,2016244
1843232,1843232,2016244
1843488,1843488,2016244
1843594,1843594,2016244
1843602,1843602,2016244
1844001,1844001,2016244
1844080,1844080,2016244
1844179,1844179,2016244
1844865,1844865,2016244
1844918,1844918,2016244
1845181,1845181,2016244
1845601,1845601,2016244
1846060,1846060,2016244
1846090,1846090,2016244
1846144,1846144,2016244
1846637,1846637,2016244
1846639,1846639,2016244
1846797,1846797,2016244
1847010,1847010,2016244
1847092,1847092,2016244
1847324,1847324,2016244
1847360,1847360,2016244
1847408,1847408,2016244
1847893,1847893,2016244
1848316,1848316,2016244
1848441,1848441,2016244
1848465,1848465,2016244
1848485,1848485,2016244
1848745,1848745,2016244
1849547,1849547,2016244
1849683,1849683,2016244
1850029,1850029,2016244
1850341,1850341,2016244
1850568,1850568,2016244
1850582,1850582,2016244
1850786,1850786,2016244
1851103,1851103,2016244
1851178,1851178,2016244
1851394,1851394,2016244
1852107,1852107,2016244
1852129,1852129,2016244
1852297,1852297,2016244
1852430,1852430,2016244
1852677,1852677,2016244
1853823,1853823,2016244
1854049,1854049,2016244
1854210,1854210,2016244
1854820,1854820,2016244
1854979,1854979,2016244
1855056,1855056,2016244
1855188,1855188,2016244
1855246,1855246,2016244
1855508,1855508,2016244
1855542,1855542,2016244
1855573,1855573,2016244
1855700,1855700,2016244
1855782,1855782,2016244
1856077,1856077,2016244
1856118,1856118,2016244
1856125,1856125,2016244
1856321,1856321,2016244
1856575,1856575,2016244
1856937,1856937,2016244
1856958,1856958,2016244
1857902,1857902,2016244
1857960,1857960,2016244
1858562,1858562,2016244
1858655,1858655,2016244
1858656,1858656,2016244
1858660,1858660,2016244
1859058,1859058,2016244
1859127,1859127,2016244
1859566,1859566,2016244
1859866,1859866,2016244
1860426,1860426,2016244
1861148,1861148,2016244
1861403,1861403,2016244
1861679,1861679,2016244
1861875,1861875,2016244
1862755,1862755,2016244
1863160,1863160,2016244
1863218,1863218,2016244
1863479,1863479,2016244
1863591,1863591,2016244
1863622,1863622,2016244
1863774,1863774,2016244
1864124,1864124,2016244
1864128,1864128,2016244
1864734,1864734,2016244
1865128,1865128,2016244
1865215,1865215,2016244
1865713,1865713,2016244
1865730,1865730,2016244
1865773,1865773,2016244
1866303,1866303,2016244
1866363,1866363,2016244
1866458,1866458,2016244
1866743,1866743,2016244
1866926,1866926,2016244
1866955,1866955,2016244
1867005,1867005,2016244
1867113,1867113,2016244
1867132,1867132,2016244
1867356,1867356,2016244
1867669,1867669,2016244
1867952,1867952,2016244
1868604,1868604,2016244
1868639,1868639,2016244
1868898,1868898,2016244
1869029,1869029,2016244
1869232,1869232,2016244
1869772,1869772,2016244
1869803,1869803,2016244
1869839,1869839,2016244
1869897,1869897,2016244
1870142,1870142,2016244
1870894,1870894,2016244
1871387,1871387,2016244
1871583,1871583,2016244
1871809,1871809,2016244
1871880,1871880,2016244
1871941,1871941,2016244
1872101,1872101,2016244
1872352,1872352,2016244
1872359,1872359,2016244
1872386,1872386,2016244
1872409,1872409,2016244
1873078,1873078,2016244
1873279,1873279,2016244
1873353,1873353,2016244
1873766,1873766,2016244
1875035,1875035,2016244
1875899,1875899,2016244
1875968,1875968,2016244
1876248,1876248,2016244
1876480,1876480,2016244
1876536,1876536,2016244
1876608,1876608,2016244
1876628,1876628,2016244
1876714,1876714,2016244
1876796,1876796,2016244
1876832,1876832,2016244
1877022,1877022,2016244
1877188,1877188,2016244
1877224,1877224,2016244
1877386,1877386,2016244
1878221,1878221,2016244
1878710,1878710,2016244
1879211,1879211,2016244
1879330,1879330,2016244
1879353,1879353,2016244
1879510,1879510,2016244
1879707,1879707,2016244
1880135,1880135,2016244
1880851,1880851,2016244
1880993,1880993,2016244
1881400,1881400,2016244
1881616,1881616,2016244
1881903,1881903,2016244
1882210,1882210,2016244
1882485,1882485,2016244
1882772,1882772,2016244
1882795,1882795,2016244
1882928,1882928,2016244
1883332,1883332,2016244
1883334,1883334,2016244
1883800,1883800,2016244
1883811,1883811,2016244
1883812,1883812,2016244
1883943,1883943,2016244
1884104,1884104,2016244
1884214,1884214,2016244
1884309,1884309,2016244
1884601,1884601,2016244
1884772,1884772,2016244
1885167,1885167,2016244
1885527,1885527,2016244
1885565,1885565,2016244
1885675,1885675,2016244
1885909,1885909,2016244
1886079,1886079,2016244
1886327,1886327,2016244
1886357,1886357,2016244
1886801,1886801,2016244
1887031,1887031,2016244
1887572,1887572,2016244
1887590,1887590,2016244
1888167,1888167,2016244
1888353,1888353,2016244
1888613,1888613,2016244
1888635,1888635,2016244
1888979,1888979,2016244
1888999,1888999,2016244
1889315,1889315,2016244
1889375,1889375,2016244
1889482,1889482,2016244
1889625,1889625,2016244
1889772,1889772,2016244
1889878,1889878,2016244
1889992,1889992,2016244
1890018,1890018,2016244
1890054,1890054,2016244
1890101,1890101,2016244
1890339,1890339,2016244
1890687,1890687,2016244
1890739,1890739,2016244
1890938,1890938,2016244
1891023,1891023,2016244
1891141,1891141,2016244
1891655,1891655,2016244
1891676,1891676,2016244
1891783,1891783,2016244
1891812,1891812,2016244
1892232,1892232,2016244
1892499,1892499,2016244
1892553,1892553,2016244
1892600,1892600,2016244
1892729,1892729,2016244
1893323,1893323,2016244
1893434,1893434,2016244
1894171,1894171,2016244
1894363,1894363,2016244
1894388,1894388,2016244
1894613,1894613,2016244
1894868,1894868,2016244
1894907,1894907,2016244
1895012,1895012,2016244
1895039,1895039,2016244
1895149,1895149,2016244
1895311,1895311,2016244
1895361,1895361,2016244
1895381,1895381,2016244
1895418,1895418,2016244
1895625,1895625,2016244
1895719,1895719,2016244
1895874,1895874,2016244
1896034,1896034,2016244
1896317,1896317,2016244
1896596,1896596,2016244
1896898,1896898,2016244
1896985,1896985,2016244
1897239,1897239,2016244
1897262,1897262,2016244
1897325,1897325,2016244
1897605,1897605,2016244
1898069,1898069,2016244
1898210,1898210,2016244
1898351,1898351,2016244
1898846,1898846,2016244
1899103,1899103,2016244
1899181,1899181,2016244
1899493,1899493,2016244
1899635,1899635,2016244
1900123,1900123,2016244
1900795,1900795,2016244
1900799,1900799,2016244
1900902,1900902,2016244
1901012,1901012,2016244
1901014,1901014,2016244
1901228,1901228,2016244
1901549,1901549,2016244
1901622,1901622,2016244
1901769,1901769,2016244
1902437,1902437,2016244
1902538,1902538,2016244
1902976,1902976,2016244
1903497,1903497,2016244
1903710,1903710,2016244
1904123,1904123,2016244
1904359,1904359,2016244
1904604,1904604,2016244
1905441,1905441,2016244
1905473,1905473,2016244
1905674,1905674,2016244
1905805,1905805,2016244
1906536,1906536,2016244
1906556,1906556,2016244
1906675,1906675,2016244
1907296,1907296,2016244
1907490,1907490,2016244
1907493,1907493,2016244
1907790,1907790,2016244
1907920,1907920,2016244
1908008,1908008,2016244
1909042,1909042,2016244
1909697,1909697,2016244
1910573,1910573,2016244
1910834,1910834,2016244
1910890,1910890,2016244
1911252,1911252,2016244
1911351,1911351,2016244
1911539,1911539,2016244
1911576,1911576,2016244
1911614,1911614,2016244
1911772,1911772,2016244
1911886,1911886,2016244
1912862,1912862,2016244
1913026,1913026,2016244
1913036,1913036,2016244
1913096,1913096,2016244
1913188,1913188,2016244
1913955,1913955,2016244
1914058,1914058,2016244
1914150,1914150,2016244
1914303,1914303,2016244
1914441,1914441,2016244
1914517,1914517,2016244
1914761,1914761,2016244
1914835,1914835,2016244
1914853,1914853,2016244
1914991,1914991,2016244
1915063,1915063,2016244
1915482,1915482,2016244
1915865,1915865,2016244
1916468,1916468,2016244
1916695,1916695,2016244
1916833,1916833,2016244
1917307,1917307,2016244
1917498,1917498,2016244
1917949,1917949,2016244
1918232,1918232,2016244
1918482,1918482,2016244
1918528,1918528,2016244
1918987,1918987,2016244
1919098,1919098,2016244
1919773,1919773,2016244
1919867,1919867,2016244
1920143,1920143,2016244
1920793,1920793,2016244
1920891,1920891,2016244
1921061,1921061,2016244
1921140,1921140,2016244
1922183,1922183,2016244
1922212,1922212,2016244
1923136,1923136,2016244
1923346,1923346,2016244
1923729,1923729,2016244
1923747,1923747,2016244
1925148,1925148,2016244
1925320,1925320,2016244
1925385,1925385,2016244
1925532,1925532,2016244
1925785,1925785,2016244
1925858,1925858,2016244
1925891,1925891,2016244
1925937,1925937,2016244
1926012,1926012,2016244
1926692,1926692,2016244
1926981,1926981,2016244
1927146,1927146,2016244
1927162,1927162,2016244
1927268,1927268,2016244
1927619,1927619,2016244
1927735,1927735,2016244
1927799,1927799,2016244
1927829,1927829,2016244
1927992,1927992,2016244
1928121,1928121,2016244
1928152,1928152,2016244
1928318,1928318,2016244
1928518,1928518,2016244
1928545,1928545,2016244
1929414,1929414,2016244
1929685,1929685,2016244
1930164,1930164,2016244
1930932,1930932,2016244
1931113,1931113,2016244
1931494,1931494,2016244
1931541,1931541,2016244
1931969,1931969,2016244
1931981,1931981,2016244
1932009,1932009,2016244
1932482,1932482,2016244
1933512,1933512,2016244
1933750,1933750,2016244
1934064,1934064,2016244
1934363,1934363,2016244
1934699,1934699,2016244
1934884,1934884,2016244
1934966,1934966,2016244
1935782,1935782,2016244
1936130,1936130,2016244
1936395,1936395,2016244
1936481,1936481,2016244
1936553,1936553,2016244
1936759,1936759,2016244
1936795,1936795,2016244
1936953,1936953,2016244
1937099,1937099,2016244
1937107,1937107,2016244
1937242,1937242,2016244
1937645,1937645,2016244
1937954,1937954,2016244
1937989,1937989,2016244
1938314,1938314,2016244
1938360,1938360,2016244
1938901,1938901,2016244
1939340,1939340,2016244
1939608,1939608,2016244
1940030,1940030,2016244
1940082,1940082,2016244
1940206,1940206,2016244
1940215,1940215,2016244
1940311,1940311,2016244
1940815,1940815,2016244
1940824,1940824,2016244
1941122,1941122,2016244
1941139,1941139,2016244
1941347,1941347,2016244
1941492,1941492,2016244
1941662,1941662,2016244
1942111,1942111,2016244
1942157,1942157,2016244
1942917,1942917,2016244
1943150,1943150,2016244
1943478,1943478,2016244
1943789,1943789,2016244
1944085,1944085,2016244
1944232,1944232,2016244
1944353,1944353,2016244
1944403,1944403,2016244
1944478,1944478,2016244
1944493,1944493,2016244
1944511,1944511,2016244
1944627,1944627,2016244
1944753,1944753,2016244
1945094,1945094,2016244
1945188,1945188,2016244
1945928,1945928,2016244
1946242,1946242,2016244
1946566,1946566,2016244
1946945,1946945,2016244
1947034,1947034,2016244
1947231,1947231,2016244
1947489,1947489,2016244
1947582,1947582,2016244
1947946,1947946,2016244
1948448,1948448,2016244
1948469,1948469,2016244
1948480,1948480,2016244
1948821,1948821,2016244
1948946,1948946,2016244
1949427,1949427,2016244
1949524,1949524,2016244
1950365,1950365,2016244
1950777,1950777,2016244
1951003,1951003,2016244
1951006,1951006,2016244
1951084,1951084,2016244
1951223,1951223,2016244
1952297,1952297,2016244
1952333,1952333,2016244
1952556,1952556,2016244
1952724,1952724,2016244
1952944,1952944,2016244
1953460,1953460,2016244
1953790,1953790,2016244
1954119,1954119,2016244
1954307,1954307,2016244
1954903,1954903,2016244
1954903,1954903,2016244
1955198,1955198,2016244
1955326,1955326,2016244
1955449,1955449,2016244
1955722,1955722,2016244
1955998,1955998,2016244
1956066,1956066,2016244
1956239,1956239,2016244
1956317,1956317,2016244
1956340,1956340,2016244
1956382,1956382,2016244
1956635,1956635,2016244
1956835,1956835,2016244
1956912,1956912,2016244
1956930,1956930,2016244
1957040,1957040,2016244
1957184,1957184,2016244
1957348,1957348,2016244
1957617,1957617,2016244
1957661,1957661,2016244
1957942,1957942,2016244
1957959,1957959,2016244
1958025,1958025,2016244
1958299,1958299,2016244
1958387,1958387,2016244
1958964,1958964,2016244
1959413,1959413,2016244
1959670,1959670,2016244
1959780,1959780,2016244
1960404,1960404,2016244
1960419,1960419,2016244
1960446,1960446,2016244
1960588,1960588,2016244
1960597,1960597,2016244
1960999,1960999,2016244
1961038,1961038,2016244
1961208,1961208,2016244
1961302,1961302,2016244
1961400,1961400,2016244
1962627,1962627,2016244
1962670,1962670,2016244
1962820,1962820,2016244
1963552,1963552,2016244
1963705,1963705,2016244
1963803,1963803,2016244
1963982,1963982,2016244
1964065,1964065,2016244
1964510,1964510,2016244
1964729,1964729,2016244
1964746,1964746,2016244
1965076,1965076,2016244
1965131,1965131,2016244
1965642,1965642,2016244
1966015,1966015,2016244
1966358,1966358,2016244
1967351,1967351,2016244
1968447,1968447,2016244
1968761,1968761,2016244
1968834,1968834,2016244
1968917,1968917,2016244
1969781,1969781,2016244
1969971,1969971,2016244
1970194,1970194,2016244
1970230,1970230,2016244
1970235,1970235,2016244
1970508,1970508,2016244
1971049,1971049,2016244
1971355,1971355,2016244
1971421,1971421,2016244
1971674,1971674,2016244
1971764,1971764,2016244
1971901,1971901,2016244
1972142,1972142,2016244
1972260,1972260,2016244
1972321,1972321,2016244
1972339,1972339,2016244
1972341,1972341,2016244
1972684,1972684,2016244
1973035,1973035,2016244
1973122,1973122,2016244
1973149,1973149,2016244
1973175,1973175,2016244
1973351,1973351,2016244
1973516,1973516,2016244
1973665,1973665,2016244
1973672,1973672,2016244
1974108,1974108,2016244
1974436,1974436,2016244
1974958,1974958,2016244
1975313,1975313,2016244
1975433,1975433,2016244
1975712,1975712,2016244
1975806,1975806,2016244
1976210,1976210,2016244
1976614,1976614,2016244
1976645,1976645,2016244
1976651,1976651,2016244
1976678,1976678,2016244
1976730,1976730,2016244
1976850,1976850,2016244
1976956,1976956,2016244
1977213,1977213,2016244
1977283,1977283,2016244
1977360,1977360,2016244
1977397,1977397,2016244
1977443,1977443,2016244
1977472,1977472,2016244
1977476,1977476,2016244
1977574,1977574,2016244
1977946,1977946,2016244
1977965,1977965,2016244
1978141,1978141,2016244
1978781,1978781,2016244
1978854,1978854,2016244
1978929,1978929,2016244
1978935,1978935,2016244
1978939,1978939,2016244
1979130,1979130,2016244
1979212,1979212,2016244
1979407,1979407,2016244
1979467,1979467,2016244
1979593,1979593,2016244
1980146,1980146,2016244
1980352,1980352,2016244
1980425,1980425,2016244
1980461,1980461,2016244
1980493,1980493,2016244
1980626,1980626,2016244
1980628,1980628,2016244
1980886,1980886,2016244
1980928,1980928,2016244
1980958,1980958,2016244
1980970,1980970,2016244
1981654,1981654,2016244
1981705,1981705,2016244
1981915,1981915,2016244
1982033,1982033,2016244
1982122,1982122,2016244
1982145,1982145,2016244
1982286,1982286,2016244
1982443,1982443,2016244
1982967,1982967,2016244
1982972,1982972,2016244
1983361,1983361,2016244
1983434,1983434,2016244
1983760,1983760,2016244
1983948,1983948,2016244
1983967,1983967,2016244
1984000,1984000,2016244
1984034,1984034,2016244
1984442,1984442,2016244
1984529,1984529,2016244
1984718,1984718,2016244
1985033,1985033,2016244
1985204,1985204,2016244
1985410,1985410,2016244
1985650,1985650,2016244
1985978,1985978,2016244
1986143,1986143,2016244
1986890,1986890,2016244
1986916,1986916,2016244
1987068,1987068,2016244
1987078,1987078,2016244
1987161,1987161,2016244
1987215,1987215,2016244
1987468,1987468,2016244
1987566,1987566,2016244
1987615,1987615,2016244
1987654,1987654,2016244
1987717,1987717,2016244
1987812,1987812,2016244
1987859,1987859,2016244
1987949,1987949,2016244
1988301,1988301,2016244
1988369,1988369,2016244
1988378,1988378,2016244
1989089,1989089,2016244
1989492,1989492,2016244
1989742,1989742,2016244
1989800,1989800,2016244
1989837,1989837,2016244
1989846,1989846,2016244
1989853,1989853,2016244
1990009,1990009,2016244
1990276,1990276,2016244
1990455,1990455,2016244
1990506,1990506,2016244
1990547,1990547,2016244
1990977,1990977,2016244
1991004,1991004,2016244
1991166,1991166,2016244
1991404,1991404,2016244
1991564,1991564,2016244
1992193,1992193,2016244
1992438,1992438,2016244
1992575,1992575,2016244
1992893,1992893,2016244
1993271,1993271,2016244
1993688,1993688,2016244
1993986,1993986,2016244
1994139,1994139,2016244
1994846,1994846,2016244
1995583,1995583,2016244
1996157,1996157,2016244
1996539,1996539,2016244
1996590,1996590,2016244
1996734,1996734,2016244
1996873,1996873,2016244
1997042,1997042,2016244
1997211,1997211,2016244
1997709,1997709,2016244
1997856,1997856,2016244
1997901,1997901,2016244
1998044,1998044,2016244
1998085,1998085,2016244
1998321,1998321,2016244
1999101,1999101,2016244
1999135,1999135,2016244
2000037,2000037,2016244
2000049,2000049,2016244
2000507,2000507,2016244
2000709,2000709,2016244
2001136,2001136,2016244
2001566,2001566,2016244
2002323,2002323,2016244
2002467,2002467,2016244
2002522,2002522,2016244
2002537,2002537,2016244
2002816,2002816,2016244
2003118,2003118,2016244
2003254,2003254,2016244
2003618,2003618,2016244
2003651,2003651,2016244
2003794,2003794,2016244
2004403,2004403,2016244
2004699,2004699,2016244
2004872,2004872,2016244
2004918,2004918,2016244
2005302,2005302,2016244
2005664,2005664,2016244
2005971,2005971,2016244
2007032,2007032,2016244
2007108,2007108,2016244
2007355,2007355,2016244
2007414,2007414,2016244
2007453,2007453,2016244
2007596,2007596,2016244
2007658,2007658,2016244
2007711,2007711,2016244
2007957,2007957,2016244
2008390,2008390,2016244
2008396,2008396,2016244
2008461,2008461,2016244
2008728,2008728,2016244
2008908,2008908,2016244
2009195,2009195,2016244
2009258,2009258,2016244
2010060,2010060,2016244
2010066,2010066,2016244
2010698,2010698,2016244
2010884,2010884,2016244
2011027,2011027,2016244
2011556,2011556,2016244
2012367,2012367,2016244
2012827,2012827,2016244
2012997,2012997,2016244
2013101,2013101,2016244
2013201,2013201,2016244
2013483,2013483,2016244
2013510,2013510,2016244
2014201,2014201,2016244
2014225,2014225,2016244
2014907,2014907,2016244
2014912,2014912,2016244
2015038,2015038,2016244
2015157,2015157,2016244
2015888,2015888,2016244
2015925,2015925,2016244
2016141,2016141,2016244
2016232,2016232,2016244
2016320,2016320,3011865
2016757,2016757,3011865
2016834,2016834,3011865
2017122,2017122,3011865
2017976,2017976,3011865
2018071,2018071,3011865
2018295,2018295,3011865
2018315,2018315,3011865
2018780,2018780,3011865
2018826,2018826,3011865
2018885,2018885,3011865
2018890,2018890,3011865
2018977,2018977,3011865
2019870,2019870,3011865
2019895,2019895,3011865
2020132,2020132,3011865
2020449,2020449,3011865
2020574,2020574,3011865
2020829,2020829,3011865
2020847,2020847,3011865
2020968,2020968,3011865
2021503,2021503,3011865
2021935,2021935,3011865
2022434,2022434,3011865
2023086,2023086,3011865
2023564,2023564,3011865
2023843,2023843,3011865
2024009,2024009,3011865
2024137,2024137,3011865
2024177,2024177,3011865
2024340,2024340,3011865
2024442,2024442,3011865
2024877,2024877,3011865
2024951,2024951,3011865
2025414,2025414,3011865
2025502,2025502,3011865
2025712,2025712,3011865
2025956,2025956,3011865
2026092,2026092,3011865
2026592,2026592,3011865
2026751,2026751,3011865
2027154,2027154,3011865
2027185,2027185,3011865
2027500,2027500,3011865
2027781,2027781,3011865
2027953,2027953,3011865
2027969,2027969,3011865
2028222,2028222,3011865
2028601,2028601,3011865
2028648,2028648,3011865
2028681,2028681,3011865
2029006,2029006,3011865
2029282,2029282,3011865
2029481,2029481,3011865
2029643,2029643,3011865
2029825,2029825,3011865
2029846,2029846,3011865
2030038,2030038,3011865
2030063,2030063,3011865
2030217,2030217,3011865
2030343,2030343,3011865
2031524,2031524,3011865
2031734,2031734,3011865
2032146,2032146,3011865
2032268,2032268,3011865
2032649,2032649,3011865
2032983,2032983,3011865
2033155,2033155,3011865
2033463,2033463,3011865
2033966,2033966,3011865
2034319,2034319,3011865
2034819,2034819,3011865
2035194,2035194,3011865
2035277,2035277,3011865
2035767,2035767,3011865
2035800,2035800,3011865
2036134,2036134,3011865
2036181,2036181,3011865
2036292,2036292,3011865
2036425,2036425,3011865
2036526,2036526,3011865
2036529,2036529,3011865
2036597,2036597,3011865
2037269,2037269,3011865
2037410,2037410,3011865
2037996,2037996,3011865
2038054,2038054,3011865
2038255,2038255,3011865
2038577,2038577,3011865
2038862,2038862,3011865
2038944,2038944,3011865
2039102,2039102,3011865
2039383,2039383,3011865
2039606,2039606,3011865
2040510,2040510,3011865
2040575,2040575,3011865
2040702,2040702,3011865
2040903,2040903,3011865
2041160,2041160,3011865
2041673,2041673,3011865
2041812,2041812,3011865
2041897,2041897,3011865
2042274,2042274,3011865
2042485,2042485,3011865
2042513,2042513,3011865
2043031,2043031,3011865
2043289,2043289,3011865
2043711,2043711,3011865
2043720,2043720,3011865
2043740,2043740,3011865
2044286,2044286,3011865
2044295,2044295,3011865
2044325,2044325,3011865
2044411,2044411,3011865
2044627,2044627,3011865
2045044,2045044,3011865
2045255,2045255,3011865
2045477,2045477,3011865
2045580,2045580,3011865
2045685,2045685,3011865
2045808,2045808,3011865
2046176,2046176,3011865
2046208,2046208,3011865
2046210,2046210,3011865
2047398,2047398,3011865
2047456,2047456,3011865
2047567,2047567,3011865
2047838,2047838,3011865
2048180,2048180,3011865
2048448,2048448,3011865
2048653,2048653,3011865
2048751,2048751,3011865
2048916,2048916,3011865
2049046,2049046,3011865
2049055,2049055,3011865
2049306,2049306,3011865
2049675,2049675,3011865
2049814,2049814,3011865
2049893,2049893,3011865
2049977,2049977,3011865
2050000,2050000,3011865
2050334,2050334,3011865
2050472,2050472,3011865
2050476,2050476,3011865
2050534,2050534,3011865
2050606,2050606,3011865
2050731,2050731,3011865
2050752,2050752,3011865
2050867,2050867,3011865
2050962,2050962,3011865
2051231,2051231,3011865
2051585,2051585,3011865
2051708,2051708,3011865
2051889,2051889,3011865
2051898,2051898,3011865
2051902,2051902,3011865
2052038,2052038,3011865
2052070,2052070,3011865
2052153,2052153,3011865
2052218,2052218,3011865
2052228,2052228,3011865
2052261,2052261,3011865
2052773,2052773,3011865
2052926,2052926,3011865
2052953,2052953,3011865
2053028,2053028,3011865
2053054,2053054,3011865
2053147,2053147,3011865
2053201,2053201,3011865
2053717,2053717,3011865
2053929,2053929,3011865
2054071,2054071,3011865
2054120,2054120,3011865
2055335,2055335,3011865
2055550,2055550,3011865
2055963,2055963,3011865
2056072,2056072,3011865
2056075,2056075,3011865
2056379,2056379,3011865
2056401,2056401,3011865
2056442,2056442,3011865
2056468,2056468,3011865
2057220,2057220,3011865
2057418,2057418,3011865
2057619,2057619,3011865
2057750,2057750,3011865
2058203,2058203,3011865
2058431,2058431,3011865
2058463,2058463,3011865
2058645,2058645,3011865
2058773,2058773,3011865
2058938,2058938,3011865
2059362,2059362,3011865
2059444,2059444,3011865
2059448,2059448,3011865
2059450,2059450,3011865
2059468,2059468,3011865
2059874,2059874,3011865
2060539,2060539,3011865
2060818,2060818,3011865
2061009,2061009,3011865
2061307,2061307,3011865
2061407,2061407,3011865
2061432,2061432,3011865
2061842,2061842,3011865
2063044,2063044,3011865
2063223,2063223,3011865
2063575,2063575,3011865
2063617,2063617,3011865
2063925,2063925,3011865
2064310,2064310,3011865
2064600,2064600,3011865
2065289,2065289,3011865
2065492,2065492,3011865
2065599,2065599,3011865
2065636,2065636,3011865
2066157,2066157,3011865
2066598,2066598,3011865
2066767,2066767,3011865
2066996,2066996,3011865
2067354,2067354,3011865
2067546,2067546,3011865
2067669,2067669,3011865
2067838,2067838,3011865
2068234,2068234,3011865
2068510,2068510,3011865
2068969,2068969,3011865
2069257,2069257,3011865
2069363,2069363,3011865
2070006,2070006,3011865
2070239,2070239,3011865
2070911,2070911,3011865
2070957,2070957,3011865
2071106,2071106,3011865
2071821,2071821,3011865
2072091,2072091,3011865
2072366,2072366,3011865
2072457,2072457,3011865
2072484,2072484,3011865
2073397,2073397,3011865
2073454,2073454,3011865
2073567,2073567,3011865
2074326,2074326,3011865
2074634,2074634,3011865
2075176,2075176,3011865
2075299,2075299,3011865
2075409,2075409,3011865
2075478,2075478,3011865
2075670,2075670,3011865
2075676,2075676,3011865
2075766,2075766,3011865
2076218,2076218,3011865
2076258,2076258,3011865
2076457,2076457,3011865
2076577,2076577,3011865
2076833,2076833,3011865
2077674,2077674,3011865
2077716,2077716,3011865
2078036,2078036,3011865
2078574,2078574,3011865
2078752,2078752,3011865
2078958,2078958,3011865
2078959,2078959,3011865
2078990,2078990,3011865
2079480,2079480,3011865
2079556,2079556,3011865
2079622,2079622,3011865
2079654,2079654,3011865
2079848,2079848,3011865
2080004,2080004,3011865
2080191,2080191,3011865
2080192,2080192,3011865
2080315,2080315,3011865
2080637,2080637,3011865
2080731,2080731,3011865
2080761,2080761,3011865
2081859,2081859,3011865
2082176,2082176,3011865
2082288,2082288,3011865
2082525,2082525,3011865
2082841,2082841,3011865
2083133,2083133,3011865
2083360,2083360,3011865
2083647,2083647,3011865
2084003,2084003,3011865
2084094,2084094,3011865
2084120,2084120,3011865
2084717,2084717,3011865
2084965,2084965,3011865
2085270,2085270,3011865
2085481,2085481,3011865
2085504,2085504,3011865
2085959,2085959,3011865
2086251,2086251,3011865
2086695,2086695,3011865
2086847,2086847,3011865
2087076,2087076,3011865
2087566,2087566,3011865
2087818,2087818,3011865
2087983,2087983,3011865
2088041,2088041,3011865
2088092,2088092,3011865
2088576,2088576,3011865
2089170,2089170,3011865
2089626,2089626,3011865
2090071,2090071,3011865
2090505,2090505,3011865
2090897,2090897,3011865
2091475,2091475,3011865
2092093,2092093,3011865
2092245,2092245,3011865
2093020,2093020,3011865
2093641,2093641,3011865
2093642,2093642,3011865
2093768,2093768,3011865
2093885,2093885,3011865
2094159,2094159,3011865
2094225,2094225,3011865
2094437,2094437,3011865
2094625,2094625,3011865
2094794,2094794,3011865
2094826,2094826,3011865
2094957,2094957,3011865
2095245,2095245,3011865
2095704,2095704,3011865
2095818,2095818,3011865
2095839,2095839,3011865
2095887,2095887,3011865
2096494,2096494,3011865
2096501,2096501,3011865
2097214,2097214,3011865
2097215,2097215,3011865
2097283,2097283,3011865
2097498,2097498,3011865
2098007,2098007,3011865
2098262,2098262,3011865
2098438,2098438,3011865
2098532,2098532,3011865
2098571,2098571,3011865
2098843,2098843,3011865
2098966,2098966,3011865
2099550,2099550,3011865
2099609,2099609,3011865
2099691,2099691,3011865
2099692,2099692,3011865
2099873,2099873,3011865
2100023,2100023,3011865
2100567,2100567,3011865
2100711,2100711,3011865
2101080,2101080,3011865
2101267,2101267,3011865
2101274,2101274,3011865
2102276,2102276,3011865
2102478,2102478,3011865
2102810,2102810,3011865
2103537,2103537,3011865
2104074,2104074,3011865
2104288,2104288,3011865
2105113,2105113,3011865
2105500,2105500,3011865
2105578,2105578,3011865
2105760,2105760,3011865
2106127,2106127,3011865
2106178,2106178,3011865
2106345,2106345,3011865
2106657,2106657,3011865
2107079,2107079,3011865
2107213,2107213,3011865
2107305,2107305,3011865
2107875,2107875,3011865
2108213,2108213,3011865
2108506,2108506,3011865
2108792,2108792,3011865
2108897,2108897,3011865
2109145,2109145,3011865
2109340,2109340,3011865
2109693,2109693,3011865
2109949,2109949,3011865
2110086,2110086,3011865
2110979,2110979,3011865
2111086,2111086,3011865
2111206,2111206,3011865
2111399,2111399,3011865
2111499,2111499,3011865
2111825,2111825,3011865
2112024,2112024,3011865
2112288,2112288,3011865
2112296,2112296,3011865
2112661,2112661,3011865
2112667,2112667,3011865
2112876,2112876,3011865
2113082,2113082,3011865
2113231,2113231,3011865
2113399,2113399,3011865
2113450,2113450,3011865
2113492,2113492,3011865
2113497,2113497,3011865
2113641,2113641,3011865
2113696,2113696,3011865
2113782,2113782,3011865
2113875,2113875,3011865
2114239,2114239,3011865
2114940,2114940,3011865
2115009,2115009,3011865
2115448,2115448,3011865
2115635,2115635,3011865
2116136,2116136,3011865
2116446,2116446,3011865
2116706,2116706,3011865
2116888,2116888,3011865
2116932,2116932,3011865
2117094,2117094,3011865
2117458,2117458,3011865
2117589,2117589,3011865
2117834,2117834,3011865
2117985,2117985,3011865
2118307,2118307,3011865
2119440,2119440,3011865
2119665,2119665,3011865
2120075,2120075,3011865
2120190,2120190,3011865
2120612,2120612,3011865
2121274,2121274,3011865
2121292,2121292,3011865
2121564,2121564,3011865
2121671,2121671,3011865
2121985,2121985,3011865
2122402,2122402,3011865
2122618,2122618,3011865
2122816,2122816,3011865
2123021,2123021,3011865
2123123,2123123,3011865
2123941,2123941,3011865
2123957,2123957,3011865
2124240,2124240,3011865
2124609,2124609,3011865
2124862,2124862,3011865
2124863,2124863,3011865
2125258,2125258,3011865
2125303,2125303,3011865
2126151,2126151,3011865
2126890,2126890,3011865
2127813,2127813,3011865
2127927,2127927,3011865
2127961,2127961,3011865
2128009,2128009,3011865
2128321,2128321,3011865
2128632,2128632,3011865
2128767,2128767,3011865
2129162,2129162,3011865
2129269,2129269,3011865
2129477,2129477,3011865
2129983,2129983,3011865
2130075,2130075,3011865
2130281,2130281,3011865
2131031,2131031,3011865
2131038,2131038,3011865
2131057,2131057,3011865
2131953,2131953,3011865
2133312,2133312,3011865
2133361,2133361,3011865
2133646,2133646,3011865
2133966,2133966,3011865
2134148,2134148,3011865
2134176,2134176,3011865
2134303,2134303,3011865
2134359,2134359,3011865
2134426,2134426,3011865
2134434,2134434,3011865
2134459,2134459,3011865
2134565,2134565,3011865
2135408,2135408,3011865
2135667,2135667,3011865
2136025,2136025,3011865
2136265,2136265,3011865
2136852,2136852,3011865
2137705,2137705,3011865
2138125,2138125,3011865
2138245,2138245,3011865
2138550,2138550,3011865
2138662,2138662,3011865
2138754,2138754,3011865
2139016,2139016,3011865
2139036,2139036,3011865
2139076,2139076,3011865
2139094,2139094,3011865
2139157,2139157,3011865
2139168,2139168,3011865
2139193,2139193,3011865
2139462,2139462,3011865
2139831,2139831,3011865
2139917,2139917,3011865
2139921,2139921,3011865
2140114,2140114,3011865
2140644,2140644,3011865
2141239,2141239,3011865
2141314,2141314,3011865
2141357,2141357,3011865
2141615,2141615,3011865
2141730,2141730,3011865
2141749,2141749,3011865
2141896,2141896,3011865
2142366,2142366,3011865
2142385,2142385,3011865
2142470,2142470,3011865
2142915,2142915,3011865
2143100,2143100,3011865
2143241,2143241,3011865
2143561,2143561,3011865
2143783,2143783,3011865
2143875,2143875,3011865
2143952,2143952,3011865
2144165,2144165,3011865
2144198,2144198,3011865
2144387,2144387,3011865
2144727,2144727,3011865
2144874,2144874,3011865
2145038,2145038,3011865
2145317,2145317,3011865
2145872,2145872,3011865
2146018,2146018,3011865
2146382,2146382,3011865
2146546,2146546,3011865
2146581,2146581,3011865
2146759,2146759,3011865
2146942,2146942,3011865
2147410,2147410,3011865
2147637,2147637,3011865
2147714,2147714,3011865
2148168,2148168,3011865
2148214,2148214,3011865
2148219,2148219,3011865
2148700,2148700,3011865
2148747,2148747,3011865
2148762,2148762,3011865
2148860,2148860,3011865
2148993,2148993,3011865
2149044,2149044,3011865
2150466,2150466,3011865
2150492,2150492,3011865
2150651,2150651,3011865
2150654,2150654,3011865
2150675,2150675,3011865
2151091,2151091,3011865
2151371,2151371,3011865
2151543,2151543,3011865
2151872,2151872,3011865
2152977,2152977,3011865
2153025,2153025,3011865
2153074,2153074,3011865
2153093,2153093,3011865
2153229,2153229,3011865
2153244,2153244,3011865
2153920,2153920,3011865
2154328,2154328,3011865
2154571,2154571,3011865
2155122,2155122,3011865
2155263,2155263,3011865
2155281,2155281,3011865
2155987,2155987,3011865
2156039,2156039,3011865
2156055,2156055,3011865
2156234,2156234,3011865
2156347,2156347,3011865
2156493,2156493,3011865
2156523,2156523,3011865
2156623,2156623,3011865
2156727,2156727,3011865
2156777,2156777,3011865
2156966,2156966,3011865
2157154,2157154,3011865
2157289,2157289,3011865
2157331,2157331,3011865
2157400,2157400,3011865
2158346,2158346,3011865
2158389,2158389,3011865
2159247,2159247,3011865
2159322,2159322,3011865
2159732,2159732,3011865
2159753,2159753,3011865
2160005,2160005,3011865
2160190,2160190,3011865
2160258,2160258,3011865
2160406,2160406,3011865
2160486,2160486,3011865
2160716,2160716,3011865
2161096,2161096,3011865
2161766,2161766,3011865
2161850,2161850,3011865
2162004,2162004,3011865
2162292,2162292,3011865
2162780,2162780,3011865
2162786,2162786,3011865
2163093,2163093,3011865
2163276,2163276,3011865
2163360,2163360,3011865
2163363,2163363,3011865
2163459,2163459,3011865
2163663,2163663,3011865
2163880,2163880,3011865
2163936,2163936,3011865
2164012,2164012,3011865
2164095,2164095,3011865
2164483,2164483,3011865
2164593,2164593,3011865
2164827,2164827,3011865
2164869,2164869,3011865
2165094,2165094,3011865
2165442,2165442,3011865
2165676,2165676,3011865
2165680,2165680,3011865
2165709,2165709,3011865
2165938,2165938,3011865
2166220,2166220,3011865
2166516,2166516,3011865
2166927,2166927,3011865
2166969,2166969,3011865
2167143,2167143,3011865
2167559,2167559,3011865
2167576,2167576,3011865
2167625,2167625,3011865
2167925,2167925,3011865
2168052,2168052,3011865
2168328,2168328,3011865
2168405,2168405,3011865
2169525,2169525,3011865
2169636,2169636,3011865
2169758,2169758,3011865
2169823,2169823,3011865
2169923,2169923,3011865
2170012,2170012,3011865
2170164,2170164,3011865
2170628,2170628,3011865
2170868,2170868,3011865
2170875,2170875,3011865
2170917,2170917,3011865
2171098,2171098,3011865
2171793,2171793,3011865
2171924,2171924,3011865
2172138,2172138,3011865
2172260,2172260,3011865
2172508,2172508,3011865
2172627,2172627,3011865
2173012,2173012,3011865
2173268,2173268,3011865
2173359,2173359,3011865
2173388,2173388,3011865
2173598,2173598,3011865
2173746,2173746,3011865
2174047,2174047,3011865
2174193,2174193,3011865
2174272,2174272,3011865
2175272,2175272,3011865
2175799,2175799,3011865
2176010,2176010,3011865
2176073,2176073,3011865
2176745,2176745,3011865
2177031,2177031,3011865
2177053,2177053,3011865
2177231,2177231,3011865
2177615,2177615,3011865
2177897,2177897,3011865
2177989,2177989,3011865
2178110,2178110,3011865
2178111,2178111,3011865
2178709,2178709,3011865
2178783,2178783,3011865
2179105,2179105,3011865
2179332,2179332,3011865
2179422,2179422,3011865
2179505,2179505,3011865
2179610,2179610,3011865
2179665,2179665,3011865
2179682,2179682,3011865
2180299,2180299,3011865
2180834,2180834,3011865
2181332,2181332,3011865
2181519,2181519,3011865
2181603,2181603,3011865
2181789,2181789,3011865
2181964,2181964,3011865
2182029,2182029,3011865
2182070,2182070,3011865
2182183,2182183,3011865
2182204,2182204,3011865
2182233,2182233,3011865
2182419,2182419,3011865
2182480,2182480,3011865
2182519,2182519,3011865
2183067,2183067,3011865
2183102,2183102,3011865
2183389,2183389,3011865
2183571,2183571,3011865
2184191,2184191,3011865
2184696,2184696,3011865
2184754,2184754,3011865
2184831,2184831,3011865
2185283,2185283,3011865
2185419,2185419,3011865
2186169,2186169,3011865
2186876,2186876,3011865
2187354,2187354,3011865
2187365,2187365,3011865
2187679,2187679,3011865
2187773,2187773,3011865
2187813,2187813,3011865
2188330,2188330,3011865
2188586,2188586,3011865
2188765,2188765,3011865
2188785,2188785,3011865
2189216,2189216,3011865
2189824,2189824,3011865
2190301,2190301,3011865
2191627,2191627,3011865
2191846,2191846,3011865
2191848,2191848,3011865
2191934,2191934,3011865
2192000,2192000,3011865
2192322,2192322,3011865
2192390,2192390,3011865
2192406,2192406,3011865
2192493,2192493,3011865
2192926,2192926,3011865
2193005,2193005,3011865
2193033,2193033,3011865
2193629,2193629,3011865
2193735,2193735,3011865
2193800,2193800,3011865
2193824,2193824,3011865
2194159,2194159,3011865
2194407,2194407,3011865
2195009,2195009,3011865
2195181,2195181,3011865
2195492,2195492,3011865
2196150,2196150,3011865
2196391,2196391,3011865
2196416,2196416,3011865
2196973,2196973,3011865
2197136,2197136,3011865
2197188,2197188,3011865
2197474,2197474,3011865
2197617,2197617,3011865
2197686,2197686,3011865
2198314,2198314,3011865
2198384,2198384,3011865
2199084,2199084,3011865
2199122,2199122,3011865
2199269,2199269,3011865
2200147,2200147,3011865
2200365,2200365,3011865
2200420,2200420,3011865
2200666,2200666,3011865
2200887,2200887,3011865
2201040,2201040,3011865
2201236,2201236,3011865
2201367,2201367,3011865
2201465,2201465,3011865
2201922,2201922,3011865
2202297,2202297,3011865
2202308,2202308,3011865
2202809,2202809,3011865
2202922,2202922,3011865
2202930,2202930,3011865
2203775,2203775,3011865
2203777,2203777,3011865
2203869,2203869,3011865
2204335,2204335,3011865
2204337,2204337,3011865
2204579,2204579,3011865
2204633,2204633,3011865
2204690,2204690,3011865
2204721,2204721,3011865
2204735,2204735,3011865
2204917,2204917,3011865
2205659,2205659,3011865
2205895,2205895,3011865
2206510,2206510,3011865
2206595,2206595,3011865
2206704,2206704,3011865
2207363,2207363,3011865
2207691,2207691,3011865
2207903,2207903,3011865
2207937,2207937,3011865
2208201,2208201,3011865
2208806,2208806,3011865
2208815,2208815,3011865
2208871,2208871,3011865
2209026,2209026,3011865
2209112,2209112,3011865
2209342,2209342,3011865
2210266,2210266,3011865
2210308,2210308,3011865
2210389,2210389,3011865
2211437,2211437,3011865
2211493,2211493,3011865
2211584,2211584,3011865
2211605,2211605,3011865
2211965,2211965,3011865
2211975,2211975,3011865
2211994,2211994,3011865
2212499,2212499,3011865
2213082,2213082,3011865
2213186,2213186,3011865
2213201,2213201,3011865
2213534,2213534,3011865
2213564,2213564,3011865
2214019,2214019,3011865
2214087,2214087,3011865
2214115,2214115,3011865
2214277,2214277,3011865
2214355,2214355,3011865
2214711,2214711,3011865
2215007,2215007,3011865
2215193,2215193,3011865
2215269,2215269,3011865
2215332,2215332,3011865
2215389,2215389,3011865
2215405,2215405,3011865
2215444,2215444,3011865
2215850,2215850,3011865
2216385,2216385,3011865
2216508,2216508,3011865
2217764,2217764,3011865
2217844,2217844,3011865
2218086,2218086,3011865
2218582,2218582,3011865
2219005,2219005,3011865
2219202,2219202,3011865
2220186,2220186,3011865
2220277,2220277,3011865
2220339,2220339,3011865
2220542,2220542,3011865
2220675,2220675,3011865
2220969,2220969,3011865
2221138,2221138,3011865
2221297,2221297,3011865
2221417,2221417,3011865
2221816,2221816,3011865
2221838,2221838,3011865
2222156,2222156,3011865
2222529,2222529,3011865
2222649,2222649,3011865
2222749,2222749,3011865
2223040,2223040,3011865
2223375,2223375,3011865
2223525,2223525,3011865
2223660,2223660,3011865
2224151,2224151,3011865
2224206,2224206,3011865
2224428,2224428,3011865
2224707,2224707,3011865
2224870,2224870,3011865
2225007,2225007,3011865
2225233,2225233,3011865
2225660,2225660,3011865
2225662,2225662,3011865
2225875,2225875,3011865
2225875,2225875,3011865
2226079,2226079,3011865
2226214,2226214,3011865
2226312,2226312,3011865
2226718,2226718,3011865
2226782,2226782,3011865
2226843,2226843,3011865
2226902,2226902,3011865
2227070,2227070,3011865
2227103,2227103,3011865
2227566,2227566,3011865
2227957,2227957,3011865
2227958,2227958,3011865
2228025,2228025,3011865
2228668,2228668,3011865
2229302,2229302,3011865
2229355,2229355,3011865
2229414,2229414,3011865
2229590,2229590,3011865
2229608,2229608,3011865
2229740,2229740,3011865
2229900,2229900,3011865
2230129,2230129,3011865
2230159,2230159,3011865
2230359,2230359,3011865
2230533,2230533,3011865
2230571,2230571,3011865
2230959,2230959,3011865
2231024,2231024,3011865
2231122,2231122,3011865
2231348,2231348,3011865
2231392,2231392,3011865
2231525,2231525,3011865
2232263,2232263,3011865
2232320,2232320,3011865
2232440,2232440,3011865
2232961,2232961,3011865
2233173,2233173,3011865
2233389,2233389,3011865
2233438,2233438,3011865
2233550,2233550,3011865
2233581,2233581,3011865
2233675,2233675,3011865
2233924,2233924,3011865
2234185,2234185,3011865
2234417,2234417,3011865
2234506,2234506,3011865
2234560,2234560,3011865
2234594,2234594,3011865
2234615,2234615,3011865
2234637,2234637,3011865
2234658,2234658,3011865
2235002,2235002,3011865
2235250,2235250,3011865
2236085,2236085,3011865
2236710,2236710,3011865
2236881,2236881,3011865
2237442,2237442,3011865
2237550,2237550,3011865
2237565,2237565,3011865
2238073,2238073,3011865
2238439,2238439,3011865
2238550,2238550,3011865
2239367,2239367,3011865
2239673,2239673,3011865
2239868,2239868,3011865
2240060,2240060,3011865
2240404,2240404,3011865
2240780,2240780,3011865
2241147,2241147,3011865
2241480,2241480,3011865
2241962,2241962,3011865
2243351,2243351,3011865
2243423,2243423,3011865
2243600,2243600,3011865
2244219,2244219,3011865
2244346,2244346,3011865
2244373,2244373,3011865
2244433,2244433,3011865
2244626,2244626,3011865
2244768,2244768,3011865
2245744,2245744,3011865
2245761,2245761,3011865
2246473,2246473,3011865
2246476,2246476,3011865
2246498,2246498,3011865
2246832,2246832,3011865
2246989,2246989,3011865
2247391,2247391,3011865
2247551,2247551,3011865
2247739,2247739,3011865
2247744,2247744,3011865
2247776,2247776,3011865
2247836,2247836,3011865
2248044,2248044,3011865
2248200,2248200,3011865
2248339,2248339,3011865
2249086,2249086,3011865
2249657,2249657,3011865
2250051,2250051,3011865
2250229,2250229,3011865
2250245,2250245,3011865
2250448,2250448,3011865
2250690,2250690,3011865
2250772,2250772,3011865
2251874,2251874,3011865
2251935,2251935,3011865
2251946,2251946,3011865
2252124,2252124,3011865
2252298,2252298,3011865
2252826,2252826,3011865
2252895,2252895,3011865
2253021,2253021,3011865
2253159,2253159,3011865
2253540,2253540,3011865
2253566,2253566,3011865
2253619,2253619,3011865
2253868,2253868,3011865
2254474,2254474,3011865
2254725,2254725,3011865
2254755,2254755,3011865
2255081,2255081,3011865
2255568,2255568,3011865
2255934,2255934,3011865
2255967,2255967,3011865
2256067,2256067,3011865
2256120,2256120,3011865
2256212,2256212,3011865
2256471,2256471,3011865
2257125,2257125,3011865
2257164,2257164,3011865
2257824,2257824,3011865
2257881,2257881,3011865
2257954,2257954,3011865
2258128,2258128,3011865
2258198,2258198,3011865
2258247,2258247,3011865
2258382,2258382,3011865
2258400,2258400,3011865
2258458,2258458,3011865
2258538,2258538,3011865
2258951,2258951,3011865
2259435,2259435,3011865
2259880,2259880,3011865
2260185,2260185,3011865
2260423,2260423,3011865
2261024,2261024,3011865
2261260,2261260,3011865
2261330,2261330,3011865
2261533,2261533,3011865
2261613,2261613,3011865
2261726,2261726,3011865
2261768,2261768,3011865
2261849,2261849,3011865
2262176,2262176,3011865
2262624,2262624,3011865
2262816,2262816,3011865
2263307,2263307,3011865
2263452,2263452,3011865
2263499,2263499,3011865
2263772,2263772,3011865
2263935,2263935,3011865
2264076,2264076,3011865
2264245,2264245,3011865
2264592,2264592,3011865
2264764,2264764,3011865
2265101,2265101,3011865
2265245,2265245,3011865
2265339,2265339,3011865
2265965,2265965,3011865
2266114,2266114,3011865
2266326,2266326,3011865
2266478,2266478,3011865
2266593,2266593,3011865
2266836,2266836,3011865
2266853,2266853,3011865
2267128,2267128,3011865
2267749,2267749,3011865
2267769,2267769,3011865
2268253,2268253,3011865
2268267,2268267,3011865
2268451,2268451,3011865
2268957,2268957,3011865
2269162,2269162,3011865
2269373,2269373,3011865
2269690,2269690,3011865
2269827,2269827,3011865
2270292,2270292,3011865
2270769,2270769,3011865
2270792,2270792,3011865
2270994,2270994,3011865
2271475,2271475,3011865
2271681,2271681,3011865
2272093,2272093,3011865
2272611,2272611,3011865
2272661,2272661,3011865
2272875,2272875,3011865
2272992,2272992,3011865
2273956,2273956,3011865
2273982,2273982,3011865
2274303,2274303,3011865
2274489,2274489,3011865
2274520,2274520,3011865
2274739,2274739,3011865
2274788,2274788,3011865
2274791,2274791,3011865
2274807,2274807,3011865
2275246,2275246,3011865
2275324,2275324,3011865
2275389,2275389,3011865
2275435,2275435,3011865
2275804,2275804,3011865
2275914,2275914,3011865
2276122,2276122,3011865
2276204,2276204,3011865
2276406,2276406,3011865
2276754,2276754,3011865
2276809,2276809,3011865
2277078,2277078,3011865
2277462,2277462,3011865
2277654,2277654,3011865
2277917,2277917,3011865
2278112,2278112,3011865
2278506,2278506,3011865
2279173,2279173,3011865
2279220,2279220,3011865
2279270,2279270,3011865
2279553,2279553,3011865
2279570,2279570,3011865
2279724,2279724,3011865
2280047,2280047,3011865
2280306,2280306,3011865
2280370,2280370,3011865
2280371,2280371,3011865
2281260,2281260,3011865
2281261,2281261,3011865
2281324,2281324,3011865
2281446,2281446,3011865
2281705,2281705,3011865
2281824,2281824,3011865
2281994,2281994,3011865
2282217,2282217,3011865
2282274,2282274,3011865
2283425,2283425,3011865
2283572,2283572,3011865
2283795,2283795,3011865
2284279,2284279,3011865
2284483,2284483,3011865
2285623,2285623,3011865
2285853,2285853,3011865
2285869,2285869,3011865
2285881,2285881,3011865
2286290,2286290,3011865
2286471,2286471,3011865
2287067,2287067,3011865
2287656,2287656,3011865
2288010,2288010,3011865
2288047,2288047,3011865
2288147,2288147,3011865
2288620,2288620,3011865
2288681,2288681,3011865
2288774,2288774,3011865
2289052,2289052,3011865
2289067,2289067,3011865
2289132,2289132,3011865
2289146,2289146,3011865
2289455,2289455,3011865
2289620,2289620,3011865
2289666,2289666,3011865
2289667,2289667,3011865
2289984,2289984,3011865
2290355,2290355,3011865
2291183,2291183,3011865
2291462,2291462,3011865
2292023,2292023,3011865
2292681,2292681,3011865
2292865,2292865,3011865
2293112,2293112,3011865
2293214,2293214,3011865
2293330,2293330,3011865
2293512,2293512,3011865
2293717,2293717,3011865
2293767,2293767,3011865
2293805,2293805,3011865
2294275,2294275,3011865
2294399,2294399,3011865
2294509,2294509,3011865
2294597,2294597,3011865
2294804,2294804,3011865
2294820,2294820,3011865
2295134,2295134,3011865
2295172,2295172,3011865
2295293,2295293,3011865
2295496,2295496,3011865
2295665,2295665,3011865
2295666,2295666,3011865
2295857,2295857,3011865
2296294,2296294,3011865
2296443,2296443,3011865
2296582,2296582,3011865
2296672,2296672,3011865
2297155,2297155,3011865
2297277,2297277,3011865
2297399,2297399,3011865
2298050,2298050,3011865
2298576,2298576,3011865
2298917,2298917,3011865
2299077,2299077,3011865
2299077,2299077,3011865
2299094,2299094,3011865
2299354,2299354,3011865
2299676,2299676,3011865
2300337,2300337,3011865
2300577,2300577,3011865
2300918,2300918,3011865
2301160,2301160,3011865
2301319,2301319,3011865
2301430,2301430,3011865
2301467,2301467,3011865
2301832,2301832,3011865
2301884,2301884,3011865
2301899,2301899,3011865
2302067,2302067,3011865
2302123,2302123,3011865
2302263,2302263,3011865
2302554,2302554,3011865
2302565,2302565,3011865
2302589,2302589,3011865
2303330,2303330,3011865
2303571,2303571,3011865
2303580,2303580,3011865
2304304,2304304,3011865
2304727,2304727,3011865
2305026,2305026,3011865
2305251,2305251,3011865
2305794,2305794,3011865
2305873,2305873,3011865
2305875,2305875,3011865
2306108,2306108,3011865
2306304,2306304,3011865
2306529,2306529,3011865
2307013,2307013,3011865
2307498,2307498,3011865
2307546,2307546,3011865
2307935,2307935,3011865
2308124,2308124,3011865
2308337,2308337,3011865
2308620,2308620,3011865
2308867,2308867,3011865
2308874,2308874,3011865
2309422,2309422,3011865
2309532,2309532,3011865
2309688,2309688,3011865
2310026,2310026,3011865
2310032,2310032,3011865
2310060,2310060,3011865
2310723,2310723,3011865
2310902,2310902,3011865
2311134,2311134,3011865
2311259,2311259,3011865
2312507,2312507,3011865
2312592,2312592,3011865
2312777,2312777,3011865
2312856,2312856,3011865
2312905,2312905,3011865
2313034,2313034,3011865
2314135,2314135,3011865
2314307,2314307,3011865
2314363,2314363,3011865
2314410,2314410,3011865
2314434,2314434,3011865
2315013,2315013,3011865
2316091,2316091,3011865
2316300,2316300,3011865
2316601,2316601,3011865
2316756,2316756,3011865
2316821,2316821,3011865
2316906,2316906,3011865
2317113,2317113,3011865
2317513,2317513,3011865
2317714,2317714,3011865
2317746,2317746,3011865
2318173,2318173,3011865
2318613,2318613,3011865
2318656,2318656,3011865
2318796,2318796,3011865
2319145,2319145,3011865
2319652,2319652,3011865
2320134,2320134,3011865
2320138,2320138,3011865
2320646,2320646,3011865
2321201,2321201,3011865
2321571,2321571,3011865
2321823,2321823,3011865
2321942,2321942,3011865
2322205,2322205,3011865
2322336,2322336,3011865
2322348,2322348,3011865
2322506,2322506,3011865
2322621,2322621,3011865
2322665,2322665,3011865
2322773,2322773,3011865
2323130,2323130,3011865
2323166,2323166,3011865
2323740,2323740,3011865
2324645,2324645,3011865
2325026,2325026,3011865
2325630,2325630,3011865
2325676,2325676,3011865
2326394,2326394,3011865
2326868,2326868,3011865
2326941,2326941,3011865
2328565,2328565,3011865
2328883,2328883,3011865
2328962,2328962,3011865
2329338,2329338,3011865
2329473,2329473,3011865
2329639,2329639,3011865
2330371,2330371,3011865
2330502,2330502,3011865
2330851,2330851,3011865
2330978,2330978,3011865
2331086,2331086,3011865
2331269,2331269,3011865
2331502,2331502,3011865
2332207,2332207,3011865
2332423,2332423,3011865
2332630,2332630,3011865
2332867,2332867,3011865
2332978,2332978,3011865
2334365,2334365,3011865
2334909,2334909,3011865
2335157,2335157,3011865
2335185,2335185,3011865
2335795,2335795,3011865
2336245,2336245,3011865
2336509,2336509,3011865
2336510,2336510,3011865
2336672,2336672,3011865
2336724,2336724,3011865
2337173,2337173,3011865
2337808,2337808,3011865
2338150,2338150,3011865
2338195,2338195,3011865
2338384,2338384,3011865
2338465,2338465,3011865
2338642,2338642,3011865
2338739,2338739,3011865
2338808,2338808,3011865
2340483,2340483,3011865
2340553,2340553,3011865
2340586,2340586,3011865
2340648,2340648,3011865
2340929,2340929,3011865
2341002,2341002,3011865
2341419,2341419,3011865
2341644,2341644,3011865
2341680,2341680,3011865
2341703,2341703,3011865
2342244,2342244,3011865
2342320,2342320,3011865
2342568,2342568,3011865
2342629,2342629,3011865
2342772,2342772,3011865
2343035,2343035,3011865
2343187,2343187,3011865
2343338,2343338,3011865
2343675,2343675,3011865
2343983,2343983,3011865
2343990,2343990,3011865
2344714,2344714,3011865
2345162,2345162,3011865
2345395,2345395,3011865
2345599,2345599,3011865
2345682,2345682,3011865
2345753,2345753,3011865
2345790,2345790,3011865
2345870,2345870,3011865
2346228,2346228,3011865
2346302,2346302,3011865
2346535,2346535,3011865
2346588,2346588,3011865
2346613,2346613,3011865
2346748,2346748,3011865
2347110,2347110,3011865
2347255,2347255,3011865
2347402,2347402,3011865
2347488,2347488,3011865
2347564,2347564,3011865
2347951,2347951,3011865
2348314,2348314,3011865
2348489,2348489,3011865
2348632,2348632,3011865
2348792,2348792,3011865
2349184,2349184,3011865
2349274,2349274,3011865
2349305,2349305,3011865
2349920,2349920,3011865
2350025,2350025,3011865
2350069,2350069,3011865
2350255,2350255,3011865
2350344,2350344,3011865
2350438,2350438,3011865
2350447,2350447,3011865
2350802,2350802,3011865
2350843,2350843,3011865
2350848,2350848,3011865
2351085,2351085,3011865
2352069,2352069,3011865
2352270,2352270,3011865
2352364,2352364,3011865
2352885,2352885,3011865
2352900,2352900,3011865
2353163,2353163,3011865
2353185,2353185,3011865
2353226,2353226,3011865
2353484,2353484,3011865
2353513,2353513,3011865
2353783,2353783,3011865
2353909,2353909,3011865
2354047,2354047,3011865
2354067,2354067,3011865
2354330,2354330,3011865
2354714,2354714,3011865
2354842,2354842,3011865
2355369,2355369,3011865
2355468,2355468,3011865
2355778,2355778,3011865
2356036,2356036,3011865
2356054,2356054,3011865
2356061,2356061,3011865
2356205,2356205,3011865
2356516,2356516,3011865
2356651,2356651,3011865
2356980,2356980,3011865
2356981,2356981,3011865
2357059,2357059,3011865
2357872,2357872,3011865
2358546,2358546,3011865
2359385,2359385,3011865
2359415,2359415,3011865
2360362,2360362,3011865
2360377,2360377,3011865
2360997,2360997,3011865
2361167,2361167,3011865
2361188,2361188,3011865
2361259,2361259,3011865
2361384,2361384,3011865
2361571,2361571,3011865
2361928,2361928,3011865
2361981,2361981,3011865
2362645,2362645,3011865
2362678,2362678,3011865
2363135,2363135,3011865
2363472,2363472,3011865
2363614,2363614,3011865
2363617,2363617,3011865
2364063,2364063,3011865
2364235,2364235,3011865
2364254,2364254,3011865
2364255,2364255,3011865
2364612,2364612,3011865
2366044,2366044,3011865
2366233,2366233,3011865
2366905,2366905,3011865
2367256,2367256,3011865
2367284,2367284,3011865
2367337,2367337,3011865
2367458,2367458,3011865
2367476,2367476,3011865
2367743,2367743,3011865
2367944,2367944,3011865
2368274,2368274,3011865
2368313,2368313,3011865
2368402,2368402,3011865
2368450,2368450,3011865
2368733,2368733,3011865
2368751,2368751,3011865
2368796,2368796,3011865
2368798,2368798,3011865
2368906,2368906,3011865
2369020,2369020,3011865
2369426,2369426,3011865
2369645,2369645,3011865
2369972,2369972,3011865
2370038,2370038,3011865
2370323,2370323,3011865
2370526,2370526,3011865
2370843,2370843,3011865
2370941,2370941,3011865
2371334,2371334,3011865
2371540,2371540,3011865
2372134,2372134,3011865
2372178,2372178,3011865
2372340,2372340,3011865
2372432,2372432,3011865
2372462,2372462,3011865
2372463,2372463,3011865
2372478,2372478,3011865
2372498,2372498,3011865
2372582,2372582,3011865
2372896,2372896,3011865
2373533,2373533,3011865
2373537,2373537,3011865
2373861,2373861,3011865
2373878,2373878,3011865
2374397,2374397,3011865
2374473,2374473,3011865
2374607,2374607,3011865
2374651,2374651,3011865
2374824,2374824,3011865
2374919,2374919,3011865
2374929,2374929,3011865
2375004,2375004,3011865
2375136,2375136,3011865
2375388,2375388,3011865
2375616,2375616,3011865
2375772,2375772,3011865
2375975,2375975,3011865
2376014,2376014,3011865
2376018,2376018,3011865
2376049,2376049,3011865
2376379,2376379,3011865
2376390,2376390,3011865
2376783,2376783,3011865
2376902,2376902,3011865
2377001,2377001,3011865
2377095,2377095,3011865
2378351,2378351,3011865
2378731,2378731,3011865
2378835,2378835,3011865
2379116,2379116,3011865
2379151,2379151,3011865
2379409,2379409,3011865
2379423,2379423,3011865
2379654,2379654,3011865
2379911,2379911,3011865
2380136,2380136,3011865
2380198,2380198,3011865
2380351,2380351,3011865
2380461,2380461,3011865
2380644,2380644,3011865
2380772,2380772,3011865
2380787,2380787,3011865
2380795,2380795,3011865
2380912,2380912,3011865
2380960,2380960,3011865
2381252,2381252,3011865
2381424,2381424,3011865
2381671,2381671,3011865
2381691,2381691,3011865
2382121,2382121,3011865
2382402,2382402,3011865
2383030,2383030,3011865
2383350,2383350,3011865
2383386,2383386,3011865
2383403,2383403,3011865
2383686,2383686,3011865
2384198,2384198,3011865
2384303,2384303,3011865
2385086,2385086,3011865
2385262,2385262,3011865
2385405,2385405,3011865
2385580,2385580,3011865
2386162,2386162,3011865
2386631,2386631,3011865
2386857,2386857,3011865
2387055,2387055,3011865
2387217,2387217,3011865
2387550,2387550,3011865
2387668,2387668,3011865
2387694,2387694,3011865
2387761,2387761,3011865
2388630,2388630,3011865
2389379,2389379,3011865
2389732,2389732,3011865
2389770,2389770,3011865
2389912,2389912,3011865
2390076,2390076,3011865
2390381,2390381,3011865
2390383,2390383,3011865
2390418,2390418,3011865
2390441,2390441,3011865
2390675,2390675,3011865
2391012,2391012,3011865
2391816,2391816,3011865
2392111,2392111,3011865
2392191,2392191,3011865
2392435,2392435,3011865
2392506,2392506,3011865
2392732,2392732,3011865
2393576,2393576,3011865
2393598,2393598,3011865
2394279,2394279,3011865
2394335,2394335,3011865
2394368,2394368,3011865
2394747,2394747,3011865
2395320,2395320,3011865
2396557,2396557,3011865
2396653,2396653,3011865
2397280,2397280,3011865
2397285,2397285,3011865
2397508,2397508,3011865
2397543,2397543,3011865
2397695,2397695,3011865
2397862,2397862,3011865
2397988,2397988,3011865
2398206,2398206,3011865
2398475,2398475,3011865
2398540,2398540,3011865
2399085,2399085,3011865
2399107,2399107,3011865
2399306,2399306,3011865
2399590,2399590,3011865
2400509,2400509,3011865
2400717,2400717,3011865
2400946,2400946,3011865
2401895,2401895,3011865
2401946,2401946,3011865
2402082,2402082,3011865
2403071,2403071,3011865
2403417,2403417,3011865
2403715,2403715,3011865
2404047,2404047,3011865
2404098,2404098,3011865
2404319,2404319,3011865
2404654,2404654,3011865
2404673,2404673,3011865
2405058,2405058,3011865
2405161,2405161,3011865
2406569,2406569,3011865
2406702,2406702,3011865
2406846,2406846,3011865
2406988,2406988,3011865
2407310,2407310,3011865
2407459,2407459,3011865
2408114,2408114,3011865
2408245,2408245,3011865
2408339,2408339,3011865
2408373,2408373,3011865
2408577,2408577,3011865
2408679,2408679,3011865
2408751,2408751,3011865
2408839,2408839,3011865
2409318,2409318,3011865
2409965,2409965,3011865
2409984,2409984,3011865
2410199,2410199,3011865
2411520,2411520,3011865
2411535,2411535,3011865
2411545,2411545,3011865
2411993,2411993,3011865
2412666,2412666,3011865
2412672,2412672,3011865
2412688,2412688,3011865
2412695,2412695,3011865
2412725,2412725,3011865
2413121,2413121,3011865
2414321,2414321,3011865
2414476,2414476,3011865
2414781,2414781,3011865
2414834,2414834,3011865
2415100,2415100,3011865
2415105,2415105,3011865
2415265,2415265,3011865
2415339,2415339,3011865
2415414,2415414,3011865
2415494,2415494,3011865
2415864,2415864,3011865
2415968,2415968,3011865
2416264,2416264,3011865
2416337,2416337,3011865
2416483,2416483,3011865
2416977,2416977,3011865
2416997,2416997,3011865
2417013,2417013,3011865
2417313,2417313,3011865
2417534,2417534,3011865
2417592,2417592,3011865
2417655,2417655,3011865
2417983,2417983,3011865
2418405,2418405,3011865
2418853,2418853,3011865
2418983,2418983,3011865
2419102,2419102,3011865
2419300,2419300,3011865
2419303,2419303,3011865
2419366,2419366,3011865
2419895,2419895,3011865
2419932,2419932,3011865
2419944,2419944,3011865
2420042,2420042,3011865
2420406,2420406,3011865
2420888,2420888,3011865
2421535,2421535,3011865
2421817,2421817,3011865
2422291,2422291,3011865
2422349,2422349,3011865
2422625,2422625,3011865
2422660,2422660,3011865
2422679,2422679,3011865
2422996,2422996,3011865
2423291,2423291,3011865
2423459,2423459,3011865
2423644,2423644,3011865
2424223,2424223,3011865
2424917,2424917,3011865
2425159,2425159,3011865
2425270,2425270,3011865
2425383,2425383,3011865
2425428,2425428,3011865
2425504,2425504,3011865
2425534,2425534,3011865
2425590,2425590,3011865
2425867,2425867,3011865
2425935,2425935,3011865
2426317,2426317,3011865
2426481,2426481,3011865
2426487,2426487,3011865
2426511,2426511,3011865
2426724,2426724,3011865
2427475,2427475,3011865
2427751,2427751,3011865
2428236,2428236,3011865
2428709,2428709,3011865
2428785,2428785,3011865
2429364,2429364,3011865
2430195,2430195,3011865
2430344,2430344,3011865
2430599,2430599,3011865
2431761,2431761,3011865
2432604,2432604,3011865
2432998,2432998,3011865
2433196,2433196,3011865
2433289,2433289,3011865
2433380,2433380,3011865
2433445,2433445,3011865
2433546,2433546,3011865
2433748,2433748,3011865
2434019,2434019,3011865
2434282,2434282,3011865
2434611,2434611,3011865
2434968,2434968,3011865
2435271,2435271,3011865
2435282,2435282,3011865
2435330,2435330,3011865
2435397,2435397,3011865
2435621,2435621,3011865
2435684,2435684,3011865
2435934,2435934,3011865
2436001,2436001,3011865
2436026,2436026,3011865
2436183,2436183,3011865
2436202,2436202,3011865
2436388,2436388,3011865
2436395,2436395,3011865
2437363,2437363,3011865
2437532,2437532,3011865
2438043,2438043,3011865
2438653,2438653,3011865
2438665,2438665,3011865
2438677,2438677,3011865
2439066,2439066,3011865
2439215,2439215,3011865
2439466,2439466,3011865
2439576,2439576,3011865
2439614,2439614,3011865
2440074,2440074,3011865
2440257,2440257,3011865
2440498,2440498,3011865
2440704,2440704,3011865
2440723,2440723,3011865
2441024,2441024,3011865
2441283,2441283,3011865
2441365,2441365,3011865
2441393,2441393,3011865
2441579,2441579,3011865
2441787,2441787,3011865
2441846,2441846,3011865
2442084,2442084,3011865
2442325,2442325,3011865
2442626,2442626,3011865
2442740,2442740,3011865
2442745,2442745,3011865
2443048,2443048,3011865
2443330,2443330,3011865
2443338,2443338,3011865
2443497,2443497,3011865
2443872,2443872,3011865
2444669,2444669,3011865
2445166,2445166,3011865
2445472,2445472,3011865
2445584,2445584,3011865
2447023,2447023,3011865
2447345,2447345,3011865
2447557,2447557,3011865
2447655,2447655,3011865
2447666,2447666,3011865
2447837,2447837,3011865
2448360,2448360,3011865
2448394,2448394,3011865
2449184,2449184,3011865
2449564,2449564,3011865
2450307,2450307,3011865
2450407,2450407,3011865
2450493,2450493,3011865
2450586,2450586,3011865
2450742,2450742,3011865
2450869,2450869,3011865
2450924,2450924,3011865
2450996,2450996,3011865
2450999,2450999,3011865
2451080,2451080,3011865
2451133,2451133,3011865
2451310,2451310,3011865
2451311,2451311,3011865
2451349,2451349,3011865
2451438,2451438,3011865
2451849,2451849,3011865
2451890,2451890,3011865
2452081,2452081,3011865
2452674,2452674,3011865
2453516,2453516,3011865
2453964,2453964,3011865
2453982,2453982,3011865
2454165,2454165,3011865
2454648,2454648,3011865
2454669,2454669,3011865
2454690,2454690,3011865
2455232,2455232,3011865
2455458,2455458,3011865
2456200,2456200,3011865
2456922,2456922,3011865
2457231,2457231,3011865
2458271,2458271,3011865
2458443,2458443,3011865
2458657,2458657,3011865
2458800,2458800,3011865
2459209,2459209,3011865
2459476,2459476,3011865
2459501,2459501,3011865
2460175,2460175,3011865
2460201,2460201,3011865
2460519,2460519,3011865
2460526,2460526,3011865
2460741,2460741,3011865
2460813,2460813,3011865
2460998,2460998,3011865
2461369,2461369,3011865
2461449,2461449,3011865
2461530,2461530,3011865
2461761,2461761,3011865
2461968,2461968,3011865
2462099,2462099,3011865
2462516,2462516,3011865
2462987,2462987,3011865
2463313,2463313,3011865
2463587,2463587,3011865
2463658,2463658,3011865
2463673,2463673,3011865
2464414,2464414,3011865
2464480,2464480,3011865
2464755,2464755,3011865
2464973,2464973,3011865
2464980,2464980,3011865
2465002,2465002,3011865
2465162,2465162,3011865
2465173,2465173,3011865
2465547,2465547,3011865
2465579,2465579,3011865
2465829,2465829,3011865
2465927,2465927,3011865
2465980,2465980,3011865
2466105,2466105,3011865
2466222,2466222,3011865
2466345,2466345,3011865
2466396,2466396,3011865
2466511,2466511,3011865
2466822,2466822,3011865
2466838,2466838,3011865
2466969,2466969,3011865
2467472,2467472,3011865
2467658,2467658,3011865
2467895,2467895,3011865
2467990,2467990,3011865
2468661,2468661,3011865
2468741,2468741,3011865
2468748,2468748,3011865
2468951,2468951,3011865
2469755,2469755,3011865
2470179,2470179,3011865
2470248,2470248,3011865
2470255,2470255,3011865
2470305,2470305,3011865
2470406,2470406,3011865
2470552,2470552,3011865
2470617,2470617,3011865
2470976,2470976,3011865
2471446,2471446,3011865
2471735,2471735,3011865
2471980,2471980,3011865
2472879,2472879,3011865
2473060,2473060,3011865
2473392,2473392,3011865
2473920,2473920,3011865
2474377,2474377,3011865
2474560,2474560,3011865
2474631,2474631,3011865
2474943,2474943,3011865
2475220,2475220,3011865
2475230,2475230,3011865
2475257,2475257,3011865
2475274,2475274,3011865
2475614,2475614,3011865
2475887,2475887,3011865
2475939,2475939,3011865
2476190,2476190,3011865
2476271,2476271,3011865
2476539,2476539,3011865
2477179,2477179,3011865
2477946,2477946,3011865
2478304,2478304,3011865
2478743,2478743,3011865
2478921,2478921,3011865
2479403,2479403,3011865
2479819,2479819,3011865
2479943,2479943,3011865
2480000,2480000,3011865
2480196,2480196,3011865
2480403,2480403,3011865
2480437,2480437,3011865
2480609,2480609,3011865
2480675,2480675,3011865
2480707,2480707,3011865
2480928,2480928,3011865
2481250,2481250,3011865
2481323,2481323,3011865
2482059,2482059,3011865
2482251,2482251,3011865
2482375,2482375,3011865
2483306,2483306,3011865
2483903,2483903,3011865
2484348,2484348,3011865
2485004,2485004,3011865
2485206,2485206,3011865
2486029,2486029,3011865
2486321,2486321,3011865
2486776,2486776,3011865
2487026,2487026,3011865
2487499,2487499,3011865
2487692,2487692,3011865
2487866,2487866,3011865
2487892,2487892,3011865
2488829,2488829,3011865
2488854,2488854,3011865
2489206,2489206,3011865
2489371,2489371,3011865
2489458,2489458,3011865
2489958,2489958,3011865
2490306,2490306,3011865
2490480,2490480,3011865
2490788,2490788,3011865
2491522,2491522,3011865
2491707,2491707,3011865
2491852,2491852,3011865
2492287,2492287,3011865
2492394,2492394,3011865
2492443,2492443,3011865
2492512,2492512,3011865
2492513,2492513,3011865
2492804,2492804,3011865
2492873,2492873,3011865
2492977,2492977,3011865
2493729,2493729,3011865
2493743,2493743,3011865
2493922,2493922,3011865
2494058,2494058,3011865
2494253,2494253,3011865
2494358,2494358,3011865
2494378,2494378,3011865
2494775,2494775,3011865
2495848,2495848,3011865
2496168,2496168,3011865
2496699,2496699,3011865
2496706,2496706,3011865
2496715,2496715,3011865
2496878,2496878,3011865
2497087,2497087,3011865
2497184,2497184,3011865
2497321,2497321,3011865
2497477,2497477,3011865
2497705,2497705,3011865
2497890,2497890,3011865
2498661,2498661,3011865
2499797,2499797,3011865
2500523,2500523,3011865
2500880,2500880,3011865
2501108,2501108,3011865
2501174,2501174,3011865
2501410,2501410,3011865
2501466,2501466,3011865
2501665,2501665,3011865
2501791,2501791,3011865
2501898,2501898,3011865
2502418,2502418,3011865
2502603,2502603,3011865
2502675,2502675,3011865
2502715,2502715,3011865
2502793,2502793,3011865
2503748,2503748,3011865
2503893,2503893,3011865
2504147,2504147,3011865
2504166,2504166,3011865
2504765,2504765,3011865
2504864,2504864,3011865
2505026,2505026,3011865
2505072,2505072,3011865
2505534,2505534,3011865
2505552,2505552,3011865
2505616,2505616,3011865
2505622,2505622,3011865
2505745,2505745,3011865
2506479,2506479,3011865
2506746,2506746,3011865
2506875,2506875,3011865
2506958,2506958,3011865
2506987,2506987,3011865
2507229,2507229,3011865
2508213,2508213,3011865
2508303,2508303,3011865
2508332,2508332,3011865
2508578,2508578,3011865
2509178,2509178,3011865
2509325,2509325,3011865
2509641,2509641,3011865
2510039,2510039,3011865
2510043,2510043,3011865
2510092,2510092,3011865
2510342,2510342,3011865
2510475,2510475,3011865
2510856,2510856,3011865
2511319,2511319,3011865
2511341,2511341,3011865
2511543,2511543,3011865
2511608,2511608,3011865
2511661,2511661,3011865
2511939,2511939,3011865
2511953,2511953,3011865
2512079,2512079,3011865
2512683,2512683,3011865
2512711,2512711,3011865
2513239,2513239,3011865
2513302,2513302,3011865
2513819,2513819,3011865
2514212,2514212,3011865
2514839,2514839,3011865
2514888,2514888,3011865
2515405,2515405,3011865
2515768,2515768,3011865
2516284,2516284,3011865
2516509,2516509,3011865
2516671,2516671,3011865
2517109,2517109,3011865
2517540,2517540,3011865
2518111,2518111,3011865
2518364,2518364,3011865
2518421,2518421,3011865
2519171,2519171,3011865
2519232,2519232,3011865
2519454,2519454,3011865
2519618,2519618,3011865
2520355,2520355,3011865
2520865,2520865,3011865
2521372,2521372,3011865
2522023,2522023,3011865
2522975,2522975,3011865
2522975,2522975,3011865
2523357,2523357,3011865
2523390,2523390,3011865
2523825,2523825,3011865
2523927,2523927,3011865
2524116,2524116,3011865
2524337,2524337,3011865
2524604,2524604,3011865
2524862,2524862,3011865
2524930,2524930,3011865
2525100,2525100,3011865
2525529,2525529,3011865
2525627,2525627,3011865
2525690,2525690,3011865
2525994,2525994,3011865
2525999,2525999,3011865
2526564,2526564,3011865
2526781,2526781,3011865
2527099,2527099,3011865
2527608,2527608,3011865
2527643,2527643,3011865
2527897,2527897,3011865
2527901,2527901,3011865
2527924,2527924,3011865
2527950,2527950,3011865
2528299,2528299,3011865
2528437,2528437,3011865
2528691,2528691,3011865
2528747,2528747,3011865
2528967,2528967,3011865
2529033,2529033,3011865
2529182,2529182,3011865
2529259,2529259,3011865
2529707,2529707,3011865
2529804,2529804,3011865
2529825,2529825,3011865
2530283,2530283,3011865
2530489,2530489,3011865
2530986,2530986,3011865
2531025,2531025,3011865
2531041,2531041,3011865
2531146,2531146,3011865
2531208,2531208,3011865
2531341,2531341,3011865
2532124,2532124,3011865
2532681,2532681,3011865
2532717,2532717,3011865
2532824,2532824,3011865
2532944,2532944,3011865
2534085,2534085,3011865
2534166,2534166,3011865
2534322,2534322,3011865
2534570,2534570,3011865
2534972,2534972,3011865
2535462,2535462,3011865
2535555,2535555,3011865
2536118,2536118,3011865
2536204,2536204,3011865
2536438,2536438,3011865
2536556,2536556,3011865
2536746,2536746,3011865
2536875,2536875,3011865
2537130,2537130,3011865
2537147,2537147,3011865
2537251,2537251,3011865
2537967,2537967,3011865
2537977,2537977,3011865
2538773,2538773,3011865
2538925,2538925,3011865
2539542,2539542,3011865
2539848,2539848,3011865
2539895,2539895,3011865
2540418,2540418,3011865
2540486,2540486,3011865
2540550,2540550,3011865
2540728,2540728,3011865
2540859,2540859,3011865
2541201,2541201,3011865
2541992,2541992,3011865
2542951,2542951,3011865
2543052,2543052,3011865
2543508,2543508,3011865
2544350,2544350,3011865
2544742,2544742,3011865
2545064,2545064,3011865
2545488,2545488,3011865
2545525,2545525,3011865
2545694,2545694,3011865
2545806,2545806,3011865
2546181,2546181,3011865
2546773,2546773,3011865
2546968,2546968,3011865
2546971,2546971,3011865
2547732,2547732,3011865
2547740,2547740,3011865
2547743,2547743,3011865
2547885,2547885,3011865
2547889,2547889,3011865
2548308,2548308,3011865
2548312,2548312,3011865
2548340,2548340,3011865
2548444,2548444,3011865
2549215,2549215,3011865
2549328,2549328,3011865
2549601,2549601,3011865
2550263,2550263,3011865
2550403,2550403,3011865
2550832,2550832,3011865
2550960,2550960,3011865
2551056,2551056,3011865
2551094,2551094,3011865
2551132,2551132,3011865
2551133,2551133,3011865
2551513,2551513,3011865
2552364,2552364,3011865
2552375,2552375,3011865
2552459,2552459,3011865
2552813,2552813,3011865
2552880,2552880,3011865
2552933,2552933,3011865
2553133,2553133,3011865
2553367,2553367,3011865
2553432,2553432,3011865
2553676,2553676,3011865
2553755,2553755,3011865
2554335,2554335,3011865
2554515,2554515,3011865
2554533,2554533,3011865
2554584,2554584,3011865
2554607,2554607,3011865
2555037,2555037,3011865
2555148,2555148,3011865
2555178,2555178,3011865
2555258,2555258,3011865
2556040,2556040,3011865
2556264,2556264,3011865
2556433,2556433,3011865
2556452,2556452,3011865
2556533,2556533,3011865
2556586,2556586,3011865
2556694,2556694,3011865
2556767,2556767,3011865
2556953,2556953,3011865
2557079,2557079,3011865
2557513,2557513,3011865
2558532,2558532,3011865
2558634,2558634,3011865
2558859,2558859,3011865
2559155,2559155,3011865
2559197,2559197,3011865
2559268,2559268,3011865
2559392,2559392,3011865
2559832,2559832,3011865
2560204,2560204,3011865
2560220,2560220,3011865
2560348,2560348,3011865
2560480,2560480,3011865
2560557,2560557,3011865
2560630,2560630,3011865
2561064,2561064,3011865
2561119,2561119,3011865
2561401,2561401,3011865
2561618,2561618,3011865
2561642,2561642,3011865
2561816,2561816,3011865
2562015,2562015,3011865
2562055,2562055,3011865
2562229,2562229,3011865
2562546,2562546,3011865
2562846,2562846,3011865
2563553,2563553,3011865
2563829,2563829,3011865
2563983,2563983,3011865
2564005,2564005,3011865
2564168,2564168,3011865
2564181,2564181,3011865
2564439,2564439,3011865
2565109,2565109,3011865
2565573,2565573,3011865
2566163,2566163,3011865
2566287,2566287,3011865
2566300,2566300,3011865
2566638,2566638,3011865
2566660,2566660,3011865
2567281,2567281,3011865
2567331,2567331,3011865
2567453,2567453,3011865
2568367,2568367,3011865
2568430,2568430,3011865
2568477,2568477,3011865
2568811,2568811,3011865
2569208,2569208,3011865
2569412,2569412,3011865
2569417,2569417,3011865
2569507,2569507,3011865
2570345,2570345,3011865
2570894,2570894,3011865
2571011,2571011,3011865
2571419,2571419,3011865
2571460,2571460,3011865
2571672,2571672,3011865
2571831,2571831,3011865
2571960,2571960,3011865
2572014,2572014,3011865
2572261,2572261,3011865
2573614,2573614,3011865
2574707,2574707,3011865
2575142,2575142,3011865
2575348,2575348,3011865
2575350,2575350,3011865
2575568,2575568,3011865
2575926,2575926,3011865
2576472,2576472,3011865
2576529,2576529,3011865
2576629,2576629,3011865
2576743,2576743,3011865
2576933,2576933,3011865
2576979,2576979,3011865
2576999,2576999,3011865
2577030,2577030,3011865
2577491,2577491,3011865
2577558,2577558,3011865
2577733,2577733,3011865
2578609,2578609,3011865
2578641,2578641,3011865
2579363,2579363,3011865
2579376,2579376,3011865
2579923,2579923,3011865
2580441,2580441,3011865
2580568,2580568,3011865
2580573,2580573,3011865
2580916,2580916,3011865
2581048,2581048,3011865
2581061,2581061,3011865
2581091,2581091,3011865
2581231,2581231,3011865
2581666,2581666,3011865
2581675,2581675,3011865
2581930,2581930,3011865
2581936,2581936,3011865
2581956,2581956,3011865
2582103,2582103,3011865
2582358,2582358,3011865
2583048,2583048,3011865
2583270,2583270,3011865
2583874,2583874,3011865
2583940,2583940,3011865
2583951,2583951,3011865
2584481,2584481,3011865
2585064,2585064,3011865
2585453,2585453,3011865
2585674,2585674,3011865
2585683,2585683,3011865
2586427,2586427,3011865
2586547,2586547,3011865
2586645,2586645,3011865
2587155,2587155,3011865
2587292,2587292,3011865
2587365,2587365,3011865
2587698,2587698,3011865
2587901,2587901,3011865
2588082,2588082,3011865
2588614,2588614,3011865
2588883,2588883,3011865
2589250,2589250,3011865
2589442,2589442,3011865
2589881,2589881,3011865
2590244,2590244,3011865
2590944,2590944,3011865
2591410,2591410,3011865
2591464,2591464,3011865
2591489,2591489,3011865
2592004,2592004,3011865
2592049,2592049,3011865
2592428,2592428,3011865
2592493,2592493,3011865
2592761,2592761,3011865
2592788,2592788,3011865
2592790,2592790,3011865
2592828,2592828,3011865
2593152,2593152,3011865
2593417,2593417,3011865
2593456,2593456,3011865
2593677,2593677,3011865
2593710,2593710,3011865
2593820,2593820,3011865
2593906,2593906,3011865
2594117,2594117,3011865
2594620,2594620,3011865
2595505,2595505,3011865
2595535,2595535,3011865
2595854,2595854,3011865
2596028,2596028,3011865
2596057,2596057,3011865
2596123,2596123,3011865
2596270,2596270,3011865
2596756,2596756,3011865
2596774,2596774,3011865
2596860,2596860,3011865
2597037,2597037,3011865
2597236,2597236,3011865
2597684,2597684,3011865
2597767,2597767,3011865
2597769,2597769,3011865
2598046,2598046,3011865
2598382,2598382,3011865
2599040,2599040,3011865
2599378,2599378,3011865
2599563,2599563,3011865
2599689,2599689,3011865
2599760,2599760,3011865
2599934,2599934,3011865
2600445,2600445,3011865
2600465,2600465,3011865
2601278,2601278,3011865
2601624,2601624,3011865
2601757,2601757,3011865
2601935,2601935,3011865
2601965,2601965,3011865
2601968,2601968,3011865
2602015,2602015,3011865
2602583,2602583,3011865
2602840,2602840,3011865
2603229,2603229,3011865
2603800,2603800,3011865
2604055,2604055,3011865
2604267,2604267,3011865
2604657,2604657,3011865
2604814,2604814,3011865
2605459,2605459,3011865
2605602,2605602,3011865
2605756,2605756,3011865
2606206,2606206,3011865
2606233,2606233,3011865
2606382,2606382,3011865
2606656,2606656,3011865
2606699,2606699,3011865
2607066,2607066,3011865
2607073,2607073,3011865
2607306,2607306,3011865
2607365,2607365,3011865
2607403,2607403,3011865
2607545,2607545,3011865
2608071,2608071,3011865
2608280,2608280,3011865
2608524,2608524,3011865
2608670,2608670,3011865
2609474,2609474,3011865
2609503,2609503,3011865
2610086,2610086,3011865
2610482,2610482,3011865
2610910,2610910,3011865
2611164,2611164,3011865
2611340,2611340,3011865
2611451,2611451,3011865
2612711,2612711,3011865
2612721,2612721,3011865
2613468,2613468,3011865
2613708,2613708,3011865
2613716,2613716,3011865
2614116,2614116,3011865
2614167,2614167,3011865
2614171,2614171,3011865
2614320,2614320,3011865
2614369,2614369,3011865
2614574,2614574,3011865
2614918,2614918,3011865
2615042,2615042,3011865
2615134,2615134,3011865
2615785,2615785,3011865
2615968,2615968,3011865
2616053,2616053,3011865
2616135,2616135,3011865
2616221,2616221,3011865
2616463,2616463,3011865
2617459,2617459,3011865
2617643,2617643,3011865
2617873,2617873,3011865
2618632,2618632,3011865
2619429,2619429,3011865
2619517,2619517,3011865
2619806,2619806,3011865
2619811,2619811,3011865
2620092,2620092,3011865
2620329,2620329,3011865
2620389,2620389,3011865
2620547,2620547,3011865
2620925,2620925,3011865
2621031,2621031,3011865
2621198,2621198,3011865
2621495,2621495,3011865
2621689,2621689,3011865
2621889,2621889,3011865
2621907,2621907,3011865
2621992,2621992,3011865
2622499,2622499,3011865
2622755,2622755,3011865
2622840,2622840,3011865
2623611,2623611,3011865
2624291,2624291,3011865
2624429,2624429,3011865
2625073,2625073,3011865
2625213,2625213,3011865
2625259,2625259,3011865
2625411,2625411,3011865
2625483,2625483,3011865
2625527,2625527,3011865
2626021,2626021,3011865
2626113,2626113,3011865
2626352,2626352,3011865
2626504,2626504,3011865
2626996,2626996,3011865
2627206,2627206,3011865
2627352,2627352,3011865
2627862,2627862,3011865
2627901,2627901,3011865
2627934,2627934,3011865
2627936,2627936,3011865
2628166,2628166,3011865
2628281,2628281,3011865
2628614,2628614,3011865
2629848,2629848,3011865
2630001,2630001,3011865
2630099,2630099,3011865
2630119,2630119,3011865
2630463,2630463,3011865
2630479,2630479,3011865
2631049,2631049,3011865
2631200,2631200,3011865
2631626,2631626,3011865
2632035,2632035,3011865
2632125,2632125,3011865
2632243,2632243,3011865
2632724,2632724,3011865
2632767,2632767,3011865
2633958,2633958,3011865
2634557,2634557,3011865
2635071,2635071,3011865
2635108,2635108,3011865
2635169,2635169,3011865
2635961,2635961,3011865
2636093,2636093,3011865
2636104,2636104,3011865
2636122,2636122,3011865
2636436,2636436,3011865
2636476,2636476,3011865
2636873,2636873,3011865
2636930,2636930,3011865
2637133,2637133,3011865
2637954,2637954,3011865
2638161,2638161,3011865
2638326,2638326,3011865
2638349,2638349,3011865
2638840,2638840,3011865
2639207,2639207,3011865
2639450,2639450,3011865
2639453,2639453,3011865
2639754,2639754,3011865
2639869,2639869,3011865
2639946,2639946,3011865
2640097,2640097,3011865
2640280,2640280,3011865
2640538,2640538,3011865
2640735,2640735,3011865
2640879,2640879,3011865
2641071,2641071,3011865
2641336,2641336,3011865
2641530,2641530,3011865
2641627,2641627,3011865
2642409,2642409,3011865
2642641,2642641,3011865
2642652,2642652,3011865
2642677,2642677,3011865
2642945,2642945,3011865
2643106,2643106,3011865
2643181,2643181,3011865
2643185,2643185,3011865
2643337,2643337,3011865
2643643,2643643,3011865
2643734,2643734,3011865
2643935,2643935,3011865
2644129,2644129,3011865
2644520,2644520,3011865
2645108,2645108,3011865
2645744,2645744,3011865
2645977,2645977,3011865
2646679,2646679,3011865
2647254,2647254,3011865
2647383,2647383,3011865
2647421,2647421,3011865
2648290,2648290,3011865
2648496,2648496,3011865
2648800,2648800,3011865
2649064,2649064,3011865
2649086,2649086,3011865
2649283,2649283,3011865
2650119,2650119,3011865
2650435,2650435,3011865
2650819,2650819,3011865
2650853,2650853,3011865
2651100,2651100,3011865
2651131,2651131,3011865
2652031,2652031,3011865
2652463,2652463,3011865
2653345,2653345,3011865
2653445,2653445,3011865
2653456,2653456,3011865
2653495,2653495,3011865
2653505,2653505,3011865
2653771,2653771,3011865
2653835,2653835,3011865
2654596,2654596,3011865
2654919,2654919,3011865
2654920,2654920,3011865
2655503,2655503,3011865
2655681,2655681,3011865
2656045,2656045,3011865
2656046,2656046,3011865
2656387,2656387,3011865
2656480,2656480,3011865
2656490,2656490,3011865
2656860,2656860,3011865
2657199,2657199,3011865
2657258,2657258,3011865
2657310,2657310,3011865
2657905,2657905,3011865
2658223,2658223,3011865
2659981,2659981,3011865
2660396,2660396,3011865
2660507,2660507,3011865
2660522,2660522,3011865
2660554,2660554,3011865
2660557,2660557,3011865
2660864,2660864,3011865
2660900,2660900,3011865
2661273,2661273,3011865
2661289,2661289,3011865
2661421,2661421,3011865
2661528,2661528,3011865
2661726,2661726,3011865
2661851,2661851,3011865
2662041,2662041,3011865
2662132,2662132,3011865
2662677,2662677,3011865
2662826,2662826,3011865
2662980,2662980,3011865
2663103,2663103,3011865
2663173,2663173,3011865
2663325,2663325,3011865
2663437,2663437,3011865
2663456,2663456,3011865
2663787,2663787,3011865
2664404,2664404,3011865
2664562,2664562,3011865
2664772,2664772,3011865
2665589,2665589,3011865
2665732,2665732,3011865
2665991,2665991,3011865
2666007,2666007,3011865
2666521,2666521,3011865
2667202,2667202,3011865
2667375,2667375,3011865
2667769,2667769,3011865
2667823,2667823,3011865
2667987,2667987,3011865
2668059,2668059,3011865
2668073,2668073,3011865
2668300,2668300,3011865
2668415,2668415,3011865
2668776,2668776,3011865
2668997,2668997,3011865
2669299,2669299,3011865
2669397,2669397,3011865
2670179,2670179,3011865
2670428,2670428,3011865
2670452,2670452,3011865
2671043,2671043,3011865
2671097,2671097,3011865
2671625,2671625,3011865
2671848,2671848,3011865
2673195,2673195,3011865
2673356,2673356,3011865
2673431,2673431,3011865
2673724,2673724,3011865
2673846,2673846,3011865
2674087,2674087,3011865
2674101,2674101,3011865
2674475,2674475,3011865
2674687,2674687,3011865
2674823,2674823,3011865
2674871,2674871,3011865
2675733,2675733,3011865
2676079,2676079,3011865
2676133,2676133,3011865
2676153,2676153,3011865
2676197,2676197,3011865
2676201,2676201,3011865
2676207,2676207,3011865
2676231,2676231,3011865
2676383,2676383,3011865
2676411,2676411,3011865
2676559,2676559,3011865
2676746,2676746,3011865
2676840,2676840,3011865
2676909,2676909,3011865
2677817,2677817,3011865
2678170,2678170,3011865
2678537,2678537,3011865
2679155,2679155,3011865
2679451,2679451,3011865
2679685,2679685,3011865
2679919,2679919,3011865
2680001,2680001,3011865
2680232,2680232,3011865
2680289,2680289,3011865
2680547,2680547,3011865
2680582,2680582,3011865
2680667,2680667,3011865
2680745,2680745,3011865
2680921,2680921,3011865
2681629,2681629,3011865
2681708,2681708,3011865
2681803,2681803,3011865
2681901,2681901,3011865
2682370,2682370,3011865
2683512,2683512,3011865
2683513,2683513,3011865
2683655,2683655,3011865
2683771,2683771,3011865
2684318,2684318,3011865
2684604,2684604,3011865
2684815,2684815,3011865
2684876,2684876,3011865
2684991,2684991,3011865
2685601,2685601,3011865
2685789,2685789,3011865
2685815,2685815,3011865
2685942,2685942,3011865
2686037,2686037,3011865
2686149,2686149,3011865
2686208,2686208,3011865
2686240,2686240,3011865
2686808,2686808,3011865
2686908,2686908,3011865
2688018,2688018,3011865
2688029,2688029,3011865
2688080,2688080,3011865
2688134,2688134,3011865
2688287,2688287,3011865
2688365,2688365,3011865
2689061,2689061,3011865
2689284,2689284,3011865
2689596,2689596,3011865
2689807,2689807,3011865
2689865,2689865,3011865
2690042,2690042,3011865
2690144,2690144,3011865
2690184,2690184,3011865
2690355,2690355,3011865
2691031,2691031,3011865
2691098,2691098,3011865
2691232,2691232,3011865
2691331,2691331,3011865
2691648,2691648,3011865
2691880,2691880,3011865
2692057,2692057,3011865
2692082,2692082,3011865
2692250,2692250,3011865
2692380,2692380,3011865
2693070,2693070,3011865
2693306,2693306,3011865
2693339,2693339,3011865
2693424,2693424,3011865
2693464,2693464,3011865
2693691,2693691,3011865
2693934,2693934,3011865
2693995,2693995,3011865
2694625,2694625,3011865
2694810,2694810,3011865
2695206,2695206,3011865
2695239,2695239,3011865
2696174,2696174,3011865
2696237,2696237,3011865
2696329,2696329,3011865
2696876,2696876,3011865
2696876,2696876,3011865
2697050,2697050,3011865
2697607,2697607,3011865
2697844,2697844,3011865
2697946,2697946,3011865
2698048,2698048,3011865
2698371,2698371,3011865
2699208,2699208,3011865
2699401,2699401,3011865
2699427,2699427,3011865
2699457,2699457,3011865
2699525,2699525,3011865
2699725,2699725,3011865
2699774,2699774,3011865
2700124,2700124,3011865
2700278,2700278,3011865
2700395,2700395,3011865
2700667,2700667,3011865
2701007,2701007,3011865
2701333,2701333,3011865
2701340,2701340,3011865
2701359,2701359,3011865
2701645,2701645,3011865
2701959,2701959,3011865
2702341,2702341,3011865
2703197,2703197,3011865
2703230,2703230,3011865
2703344,2703344,3011865
2703589,2703589,3011865
2703665,2703665,3011865
2703731,2703731,3011865
2704298,2704298,3011865
2704454,2704454,3011865
2704594,2704594,3011865
2705006,2705006,3011865
2705198,2705198,3011865
2705539,2705539,3011865
2705677,2705677,3011865
2705717,2705717,3011865
2705802,2705802,3011865
2706173,2706173,3011865
2706212,2706212,3011865
2706915,2706915,3011865
2707253,2707253,3011865
2707344,2707344,3011865
2707527,2707527,3011865
2707834,2707834,3011865
2707923,2707923,3011865
2708027,2708027,3011865
2708102,2708102,3011865
2708373,2708373,3011865
2708454,2708454,3011865
2708954,2708954,3011865
2708982,2708982,3011865
2708997,2708997,3011865
2709045,2709045,3011865
2709235,2709235,3011865
2709318,2709318,3011865
2709397,2709397,3011865
2709694,2709694,3011865
2709729,2709729,3011865
2709760,2709760,3011865
2710111,2710111,3011865
2710222,2710222,3011865
2710554,2710554,3011865
2710678,2710678,3011865
2710818,2710818,3011865
2710840,2710840,3011865
2710993,2710993,3011865
2711354,2711354,3011865
2711917,2711917,3011865
2711955,2711955,3011865
2712279,2712279,3011865
2712305,2712305,3011865
2712497,2712497,3011865
2712592,2712592,3011865
2712821,2712821,3011865
2713218,2713218,3011865
2713275,2713275,3011865
2713593,2713593,3011865
2713713,2713713,3011865
2713907,2713907,3011865
2714058,2714058,3011865
2714298,2714298,3011865
2714325,2714325,3011865
2714466,2714466,3011865
2714495,2714495,3011865
2714703,2714703,3011865
2715042,2715042,3011865
2715680,2715680,3011865
2716331,2716331,3011865
2716760,2716760,3011865
2716935,2716935,3011865
2716943,2716943,3011865
2717531,2717531,3011865
2718221,2718221,3011865
2718822,2718822,3011865
2719010,2719010,3011865
2719293,2719293,3011865
2719329,2719329,3011865
2719575,2719575,3011865
2719620,2719620,3011865
2720222,2720222,3011865
2720231,2720231,3011865
2720405,2720405,3011865
2721171,2721171,3011865
2721219,2721219,3011865
2721389,2721389,3011865
2721418,2721418,3011865
2721449,2721449,3011865
2721477,2721477,3011865
2721943,2721943,3011865
2723035,2723035,3011865
2723064,2723064,3011865
2723236,2723236,3011865
2723775,2723775,3011865
2723880,2723880,3011865
2724233,2724233,3011865
2724365,2724365,3011865
2724529,2724529,3011865
2724752,2724752,3011865
2724942,2724942,3011865
2725146,2725146,3011865
2725187,2725187,3011865
2726252,2726252,3011865
2726600,2726600,3011865
2726601,2726601,3011865
2727021,2727021,3011865
2727767,2727767,3011865
2727998,2727998,3011865
2728107,2728107,3011865
2728309,2728309,3011865
2728723,2728723,3011865
2728753,2728753,3011865
2728785,2728785,3011865
2729620,2729620,3011865
2730154,2730154,3011865
2730227,2730227,3011865
2731147,2731147,3011865
2731222,2731222,3011865
2731325,2731325,3011865
2731749,2731749,3011865
2731839,2731839,3011865
2732051,2732051,3011865
2732097,2732097,3011865
2732729,2732729,3011865
2733842,2733842,3011865
2734178,2734178,3011865
2734187,2734187,3011865
2734195,2734195,3011865
2734342,2734342,3011865
2734702,2734702,3011865
2734953,2734953,3011865
2734973,2734973,3011865
2735086,2735086,3011865
2735105,2735105,3011865
2735126,2735126,3011865
2735320,2735320,3011865
2735395,2735395,3011865
2735683,2735683,3011865
2735738,2735738,3011865
2735738,2735738,3011865
2735815,2735815,3011865
2735998,2735998,3011865
2736350,2736350,3011865
2736394,2736394,3011865
2736469,2736469,3011865
2736505,2736505,3011865
2736558,2736558,3011865
2736878,2736878,3011865
2736936,2736936,3011865
2737318,2737318,3011865
2737365,2737365,3011865
2737888,2737888,3011865
2737972,2737972,3011865
2738576,2738576,3011865
2738880,2738880,3011865
2739145,2739145,3011865
2739155,2739155,3011865
2739264,2739264,3011865
2739337,2739337,3011865
2739338,2739338,3011865
2739436,2739436,3011865
2739669,2739669,3011865
2740405,2740405,3011865
2740642,2740642,3011865
2740642,2740642,3011865
2740818,2740818,3011865
2740864,2740864,3011865
2742416,2742416,3011865
2742660,2742660,3011865
2742971,2742971,3011865
2743356,2743356,3011865
2743371,2743371,3011865
2743677,2743677,3011865
2744383,2744383,3011865
2744409,2744409,3011865
2744582,2744582,3011865
2744925,2744925,3011865
2744963,2744963,3011865
2745176,2745176,3011865
2745233,2745233,3011865
2745412,2745412,3011865
2745519,2745519,3011865
2745738,2745738,3011865
2746024,2746024,3011865
2746550,2746550,3011865
2746689,2746689,3011865
2747058,2747058,3011865
2747352,2747352,3011865
2747433,2747433,3011865
2747743,2747743,3011865
2747871,2747871,3011865
2748191,2748191,3011865
2748613,2748613,3011865
2749054,2749054,3011865
2749143,2749143,3011865
2749282,2749282,3011865
2749300,2749300,3011865
2749537,2749537,3011865
2750138,2750138,3011865
2750147,2750147,3011865
2750224,2750224,3011865
2750369,2750369,3011865
2750702,2750702,3011865
2750730,2750730,3011865
2750992,2750992,3011865
2751106,2751106,3011865
2751382,2751382,3011865
2751463,2751463,3011865
2751633,2751633,3011865
2751743,2751743,3011865
2752792,2752792,3011865
2752988,2752988,3011865
2753041,2753041,3011865
2753110,2753110,3011865
2753146,2753146,3011865
2753858,2753858,3011865
2753950,2753950,3011865
2754160,2754160,3011865
2754304,2754304,3011865
2754411,2754411,3011865
2754936,2754936,3011865
2755315,2755315,3011865
2755434,2755434,3011865
2755445,2755445,3011865
2755457,2755457,3011865
2755797,2755797,3011865
2755952,2755952,3011865
2756184,2756184,3011865
2756458,2756458,3011865
2756748,2756748,3011865
2756967,2756967,3011865
2757511,2757511,3011865
2757652,2757652,3011865
2757854,2757854,3011865
2757857,2757857,3011865
2758099,2758099,3011865
2758317,2758317,3011865
2758320,2758320,3011865
2758507,2758507,3011865
2758945,2758945,3011865
2759097,2759097,3011865
2759263,2759263,3011865
2759437,2759437,3011865
2759680,2759680,3011865
2759943,2759943,3011865
2760074,2760074,3011865
2760235,2760235,3011865
2760348,2760348,3011865
2760483,2760483,3011865
2760591,2760591,3011865
2761005,2761005,3011865
2762430,2762430,3011865
2762630,2762630,3011865
2762979,2762979,3011865
2763238,2763238,3011865
2763299,2763299,3011865
2763377,2763377,3011865
2763425,2763425,3011865
2763618,2763618,3011865
2763695,2763695,3011865
2763887,2763887,3011865
2764035,2764035,3011865
2764496,2764496,3011865
2764827,2764827,3011865
2764980,2764980,3011865
2765407,2765407,3011865
2765418,2765418,3011865
2765625,2765625,3011865
2765755,2765755,3011865
2765843,2765843,3011865
2765914,2765914,3011865
2765975,2765975,3011865
2766208,2766208,3011865
2766287,2766287,3011865
2767220,2767220,3011865
2767391,2767391,3011865
2767805,2767805,3011865
2767831,2767831,3011865
2767903,2767903,3011865
2767922,2767922,3011865
2768096,2768096,3011865
2768546,2768546,3011865
2768661,2768661,3011865
2768880,2768880,3011865
2768987,2768987,3011865
2768994,2768994,3011865
2769163,2769163,3011865
2769196,2769196,3011865
2769405,2769405,3011865
2769681,2769681,3011865
2769965,2769965,3011865
2770480,2770480,3011865
2771400,2771400,3011865
2771472,2771472,3011865
2771853,2771853,3011865
2771873,2771873,3011865
2771937,2771937,3011865
2771981,2771981,3011865
2772081,2772081,3011865
2772221,2772221,3011865
2772435,2772435,3011865
2772629,2772629,3011865
2772682,2772682,3011865
2772926,2772926,3011865
2773206,2773206,3011865
2773495,2773495,3011865
2773803,2773803,3011865
2774007,2774007,3011865
2774197,2774197,3011865
2774251,2774251,3011865
2774392,2774392,3011865
2774838,2774838,3011865
2774872,2774872,3011865
2775009,2775009,3011865
2775136,2775136,3011865
2775246,2775246,3011865
2775286,2775286,3011865
2775860,2775860,3011865
2775980,2775980,3011865
2776326,2776326,3011865
2776465,2776465,3011865
2776523,2776523,3011865
2776523,2776523,3011865
2776822,2776822,3011865
2776882,2776882,3011865
2777612,2777612,3011865
2778023,2778023,3011865
2778194,2778194,3011865
2778227,2778227,3011865
2778401,2778401,3011865
2778553,2778553,3011865
2778642,2778642,3011865
2778683,2778683,3011865
2779507,2779507,3011865
2779548,2779548,3011865
2779834,2779834,3011865
2780054,2780054,3011865
2780149,2780149,3011865
2780495,2780495,3011865
2780679,2780679,3011865
2780859,2780859,3011865
2780878,2780878,3011865
2780960,2780960,3011865
2782552,2782552,3011865
2782580,2782580,3011865
2782603,2782603,3011865
2783963,2783963,3011865
2784185,2784185,3011865
2784580,2784580,3011865
2784762,2784762,3011865
2784796,2784796,3011865
2785096,2785096,3011865
2785396,2785396,3011865
2786008,2786008,3011865
2786234,2786234,3011865
2787110,2787110,3011865
2787154,2787154,3011865
2787722,2787722,3011865
2788027,2788027,3011865
2788998,2788998,3011865
2789365,2789365,3011865
2789847,2789847,3011865
2790335,2790335,3011865
2790469,2790469,3011865
2790537,2790537,3011865
2790902,2790902,3011865
2790904,2790904,3011865
2791943,2791943,3011865
2792078,2792078,3011865
2792134,2792134,3011865
2792326,2792326,3011865
2792334,2792334,3011865
2793386,2793386,3011865
2793505,2793505,3011865
2794037,2794037,3011865
2794209,2794209,3011865
2794335,2794335,3011865
2794441,2794441,3011865
2794783,2794783,3011865
2794843,2794843,3011865
2794936,2794936,3011865
2795610,2795610,3011865
2796020,2796020,3011865
2796171,2796171,3011865
2796589,2796589,3011865
2796659,2796659,3011865
2796949,2796949,3011865
2797037,2797037,3011865
2797107,2797107,3011865
2797183,2797183,3011865
2797616,2797616,3011865
2798035,2798035,3011865
2798170,2798170,3011865
2798289,2798289,3011865
2798783,2798783,3011865
2798909,2798909,3011865
2799023,2799023,3011865
2799235,2799235,3011865
2799281,2799281,3011865
2799370,2799370,3011865
2799555,2799555,3011865
2799861,2799861,3011865
2800148,2800148,3011865
2800435,2800435,3011865
2800497,2800497,3011865
2800614,2800614,3011865
2801040,2801040,3011865
2801180,2801180,3011865
2801624,2801624,3011865
2801689,2801689,3011865
2801902,2801902,3011865
2802175,2802175,3011865
2803019,2803019,3011865
2803041,2803041,3011865
2803111,2803111,3011865
2803261,2803261,3011865
2803289,2803289,3011865
2803577,2803577,3011865
2803701,2803701,3011865
2803951,2803951,3011865
2804457,2804457,3011865
2804513,2804513,3011865
2804576,2804576,3011865
2804623,2804623,3011865
2804725,2804725,3011865
2804953,2804953,3011865
2804978,2804978,3011865
2805883,2805883,3011865
2806168,2806168,3011865
2806287,2806287,3011865
2806367,2806367,3011865
2806817,2806817,3011865
2806862,2806862,3011865
2806977,2806977,3011865
2807149,2807149,3011865
2807546,2807546,3011865
2807607,2807607,3011865
2807704,2807704,3011865
2807825,2807825,3011865
2808102,2808102,3011865
2808157,2808157,3011865
2808178,2808178,3011865
2808221,2808221,3011865
2808248,2808248,3011865
2808762,2808762,3011865
2809698,2809698,3011865
2809922,2809922,3011865
2810019,2810019,3011865
2810616,2810616,3011865
2810697,2810697,3011865
2810768,2810768,3011865
2811885,2811885,3011865
2811886,2811886,3011865
2812174,2812174,3011865
2812392,2812392,3011865
2812756,2812756,3011865
2813015,2813015,3011865
2813430,2813430,3011865
2813640,2813640,3011865
2813763,2813763,3011865
2814296,2814296,3011865
2814483,2814483,3011865
2814680,2814680,3011865
2814893,2814893,3011865
2814923,2814923,3011865
2815159,2815159,3011865
2815429,2815429,3011865
2815593,2815593,3011865
2815762,2815762,3011865
2815875,2815875,3011865
2816031,2816031,3011865
2816277,2816277,3011865
2816400,2816400,3011865
2816487,2816487,3011865
2816562,2816562,3011865
2817177,2817177,3011865
2817378,2817378,3011865
2818008,2818008,3011865
2818112,2818112,3011865
2818991,2818991,3011865
2819543,2819543,3011865
2819665,2819665,3011865
2819986,2819986,3011865
2820299,2820299,3011865
2820337,2820337,3011865
2820534,2820534,3011865
2820560,2820560,3011865
2820577,2820577,3011865
2820745,2820745,3011865
2820872,2820872,3011865
2820979,2820979,3011865
2821234,2821234,3011865
2821529,2821529,3011865
2821663,2821663,3011865
2821979,2821979,3011865
2822413,2822413,3011865
2822741,2822741,3011865
2823088,2823088,3011865
2823432,2823432,3011865
2823702,2823702,3011865
2824232,2824232,3011865
2824591,2824591,3011865
2825024,2825024,3011865
2825125,2825125,3011865
2825362,2825362,3011865
2825500,2825500,3011865
2825801,2825801,3011865
2825803,2825803,3011865
2826453,2826453,3011865
2826518,2826518,3011865
2826770,2826770,3011865
2827156,2827156,3011865
2827421,2827421,3011865
2827777,2827777,3011865
2828090,2828090,3011865
2828188,2828188,3011865
2828302,2828302,3011865
2828854,2828854,3011865
2828864,2828864,3011865
2829148,2829148,3011865
2829243,2829243,3011865
2829397,2829397,3011865
2829537,2829537,3011865
2829743,2829743,3011865
2830080,2830080,3011865
2830388,2830388,3011865
2830410,2830410,3011865
2830713,2830713,3011865
2830866,2830866,3011865
2831285,2831285,3011865
2831507,2831507,3011865
2831891,2831891,3011865
2832560,2832560,3011865
2832998,2832998,3011865
2833189,2833189,3011865
2833575,2833575,3011865
2834291,2834291,3011865
2834354,2834354,3011865
2834863,2834863,3011865
2835026,2835026,3011865
2835798,2835798,3011865
2836311,2836311,3011865
2836696,2836696,3011865
2837333,2837333,3011865
2837535,2837535,3011865
2837550,2837550,3011865
2837581,2837581,3011865
2837737,2837737,3011865
2837953,2837953,3011865
2838076,2838076,3011865
2838335,2838335,3011865
2838856,2838856,3011865
2839285,2839285,3011865
2839432,2839432,3011865
2839568,2839568,3011865
2839574,2839574,3011865
2839722,2839722,3011865
2839726,2839726,3011865
2840074,2840074,3011865
2840247,2840247,3011865
2840338,2840338,3011865
2840400,2840400,3011865
2840736,2840736,3011865
2840913,2840913,3011865
2841037,2841037,3011865
2841147,2841147,3011865
2841313,2841313,3011865
2841458,2841458,3011865
2841501,2841501,3011865
2841831,2841831,3011865
2841916,2841916,3011865
2842158,2842158,3011865
2842219,2842219,3011865
2842306,2842306,3011865
2842384,2842384,3011865
2842686,2842686,3011865
2842742,2842742,3011865
2842839,2842839,3011865
2843075,2843075,3011865
2843160,2843160,3011865
2843275,2843275,3011865
2843474,2843474,3011865
2843883,2843883,3011865
2844643,2844643,3011865
2845837,2845837,3011865
2845978,2845978,3011865
2846077,2846077,3011865
2846307,2846307,3011865
2846347,2846347,3011865
2846982,2846982,3011865
2847039,2847039,3011865
2847161,2847161,3011865
2847172,2847172,3011865
2848184,2848184,3011865
2848499,2848499,3011865
2848597,2848597,3011865
2848714,2848714,3011865
2848736,2848736,3011865
2849120,2849120,3011865
2849123,2849123,3011865
2849238,2849238,3011865
2849327,2849327,3011865
2849903,2849903,3011865
2850045,2850045,3011865
2850180,2850180,3011865
2850377,2850377,3011865
2850388,2850388,3011865
2850414,2850414,3011865
2850497,2850497,3011865
2850575,2850575,3011865
2850582,2850582,3011865
2850691,2850691,3011865
2850935,2850935,3011865
2851041,2851041,3011865
2851195,2851195,3011865
2851289,2851289,3011865
2851297,2851297,3011865
2851611,2851611,3011865
2852206,2852206,3011865
2852680,2852680,3011865
2852907,2852907,3011865
2852918,2852918,3011865
2852961,2852961,3011865
2852998,2852998,3011865
2853188,2853188,3011865
2853233,2853233,3011865
2854139,2854139,3011865
2854762,2854762,3011865
2854966,2854966,3011865
2855189,2855189,3011865
2855324,2855324,3011865
2855373,2855373,3011865
2855430,2855430,3011865
2855729,2855729,3011865
2855809,2855809,3011865
2855840,2855840,3011865
2856036,2856036,3011865
2856045,2856045,3011865
2856135,2856135,3011865
2856177,2856177,3011865
2856396,2856396,3011865
2856487,2856487,3011865
2856662,2856662,3011865
2856805,2856805,3011865
2857139,2857139,3011865
2857168,2857168,3011865
2857424,2857424,3011865
2857770,2857770,3011865
2858911,2858911,3011865
2858982,2858982,3011865
2859349,2859349,3011865
2859867,2859867,3011865
2860397,2860397,3011865
2860661,2860661,3011865
2860846,2860846,3011865
2861068,2861068,3011865
2862006,2862006,3011865
2862208,2862208,3011865
2862441,2862441,3011865
2863259,2863259,3011865
2863544,2863544,3011865
2863789,2863789,3011865
2864207,2864207,3011865
2864236,2864236,3011865
2864503,2864503,3011865
2865667,2865667,3011865
2865678,2865678,3011865
2865765,2865765,3011865
2865822,2865822,3011865
2866074,2866074,3011865
2866236,2866236,3011865
2866292,2866292,3011865
2866475,2866475,3011865
2866542,2866542,3011865
2866831,2866831,3011865
2867049,2867049,3011865
2867157,2867157,3011865
2867328,2867328,3011865
2867545,2867545,3011865
2867697,2867697,3011865
2867754,2867754,3011865
2867927,2867927,3011865
2867956,2867956,3011865
2868250,2868250,3011865
2868390,2868390,3011865
2869109,2869109,3011865
2869324,2869324,3011865
2869700,2869700,3011865
2869705,2869705,3011865
2870046,2870046,3011865
2870048,2870048,3011865
2870187,2870187,3011865
2870401,2870401,3011865
2871017,2871017,3011865
2871569,2871569,3011865
2871653,2871653,3011865
2871873,2871873,3011865
2871988,2871988,3011865
2872065,2872065,3011865
2872066,2872066,3011865
2873236,2873236,3011865
2873278,2873278,3011865
2873292,2873292,3011865
2873467,2873467,3011865
2873648,2873648,3011865
2873726,2873726,3011865
2874089,2874089,3011865
2874106,2874106,3011865
2874126,2874126,3011865
2874144,2874144,3011865
2874219,2874219,3011865
2874630,2874630,3011865
2875008,2875008,3011865
2875261,2875261,3011865
2875277,2875277,3011865
2875332,2875332,3011865
2875510,2875510,3011865
2875632,2875632,3011865
2877004,2877004,3011865
2877023,2877023,3011865
2877126,2877126,3011865
2877700,2877700,3011865
2878338,2878338,3011865
2878487,2878487,3011865
2878735,2878735,3011865
2879010,2879010,3011865
2879282,2879282,3011865
2879454,2879454,3011865
2879484,2879484,3011865
2879697,2879697,3011865
2880029,2880029,3011865
2880188,2880188,3011865
2880202,2880202,3011865
2880345,2880345,3011865
2880885,2880885,3011865
2880914,2880914,3011865
2881071,2881071,3011865
2881281,2881281,3011865
2881336,2881336,3011865
2881349,2881349,3011865
2881884,2881884,3011865
2882701,2882701,3011865
2882893,2882893,3011865
2883101,2883101,3011865
2883250,2883250,3011865
2883294,2883294,3011865
2883943,2883943,3011865
2884002,2884002,3011865
2884114,2884114,3011865
2884596,2884596,3011865
2884828,2884828,3011865
2885082,2885082,3011865
2885125,2885125,3011865
2885276,2885276,3011865
2885341,2885341,3011865
2886416,2886416,3011865
2886706,2886706,3011865
2886729,2886729,3011865
2886774,2886774,3011865
2886942,2886942,3011865
2887496,2887496,3011865
2887937,2887937,3011865
2888041,2888041,3011865
2888047,2888047,3011865
2888545,2888545,3011865
2889070,2889070,3011865
2889398,2889398,3011865
2889825,2889825,3011865
2889898,2889898,3011865
2890283,2890283,3011865
2890346,2890346,3011865
2890412,2890412,3011865
2890442,2890442,3011865
2891004,2891004,3011865
2891222,2891222,3011865
2891444,2891444,3011865
2891517,2891517,3011865
2891601,2891601,3011865
2891712,2891712,3011865
2891838,2891838,3011865
2892197,2892197,3011865
2892211,2892211,3011865
2892428,2892428,3011865
2892538,2892538,3011865
2892567,2892567,3011865
2892670,2892670,3011865
2892841,2892841,3011865
2892893,2892893,3011865
2892911,2892911,3011865
2892991,2892991,3011865
2893045,2893045,3011865
2893113,2893113,3011865
2894046,2894046,3011865
2894660,2894660,3011865
2894751,2894751,3011865
2895064,2895064,3011865
2895372,2895372,3011865
2895679,2895679,3011865
2895982,2895982,3011865
2896021,2896021,3011865
2896300,2896300,3011865
2896713,2896713,3011865
2896845,2896845,3011865
2896850,2896850,3011865
2897360,2897360,3011865
2897616,2897616,3011865
2898375,2898375,3011865
2898410,2898410,3011865
2898994,2898994,3011865
2899482,2899482,3011865
2899491,2899491,3011865
2899517,2899517,3011865
2899898,2899898,3011865
2900262,2900262,3011865
2900557,2900557,3011865
2900567,2900567,3011865
2900814,2900814,3011865
2900953,2900953,3011865
2901173,2901173,3011865
2901446,2901446,3011865
2901515,2901515,3011865
2901610,2901610,3011865
2901683,2901683,3011865
2901795,2901795,3011865
2901900,2901900,3011865
2902581,2902581,3011865
2902909,2902909,3011865
2903155,2903155,3011865
2903319,2903319,3011865
2903345,2903345,3011865
2903684,2903684,3011865
2904171,2904171,3011865
2904194,2904194,3011865
2904248,2904248,3011865
2904985,2904985,3011865
2905249,2905249,3011865
2905508,2905508,3011865
2905818,2905818,3011865
2906051,2906051,3011865
2906441,2906441,3011865
2907206,2907206,3011865
2907243,2907243,3011865
2907665,2907665,3011865
2907947,2907947,3011865
2908258,2908258,3011865
2908305,2908305,3011865
2908467,2908467,3011865
2908867,2908867,3011865
2909149,2909149,3011865
2909588,2909588,3011865
2909866,2909866,3011865
2910135,2910135,3011865
2910328,2910328,3011865
2910647,2910647,3011865
2910737,2910737,3011865
2911035,2911035,3011865
2911363,2911363,3011865
2911840,2911840,3011865
2912078,2912078,3011865
2912286,2912286,3011865
2912837,2912837,3011865
2912978,2912978,3011865
2913035,2913035,3011865
2913669,2913669,3011865
2913894,2913894,3011865
2914174,2914174,3011865
2914234,2914234,3011865
2914282,2914282,3011865
2914574,2914574,3011865
2915036,2915036,3011865
2915039,2915039,3011865
2915186,2915186,3011865
2915540,2915540,3011865
2915709,2915709,3011865
2916120,2916120,3011865
2916520,2916520,3011865
2916832,2916832,3011865
2916884,2916884,3011865
2916973,2916973,3011865
2917142,2917142,3011865
2917287,2917287,3011865
2917595,2917595,3011865
2917888,2917888,3011865
2918783,2918783,3011865
2919094,2919094,3011865
2919127,2919127,3011865
2919242,2919242,3011865
2919394,2919394,3011865
2919408,2919408,3011865
2919900,2919900,3011865
2920274,2920274,3011865
2920533,2920533,3011865
2920941,2920941,3011865
2921593,2921593,3011865
2921690,2921690,3011865
2921868,2921868,3011865
2922418,2922418,3011865
2923259,2923259,3011865
2924288,2924288,3011865
2924319,2924319,3011865
2924726,2924726,3011865
2924971,2924971,3011865
2925257,2925257,3011865
2925430,2925430,3011865
2925608,2925608,3011865
2925676,2925676,3011865
2926505,2926505,3011865
2926513,2926513,3011865
2926931,2926931,3011865
2927346,2927346,3011865
2927596,2927596,3011865
2927913,2927913,3011865
2927927,2927927,3011865
2928092,2928092,3011865
2928298,2928298,3011865
2928396,2928396,3011865
2928509,2928509,3011865
2928607,2928607,3011865
2928762,2928762,3011865
2928947,2928947,3011865
2929079,2929079,3011865
2929504,2929504,3011865
2929507,2929507,3011865
2929771,2929771,3011865
2929790,2929790,3011865
2930095,2930095,3011865
2930285,2930285,3011865
2930612,2930612,3011865
2930700,2930700,3011865
2930727,2930727,3011865
2930948,2930948,3011865
2930994,2930994,3011865
2932100,2932100,3011865
2932657,2932657,3011865
2932794,2932794,3011865
2932823,2932823,3011865
2932935,2932935,3011865
2932954,2932954,3011865
2933266,2933266,3011865
2933511,2933511,3011865
2933616,2933616,3011865
2933879,2933879,3011865
2934028,2934028,3011865
2934576,2934576,3011865
2934809,2934809,3011865
2934867,2934867,3011865
2935572,2935572,3011865
2935583,2935583,3011865
2935993,2935993,3011865
2936162,2936162,3011865
2936240,2936240,3011865
2936317,2936317,3011865
2936396,2936396,3011865
2936580,2936580,3011865
2936606,2936606,3011865
2936611,2936611,3011865
2936720,2936720,3011865
2936729,2936729,3011865
2936731,2936731,3011865
2936771,2936771,3011865
2937251,2937251,3011865
2937715,2937715,3011865
2937770,2937770,3011865
2938447,2938447,3011865
2938601,2938601,3011865
2938685,2938685,3011865
2939190,2939190,3011865
2939378,2939378,3011865
2939554,2939554,3011865
2939777,2939777,3011865
2940032,2940032,3011865
2941483,2941483,3011865
2941664,2941664,3011865
2941924,2941924,3011865
2942080,2942080,3011865
2942240,2942240,3011865
2942473,2942473,3011865
2942515,2942515,3011865
2942579,2942579,3011865
2942901,2942901,3011865
2943070,2943070,3011865
2943277,2943277,3011865
2943425,2943425,3011865
2943720,2943720,3011865
2943748,2943748,3011865
2943953,2943953,3011865
2944049,2944049,3011865
2944120,2944120,3011865
2944205,2944205,3011865
2944246,2944246,3011865
2944514,2944514,3011865
2944535,2944535,3011865
2944614,2944614,3011865
2944833,2944833,3011865
2945019,2945019,3011865
2945173,2945173,3011865
2945281,2945281,3011865
2945592,2945592,3011865
2945615,2945615,3011865
2945694,2945694,3011865
2946128,2946128,3011865
2946167,2946167,3011865
2946830,2946830,3011865
2947236,2947236,3011865
2948061,2948061,3011865
2948334,2948334,3011865
2948528,2948528,3011865
2948696,2948696,3011865
2948781,2948781,3011865
2949113,2949113,3011865
2949494,2949494,3011865
2949930,2949930,3011865
2950901,2950901,3011865
2951171,2951171,3011865
2951207,2951207,3011865
2951698,2951698,3011865
2952169,2952169,3011865
2952578,2952578,3011865
2952621,2952621,3011865
2952682,2952682,3011865
2952807,2952807,3011865
2952921,2952921,3011865
2952974,2952974,3011865
2953159,2953159,3011865
2953339,2953339,3011865
2953620,2953620,3011865
2954103,2954103,3011865
2954355,2954355,3011865
2955231,2955231,3011865
2955340,2955340,3011865
2955817,2955817,3011865
2956042,2956042,3011865
2957052,2957052,3011865
2957299,2957299,3011865
2957388,2957388,3011865
2958023,2958023,3011865
2958103,2958103,3011865
2958156,2958156,3011865
2958276,2958276,3011865
2958320,2958320,3011865
2958991,2958991,3011865
2959012,2959012,3011865
2959134,2959134,3011865
2959253,2959253,3011865
2959304,2959304,3011865
2959853,2959853,3011865
2960201,2960201,3011865
2960809,2960809,3011865
2960985,2960985,3011865
2961826,2961826,3011865
2961851,2961851,3011865
2961937,2961937,3011865
2962493,2962493,3011865
2962773,2962773,3011865
2963142,2963142,3011865
2963297,2963297,3011865
2963503,2963503,3011865
2964381,2964381,3011865
2964513,2964513,3011865
2964607,2964607,3011865
2964620,2964620,3011865
2964842,2964842,3011865
2965342,2965342,3011865
2965602,2965602,3011865
2965981,2965981,3011865
2966060,2966060,3011865
2966287,2966287,3011865
2967237,2967237,3011865
2967288,2967288,3011865
2967523,2967523,3011865
2967550,2967550,3011865
2967695,2967695,3011865
2967740,2967740,3011865
2967754,2967754,3011865
2967791,2967791,3011865
2968165,2968165,3011865
2968645,2968645,3011865
2968893,2968893,3011865
2968934,2968934,3011865
2968975,2968975,3011865
2969273,2969273,3011865
2969765,2969765,3011865
2970242,2970242,3011865
2970458,2970458,3011865
2970902,2970902,3011865
2970924,2970924,3011865
2971746,2971746,3011865
2971924,2971924,3011865
2971949,2971949,3011865
2972001,2972001,3011865
2972498,2972498,3011865
2972694,2972694,3011865
2972907,2972907,3011865
2973159,2973159,3011865
2973349,2973349,3011865
2973367,2973367,3011865
2973429,2973429,3011865
2973454,2973454,3011865
2973512,2973512,3011865
2973611,2973611,3011865
2974272,2974272,3011865
2974403,2974403,3011865
2974434,2974434,3011865
2974506,2974506,3011865
2974860,2974860,3011865
2975256,2975256,3011865
2975385,2975385,3011865
2976158,2976158,3011865
2976220,2976220,3011865
2976601,2976601,3011865
2977639,2977639,3011865
2977691,2977691,3011865
2978253,2978253,3011865
2978410,2978410,3011865
2978476,2978476,3011865
2978499,2978499,3011865
2978934,2978934,3011865
2978979,2978979,3011865
2979582,2979582,3011865
2979714,2979714,3011865
2979791,2979791,3011865
2979856,2979856,3011865
2979893,2979893,3011865
2980071,2980071,3011865
2980080,2980080,3011865
2980112,2980112,3011865
2980345,2980345,3011865
2980631,2980631,3011865
2981021,2981021,3011865
2981114,2981114,3011865
2981288,2981288,3011865
2981408,2981408,3011865
2981591,2981591,3011865
2981758,2981758,3011865
2981825,2981825,3011865
2982097,2982097,3011865
2982305,2982305,3011865
2982574,2982574,3011865
2982902,2982902,3011865
2983209,2983209,3011865
2983422,2983422,3011865
2983465,2983465,3011865
2983467,2983467,3011865
2983471,2983471,3011865
2983558,2983558,3011865
2983685,2983685,3011865
2983809,2983809,3011865
2984276,2984276,3011865
2984797,2984797,3011865
2984804,2984804,3011865
2985039,2985039,3011865
2985260,2985260,3011865
2985374,2985374,3011865
2985774,2985774,3011865
2985881,2985881,3011865
2987030,2987030,3011865
2987095,2987095,3011865
2987410,2987410,3011865
2987435,2987435,3011865
2987451,2987451,3011865
2987897,2987897,3011865
2988252,2988252,3011865
2988275,2988275,3011865
2988382,2988382,3011865
2988382,2988382,3011865
2988921,2988921,3011865
2989323,2989323,3011865
2989567,2989567,3011865
2989746,2989746,3011865
2989978,2989978,3011865
2990152,2990152,3011865
2990177,2990177,3011865
2990483,2990483,3011865
2990508,2990508,3011865
2990723,2990723,3011865
2990759,2990759,3011865
2990814,2990814,3011865
2990950,2990950,3011865
2992497,2992497,3011865
2992614,2992614,3011865
2992690,2992690,3011865
2992950,2992950,3011865
2993132,2993132,3011865
2993233,2993233,3011865
2993326,2993326,3011865
2993416,2993416,3011865
2993808,2993808,3011865
2994012,2994012,3011865
2994216,2994216,3011865
2994604,2994604,3011865
2994622,2994622,3011865
2995019,2995019,3011865
2995033,2995033,3011865
2995492,2995492,3011865
2995496,2995496,3011865
2995639,2995639,3011865
2996135,2996135,3011865
2996234,2996234,3011865
2996332,2996332,3011865
2996661,2996661,3011865
2997218,2997218,3011865
2997533,2997533,3011865
2997595,2997595,3011865
2999554,2999554,3011865
2999883,2999883,3011865
3000203,3000203,3011865
3000615,3000615,3011865
3000754,3000754,3011865
3000830,3000830,3011865
3001106,3001106,3011865
3001137,3001137,3011865
3001659,3001659,3011865
3001698,3001698,3011865
3001775,3001775,3011865
3001872,3001872,3011865
3001959,3001959,3011865
3002739,3002739,3011865
3002886,3002886,3011865
3003390,3003390,3011865
3003522,3003522,3011865
3003571,3003571,3011865
3003917,3003917,3011865
3003962,3003962,3011865
3004289,3004289,3011865
3004563,3004563,3011865
3004709,3004709,3011865
3004819,3004819,3011865
3004926,3004926,3011865
3004940,3004940,3011865
3005201,3005201,3011865
3005716,3005716,3011865
3005993,3005993,3011865
3007031,3007031,3011865
3007157,3007157,3011865
3007197,3007197,3011865
3007257,3007257,3011865
3007336,3007336,3011865
3007620,3007620,3011865
3008068,3008068,3011865
3008208,3008208,3011865
3008346,3008346,3011865
3008388,3008388,3011865
3008718,3008718,3011865
3008748,3008748,3011865
3009128,3009128,3011865
3009436,3009436,3011865
3009617,3009617,3011865
3010051,3010051,3011865
3010204,3010204,3011865
3010290,3010290,3011865
3010302,3010302,3011865
3010530,3010530,3011865
3010593,3010593,3011865
3011049,3011049,3011865
3011195,3011195,3011865
3011467,3011467,3011865
3011467,3011467,3011865
3011701,3011701,3011865
3011795,3011795,3011865
3011832,3011832,3011865
3011876,3011876,4012653
3012005,3012005,4012653
3012348,3012348,4012653
3012880,3012880,4012653
3013005,3013005,4012653
3013458,3013458,4012653
3013569,3013569,4012653
3013626,3013626,4012653
3013672,3013672,4012653
3014122,3014122,4012653
3014245,3014245,4012653
3014650,3014650,4012653
3014868,3014868,4012653
3015041,3015041,4012653
3016252,3016252,4012653
3016422,3016422,4012653
3016704,3016704,4012653
3016977,3016977,4012653
3016978,3016978,4012653
3017462,3017462,4012653
3017796,3017796,4012653
3017841,3017841,4012653
3018153,3018153,4012653
3018238,3018238,4012653
3018408,3018408,4012653
3018716,3018716,4012653
3018772,3018772,4012653
3018827,3018827,4012653
3018870,3018870,4012653
3018900,3018900,4012653
3019127,3019127,4012653
3019941,3019941,4012653
3020311,3020311,4012653
3020429,3020429,4012653
3020875,3020875,4012653
3021184,3021184,4012653
3021191,3021191,4012653
3021207,3021207,4012653
3021423,3021423,4012653
3021636,3021636,4012653
3021767,3021767,4012653
3021794,3021794,4012653
3021804,3021804,4012653
3021894,3021894,4012653
3021988,3021988,4012653
3022023,3022023,4012653
3022772,3022772,4012653
3023039,3023039,4012653
3023056,3023056,4012653
3023099,3023099,4012653
3023139,3023139,4012653
3023515,3023515,4012653
3024272,3024272,4012653
3024275,3024275,4012653
3024527,3024527,4012653
3025069,3025069,4012653
3025406,3025406,4012653
3025606,3025606,4012653
3025790,3025790,4012653
3025865,3025865,4012653
3026388,3026388,4012653
3026457,3026457,4012653
3026525,3026525,4012653
3026695,3026695,4012653
3027062,3027062,4012653
3027145,3027145,4012653
3027371,3027371,4012653
3027460,3027460,4012653
3028525,3028525,4012653
3028606,3028606,4012653
3028788,3028788,4012653
3028793,3028793,4012653
3028853,3028853,4012653
3028890,3028890,4012653
3029610,3029610,4012653
3029727,3029727,4012653
3029871,3029871,4012653
3029897,3029897,4012653
3030169,3030169,4012653
3030234,3030234,4012653
3030488,3030488,4012653
3030673,3030673,4012653
3030703,3030703,4012653
3030832,3030832,4012653
3030866,3030866,4012653
3031555,3031555,4012653
3032115,3032115,4012653
3032370,3032370,4012653
3032406,3032406,4012653
3032616,3032616,4012653
3032861,3032861,4012653
3033038,3033038,4012653
3033192,3033192,4012653
3033776,3033776,4012653
3033931,3033931,4012653
3033935,3033935,4012653
3034121,3034121,4012653
3034122,3034122,4012653
3034186,3034186,4012653
3034291,3034291,4012653
3034409,3034409,4012653
3034423,3034423,4012653
3034684,3034684,4012653
3034736,3034736,4012653
3035155,3035155,4012653
3035380,3035380,4012653
3035430,3035430,4012653
3035459,3035459,4012653
3035515,3035515,4012653
3035559,3035559,4012653
3035592,3035592,4012653
3035611,3035611,4012653
3035712,3035712,4012653
3036263,3036263,4012653
3036289,3036289,4012653
3036425,3036425,4012653
3036699,3036699,4012653
3036913,3036913,4012653
3037366,3037366,4012653
3037565,3037565,4012653
3037739,3037739,4012653
3038069,3038069,4012653
3038302,3038302,4012653
3038357,3038357,4012653
3038614,3038614,4012653
3038650,3038650,4012653
3039317,3039317,4012653
3040611,3040611,4012653
3040877,3040877,4012653
3040912,3040912,4012653
3040946,3040946,4012653
3041073,3041073,4012653
3041780,3041780,4012653
3041878,3041878,4012653
3042084,3042084,4012653
3042166,3042166,4012653
3042950,3042950,4012653
3043037,3043037,4012653
3043199,3043199,4012653
3043767,3043767,4012653
3043796,3043796,4012653
3043797,3043797,4012653
3043813,3043813,4012653
3043912,3043912,4012653
3043940,3043940,4012653
3043994,3043994,4012653
3044221,3044221,4012653
3044449,3044449,4012653
3044812,3044812,4012653
3044991,3044991,4012653
3045227,3045227,4012653
3045534,3045534,4012653
3045568,3045568,4012653
3046392,3046392,4012653
3047502,3047502,4012653
3048155,3048155,4012653
3048383,3048383,4012653
3048579,3048579,4012653
3048835,3048835,4012653
3048963,3048963,4012653
3049125,3049125,4012653
3049132,3049132,4012653
3049407,3049407,4012653
3049794,3049794,4012653
3050016,3050016,4012653
3050120,3050120,4012653
3050208,3050208,4012653
3050315,3050315,4012653
3050594,3050594,4012653
3050714,3050714,4012653
3051078,3051078,4012653
3051539,3051539,4012653
3051578,3051578,4012653
3051864,3051864,4012653
3051892,3051892,4012653
3052131,3052131,4012653
3052161,3052161,4012653
3052195,3052195,4012653
3052881,3052881,4012653
3053324,3053324,4012653
3053334,3053334,4012653
3053495,3053495,4012653
3054878,3054878,4012653
3055197,3055197,4012653
3055263,3055263,4012653
3055754,3055754,4012653
3055943,3055943,4012653
3056078,3056078,4012653
3056199,3056199,4012653
3056253,3056253,4012653
3056293,3056293,4012653
3056850,3056850,4012653
3056880,3056880,4012653
3057221,3057221,4012653
3057528,3057528,4012653
3057532,3057532,4012653
3057824,3057824,4012653
3057890,3057890,4012653
3057918,3057918,4012653
3057919,3057919,4012653
3057940,3057940,4012653
3058624,3058624,4012653
3058942,3058942,4012653
3059013,3059013,4012653
3059204,3059204,4012653
3059628,3059628,4012653
3059899,3059899,4012653
3059983,3059983,4012653
3060230,3060230,4012653
3060424,3060424,4012653
3060704,3060704,4012653
3060724,3060724,4012653
3061003,3061003,4012653
3061115,3061115,4012653
3061153,3061153,4012653
3061572,3061572,4012653
3061637,3061637,4012653
3061688,3061688,4012653
3062109,3062109,4012653
3062437,3062437,4012653
3062666,3062666,4012653
3062922,3062922,4012653
3063278,3063278,4012653
3063314,3063314,4012653
3063615,3063615,4012653
3063722,3063722,4012653
3063943,3063943,4012653
3064065,3064065,4012653
3064102,3064102,4012653
3064126,3064126,4012653
3064563,3064563,4012653
3064676,3064676,4012653
3064830,3064830,4012653
3064922,3064922,4012653
3065028,3065028,4012653
3065232,3065232,4012653
3065258,3065258,4012653
3065335,3065335,4012653
3065787,3065787,4012653
3065903,3065903,4012653
3066394,3066394,4012653
3066498,3066498,4012653
3066645,3066645,4012653
3066668,3066668,4012653
3067204,3067204,4012653
3067433,3067433,4012653
3067494,3067494,4012653
3067508,3067508,4012653
3067570,3067570,4012653
3067991,3067991,4012653
3068154,3068154,4012653
3068229,3068229,4012653
3068579,3068579,4012653
3068627,3068627,4012653
3068735,3068735,4012653
3068758,3068758,4012653
3068885,3068885,4012653
3068937,3068937,4012653
3069010,3069010,4012653
3069067,3069067,4012653
3069451,3069451,4012653
3069661,3069661,4012653
3069741,3069741,4012653
3069881,3069881,4012653
3070948,3070948,4012653
3071247,3071247,4012653
3071933,3071933,4012653
3072011,3072011,4012653
3072167,3072167,4012653
3072512,3072512,4012653
3072697,3072697,4012653
3073272,3073272,4012653
3073286,3073286,4012653
3073305,3073305,4012653
3073451,3073451,4012653
3073645,3073645,4012653
3074309,3074309,4012653
3074592,3074592,4012653
3074749,3074749,4012653
3075132,3075132,4012653
3075266,3075266,4012653
3075416,3075416,4012653
3075483,3075483,4012653
3076184,3076184,4012653
3076296,3076296,4012653
3076400,3076400,4012653
3076803,3076803,4012653
3077400,3077400,4012653
3077719,3077719,4012653
3077739,3077739,4012653
3077854,3077854,4012653
3077883,3077883,4012653
3077972,3077972,4012653
3078150,3078150,4012653
3078288,3078288,4012653
3079122,3079122,4012653
3079177,3079177,4012653
3079283,3079283,4012653
3079355,3079355,4012653
3079413,3079413,4012653
3079415,3079415,4012653
3079524,3079524,4012653
3079799,3079799,4012653
3079852,3079852,4012653
3080147,3080147,4012653
3080343,3080343,4012653
3080344,3080344,4012653
3080797,3080797,4012653
3080901,3080901,4012653
3080972,3080972,4012653
3081023,3081023,4012653
3081098,3081098,4012653
3081210,3081210,4012653
3082031,3082031,4012653
3083955,3083955,4012653
3084023,3084023,4012653
3084063,3084063,4012653
3084295,3084295,4012653
3085086,3085086,4012653
3085210,3085210,4012653
3085221,3085221,4012653
3085915,3085915,4012653
3086216,3086216,4012653
3086303,3086303,4012653
3086307,3086307,4012653
3087214,3087214,4012653
3087411,3087411,4012653
3088357,3088357,4012653
3088413,3088413,4012653
3088509,3088509,4012653
3088537,3088537,4012653
3088541,3088541,4012653
3088784,3088784,4012653
3089255,3089255,4012653
3089309,3089309,4012653
3089340,3089340,4012653
3089745,3089745,4012653
3090568,3090568,4012653
3090903,3090903,4012653
3091006,3091006,4012653
3091268,3091268,4012653
3091439,3091439,4012653
3091480,3091480,4012653
3091482,3091482,4012653
3091486,3091486,4012653
3091499,3091499,4012653
3091644,3091644,4012653
3091731,3091731,4012653
3091935,3091935,4012653
3092191,3092191,4012653
3092223,3092223,4012653
3093110,3093110,4012653
3093269,3093269,4012653
3093313,3093313,4012653
3093441,3093441,4012653
3093546,3093546,4012653
3094027,3094027,4012653
3094139,3094139,4012653
3094821,3094821,4012653
3095115,3095115,4012653
3095214,3095214,4012653
3095263,3095263,4012653
3095815,3095815,4012653
3096102,3096102,4012653
3096156,3096156,4012653
3096183,3096183,4012653
3096348,3096348,4012653
3096532,3096532,4012653
3096551,3096551,4012653
3097194,3097194,4012653
3097580,3097580,4012653
3098660,3098660,4012653
3099621,3099621,4012653
3099688,3099688,4012653
3100024,3100024,4012653
3100451,3100451,4012653
3100702,3100702,4012653
3100789,3100789,4012653
3101290,3101290,4012653
3101595,3101595,4012653
3101841,3101841,4012653
3102140,3102140,4012653
3102565,3102565,4012653
3102678,3102678,4012653
3102939,3102939,4012653
3103396,3103396,4012653
3103460,3103460,4012653
3103698,3103698,4012653
3103823,3103823,4012653
3103946,3103946,4012653
3104323,3104323,4012653
3104497,3104497,4012653
3104742,3104742,4012653
3104913,3104913,4012653
3105994,3105994,4012653
3106145,3106145,4012653
3106167,3106167,4012653
3106516,3106516,4012653
3106954,3106954,4012653
3107059,3107059,4012653
3107204,3107204,4012653
3107282,3107282,4012653
3107289,3107289,4012653
3107508,3107508,4012653
3107564,3107564,4012653
3107724,3107724,4012653
3108178,3108178,4012653
3108425,3108425,4012653
3108542,3108542,4012653
3108558,3108558,4012653
3109795,3109795,4012653
3109841,3109841,4012653
3109888,3109888,4012653
3110444,3110444,4012653
3110570,3110570,4012653
3110890,3110890,4012653
3110893,3110893,4012653
3110931,3110931,4012653
3111145,3111145,4012653
3111183,3111183,4012653
3111687,3111687,4012653
3111987,3111987,4012653
3112431,3112431,4012653
3112468,3112468,4012653
3112684,3112684,4012653
3112696,3112696,4012653
3112733,3112733,4012653
3112754,3112754,4012653
3112775,3112775,4012653
3112820,3112820,4012653
3113105,3113105,4012653
3113800,3113800,4012653
3114067,3114067,4012653
3114439,3114439,4012653
3114569,3114569,4012653
3114715,3114715,4012653
3114959,3114959,4012653
3115103,3115103,4012653
3115625,3115625,4012653
3115668,3115668,4012653
3115835,3115835,4012653
3115894,3115894,4012653
3115941,3115941,4012653
3116033,3116033,4012653
3116118,3116118,4012653
3116216,3116216,4012653
3116312,3116312,4012653
3116558,3116558,4012653
3116836,3116836,4012653
3117006,3117006,4012653
3117088,3117088,4012653
3117388,3117388,4012653
3117423,3117423,4012653
3117445,3117445,4012653
3117532,3117532,4012653
3118214,3118214,4012653
3118288,3118288,4012653
3118762,3118762,4012653
3119324,3119324,4012653
3119416,3119416,4012653
3119459,3119459,4012653
3119671,3119671,4012653
3119916,3119916,4012653
3120391,3120391,4012653
3120821,3120821,4012653
3120884,3120884,4012653
3120908,3120908,4012653
3120920,3120920,4012653
3121808,3121808,4012653
3122094,3122094,4012653
3123861,3123861,4012653
3124120,3124120,4012653
3124314,3124314,4012653
3124448,3124448,4012653
3124731,3124731,4012653
3125291,3125291,4012653
3125315,3125315,4012653
3125340,3125340,4012653
3125433,3125433,4012653
3125681,3125681,4012653
3126140,3126140,4012653
3126374,3126374,4012653
3126584,3126584,4012653
3126845,3126845,4012653
3126951,3126951,4012653
3127424,3127424,4012653
3127785,3127785,4012653
3127882,3127882,4012653
3128036,3128036,4012653
3128088,3128088,4012653
3128704,3128704,4012653
3128969,3128969,4012653
3129036,3129036,4012653
3129560,3129560,4012653
3129720,3129720,4012653
3129775,3129775,4012653
3129798,3129798,4012653
3130224,3130224,4012653
3130256,3130256,4012653
3130270,3130270,4012653
3130649,3130649,4012653
3130741,3130741,4012653
3131400,3131400,4012653
3131552,3131552,4012653
3131584,3131584,4012653
3131849,3131849,4012653
3131954,3131954,4012653
3131993,3131993,4012653
3132561,3132561,4012653
3133081,3133081,4012653
3133207,3133207,4012653
3133590,3133590,4012653
3134148,3134148,4012653
3134154,3134154,4012653
3134281,3134281,4012653
3134591,3134591,4012653
3134599,3134599,4012653
3134773,3134773,4012653
3134906,3134906,4012653
3135196,3135196,4012653
3135335,3135335,4012653
3135464,3135464,4012653
3135546,3135546,4012653
3135604,3135604,4012653
3135739,3135739,4012653
3135751,3135751,4012653
3135776,3135776,4012653
3136075,3136075,4012653
3136200,3136200,4012653
3136203,3136203,4012653
3136234,3136234,4012653
3136262,3136262,4012653
3137022,3137022,4012653
3137039,3137039,4012653
3137115,3137115,4012653
3137998,3137998,4012653
3138141,3138141,4012653
3138454,3138454,4012653
3138532,3138532,4012653
3139001,3139001,4012653
3139134,3139134,4012653
3139196,3139196,4012653
3139380,3139380,4012653
3139575,3139575,4012653
3139691,3139691,4012653
3140268,3140268,4012653
3140650,3140650,4012653
3140700,3140700,4012653
3140850,3140850,4012653
3140860,3140860,4012653
3140899,3140899,4012653
3141402,3141402,4012653
3141670,3141670,4012653
3141970,3141970,4012653
3141977,3141977,4012653
3142054,3142054,4012653
3142837,3142837,4012653
3143177,3143177,4012653
3143580,3143580,4012653
3143644,3143644,4012653
3143649,3143649,4012653
3144050,3144050,4012653
3144382,3144382,4012653
3144790,3144790,4012653
3144939,3144939,4012653
3145008,3145008,4012653
3145436,3145436,4012653
3145438,3145438,4012653
3145551,3145551,4012653
3145811,3145811,4012653
3145866,3145866,4012653
3145967,3145967,4012653
3146095,3146095,4012653
3146454,3146454,4012653
3146472,3146472,4012653
3146942,3146942,4012653
3147139,3147139,4012653
3147234,3147234,4012653
3147949,3147949,4012653
3148857,3148857,4012653
3149547,3149547,4012653
3149653,3149653,4012653
3149678,3149678,4012653
3149766,3149766,4012653
3150449,3150449,4012653
3151327,3151327,4012653
3151391,3151391,4012653
3151867,3151867,4012653
3151936,3151936,4012653
3152243,3152243,4012653
3153059,3153059,4012653
3153530,3153530,4012653
3153602,3153602,4012653
3153633,3153633,4012653
3153646,3153646,4012653
3154303,3154303,4012653
3154384,3154384,4012653
3154794,3154794,4012653
3154796,3154796,4012653
3154811,3154811,4012653
3154908,3154908,4012653
3155180,3155180,4012653
3155491,3155491,4012653
3155732,3155732,4012653
3156481,3156481,4012653
3156607,3156607,4012653
3156664,3156664,4012653
3156774,3156774,4012653
3157301,3157301,4012653
3157615,3157615,4012653
3157660,3157660,4012653
3157753,3157753,4012653
3157809,3157809,4012653
3158636,3158636,4012653
3159037,3159037,4012653
3159745,3159745,4012653
3159955,3159955,4012653
3160392,3160392,4012653
3160636,3160636,4012653
3160788,3160788,4012653
3160948,3160948,4012653
3160974,3160974,4012653
3161034,3161034,4012653
3161220,3161220,4012653
3161364,3161364,4012653
3161878,3161878,4012653
3162409,3162409,4012653
3162421,3162421,4012653
3162471,3162471,4012653
3163227,3163227,4012653
3163302,3163302,4012653
3163356,3163356,4012653
3163601,3163601,4012653
3163737,3163737,4012653
3163942,3163942,4012653
3164179,3164179,4012653
3165136,3165136,4012653
3165232,3165232,4012653
3165233,3165233,4012653
3165356,3165356,4012653
3166418,3166418,4012653
3166458,3166458,4012653
3166563,3166563,4012653
3167061,3167061,4012653
3167071,3167071,4012653
3167177,3167177,4012653
3167181,3167181,4012653
3167749,3167749,4012653
3168222,3168222,4012653
3168511,3168511,4012653
3169073,3169073,4012653
3169102,3169102,4012653
3169134,3169134,4012653
3169839,3169839,4012653
3169940,3169940,4012653
3169960,3169960,4012653
3170317,3170317,4012653
3170705,3170705,4012653
3170751,3170751,4012653
3171007,3171007,4012653
3171278,3171278,4012653
3171416,3171416,4012653
3171734,3171734,4012653
3171942,3171942,4012653
3172023,3172023,4012653
3172602,3172602,4012653
3173564,3173564,4012653
3173858,3173858,4012653
3174848,3174848,4012653
3174854,3174854,4012653
3175129,3175129,4012653
3176012,3176012,4012653
3176629,3176629,4012653
3177101,3177101,4012653
3177190,3177190,4012653
3177265,3177265,4012653
3178004,3178004,4012653
3178076,3178076,4012653
3178606,3178606,4012653
3178835,3178835,4012653
3179678,3179678,4012653
3179988,3179988,4012653
3179993,3179993,4012653
3180460,3180460,4012653
3180898,3180898,4012653
3181153,3181153,4012653
3181214,3181214,4012653
3181571,3181571,4012653
3181830,3181830,4012653
3182400,3182400,4012653
3182451,3182451,4012653
3182497,3182497,4012653
3182814,3182814,4012653
3183395,3183395,4012653
3183578,3183578,4012653
3183656,3183656,4012653
3184091,3184091,4012653
3184218,3184218,4012653
3184242,3184242,4012653
3184617,3184617,4012653
3184781,3184781,4012653
3185141,3185141,4012653
3185360,3185360,4012653
3185723,3185723,4012653
3186671,3186671,4012653
3186974,3186974,4012653
3187207,3187207,4012653
3187393,3187393,4012653
3187408,3187408,4012653
3187487,3187487,4012653
3187727,3187727,4012653
3187967,3187967,4012653
3188070,3188070,4012653
3188288,3188288,4012653
3188775,3188775,4012653
3189041,3189041,4012653
3189166,3189166,4012653
3189683,3189683,4012653
3190118,3190118,4012653
3190157,3190157,4012653
3190408,3190408,4012653
3190639,3190639,4012653
3191005,3191005,4012653
3191664,3191664,4012653
3191697,3191697,4012653
3192057,3192057,4012653
3192142,3192142,4012653
3193142,3193142,4012653
3193225,3193225,4012653
3193237,3193237,4012653
3194030,3194030,4012653
3194096,3194096,4012653
3194188,3194188,4012653
3194280,3194280,4012653
3194446,3194446,4012653
3194725,3194725,4012653
3195062,3195062,4012653
3195411,3195411,4012653
3195618,3195618,4012653
3195800,3195800,4012653
3195921,3195921,4012653
3196460,3196460,4012653
3197073,3197073,4012653
3198063,3198063,4012653
3198188,3198188,4012653
3198403,3198403,4012653
3198920,3198920,4012653
3199431,3199431,4012653
3199576,3199576,4012653
3199783,3199783,4012653
3200047,3200047,4012653
3200331,3200331,4012653
3200932,3200932,4012653
3200988,3200988,4012653
3201132,3201132,4012653
3201291,3201291,4012653
3201471,3201471,4012653
3201631,3201631,4012653
3201945,3201945,4012653
3202213,3202213,4012653
3202736,3202736,4012653
3202925,3202925,4012653
3204132,3204132,4012653
3204370,3204370,4012653
3204376,3204376,4012653
3205075,3205075,4012653
3205105,3205105,4012653
3205114,3205114,4012653
3205387,3205387,4012653
3205563,3205563,4012653
3205900,3205900,4012653
3207057,3207057,4012653
3208508,3208508,4012653
3208569,3208569,4012653
3208672,3208672,4012653
3208850,3208850,4012653
3208875,3208875,4012653
3209152,3209152,4012653
3209153,3209153,4012653
3209171,3209171,4012653
3209245,3209245,4012653
3209905,3209905,4012653
3210103,3210103,4012653
3210486,3210486,4012653
3210526,3210526,4012653
3210564,3210564,4012653
3211220,3211220,4012653
3211243,3211243,4012653
3211876,3211876,4012653
3211912,3211912,4012653
3212072,3212072,4012653
3212187,3212187,4012653
3212748,3212748,4012653
3212789,3212789,4012653
3213216,3213216,4012653
3213557,3213557,4012653
3213557,3213557,4012653
3214051,3214051,4012653
3214142,3214142,4012653
3214220,3214220,4012653
3214344,3214344,4012653
3214480,3214480,4012653
3214522,3214522,4012653
3214535,3214535,4012653
3214726,3214726,4012653
3215283,3215283,4012653
3215407,3215407,4012653
3215929,3215929,4012653
3216205,3216205,4012653
3216811,3216811,4012653
3216835,3216835,4012653
3217518,3217518,4012653
3217825,3217825,4012653
3217829,3217829,4012653
3218074,3218074,4012653
3218252,3218252,4012653
3218910,3218910,4012653
3218984,3218984,4012653
3219088,3219088,4012653
3219424,3219424,4012653
3219481,3219481,4012653
3219523,3219523,4012653
3219547,3219547,4012653
3219553,3219553,4012653
3219760,3219760,4012653
3220047,3220047,4012653
3220403,3220403,4012653
3220611,3220611,4012653
3220693,3220693,4012653
3221082,3221082,4012653
3221105,3221105,4012653
3221862,3221862,4012653
3222085,3222085,4012653
3222142,3222142,4012653
3222331,3222331,4012653
3222504,3222504,4012653
3222760,3222760,4012653
3222823,3222823,4012653
3223239,3223239,4012653
3223669,3223669,4012653
3223753,3223753,4012653
3224101,3224101,4012653
3224126,3224126,4012653
3224217,3224217,4012653
3224226,3224226,4012653
3224472,3224472,4012653
3224842,3224842,4012653
3224896,3224896,4012653
3225346,3225346,4012653
3225481,3225481,4012653
3225590,3225590,4012653
3225642,3225642,4012653
3225717,3225717,4012653
3226220,3226220,4012653
3226302,3226302,4012653
3226645,3226645,4012653
3226704,3226704,4012653
3226889,3226889,4012653
3227117,3227117,4012653
3227217,3227217,4012653
3227396,3227396,4012653
3227684,3227684,4012653
3228459,3228459,4012653
3228531,3228531,4012653
3228722,3228722,4012653
3228779,3228779,4012653
3228893,3228893,4012653
3229057,3229057,4012653
3229375,3229375,4012653
3229514,3229514,4012653
3229881,3229881,4012653
3230088,3230088,4012653
3230645,3230645,4012653
3231321,3231321,4012653
3231382,3231382,4012653
3231605,3231605,4012653
3231960,3231960,4012653
3232383,3232383,4012653
3232504,3232504,4012653
3232603,3232603,4012653
3232714,3232714,4012653
3233013,3233013,4012653
3233535,3233535,4012653
3233797,3233797,4012653
3234008,3234008,4012653
3234284,3234284,4012653
3234555,3234555,4012653
3234645,3234645,4012653
3234663,3234663,4012653
3234687,3234687,4012653
3234944,3234944,4012653
3235305,3235305,4012653
3235382,3235382,4012653
3235460,3235460,4012653
3235466,3235466,4012653
3235862,3235862,4012653
3236324,3236324,4012653
3236373,3236373,4012653
3236435,3236435,4012653
3236518,3236518,4012653
3236541,3236541,4012653
3237349,3237349,4012653
3237447,3237447,4012653
3237588,3237588,4012653
3237919,3237919,4012653
3238001,3238001,4012653
3238112,3238112,4012653
3238375,3238375,4012653
3238416,3238416,4012653
3238830,3238830,4012653
3239017,3239017,4012653
3239170,3239170,4012653
3239356,3239356,4012653
3239535,3239535,4012653
3239621,3239621,4012653
3239659,3239659,4012653
3239873,3239873,4012653
3239914,3239914,4012653
3241025,3241025,4012653
3241698,3241698,4012653
3242246,3242246,4012653
3242373,3242373,4012653
3242425,3242425,4012653
3242689,3242689,4012653
3242725,3242725,4012653
3242868,3242868,4012653
3242942,3242942,4012653
3243061,3243061,4012653
3243103,3243103,4012653
3243282,3243282,4012653
3243998,3243998,4012653
3244177,3244177,4012653
3244185,3244185,4012653
3245014,3245014,4012653
3245196,3245196,4012653
3245491,3245491,4012653
3245937,3245937,4012653
3245945,3245945,4012653
3246744,3246744,4012653
3247085,3247085,4012653
3247369,3247369,4012653
3247425,3247425,4012653
3247536,3247536,4012653
3247734,3247734,4012653
3247928,3247928,4012653
3247932,3247932,4012653
3247964,3247964,4012653
3248020,3248020,4012653
3248025,3248025,4012653
3248454,3248454,4012653
3248589,3248589,4012653
3249045,3249045,4012653
3249231,3249231,4012653
3249399,3249399,4012653
3249896,3249896,4012653
3250403,3250403,4012653
3250405,3250405,4012653
3250783,3250783,4012653
3251439,3251439,4012653
3251779,3251779,4012653
3251872,3251872,4012653
3252750,3252750,4012653
3253238,3253238,4012653
3253463,3253463,4012653
3253751,3253751,4012653
3254086,3254086,4012653
3254242,3254242,4012653
3254507,3254507,4012653
3254597,3254597,4012653
3254806,3254806,4012653
3255188,3255188,4012653
3255347,3255347,4012653
3255399,3255399,4012653
3255418,3255418,4012653
3255607,3255607,4012653
3255630,3255630,4012653
3255923,3255923,4012653
3256508,3256508,4012653
3257068,3257068,4012653
3257514,3257514,4012653
3257574,3257574,4012653
3257683,3257683,4012653
3258490,3258490,4012653
3258626,3258626,4012653
3258816,3258816,4012653
3259084,3259084,4012653
3259244,3259244,4012653
3259277,3259277,4012653
3261171,3261171,4012653
3261557,3261557,4012653
3261573,3261573,4012653
3261730,3261730,4012653
3261872,3261872,4012653
3261903,3261903,4012653
3262035,3262035,4012653
3262287,3262287,4012653
3262304,3262304,4012653
3262312,3262312,4012653
3262614,3262614,4012653
3262618,3262618,4012653
3263175,3263175,4012653
3263279,3263279,4012653
3263378,3263378,4012653
3263419,3263419,4012653
3263790,3263790,4012653
3263804,3263804,4012653
3263955,3263955,4012653
3264185,3264185,4012653
3264235,3264235,4012653
3264287,3264287,4012653
3264607,3264607,4012653
3264951,3264951,4012653
3265039,3265039,4012653
3265087,3265087,4012653
3265101,3265101,4012653
3265368,3265368,4012653
3265459,3265459,4012653
3265540,3265540,4012653
3266425,3266425,4012653
3267160,3267160,4012653
3267297,3267297,4012653
3267353,3267353,4012653
3267473,3267473,4012653
3267533,3267533,4012653
3267614,3267614,4012653
3267861,3267861,4012653
3267939,3267939,4012653
3267962,3267962,4012653
3268259,3268259,4012653
3268474,3268474,4012653
3268560,3268560,4012653
3269145,3269145,4012653
3269145,3269145,4012653
3269177,3269177,4012653
3269293,3269293,4012653
3269628,3269628,4012653
3269820,3269820,4012653
3270046,3270046,4012653
3270094,3270094,4012653
3270181,3270181,4012653
3270258,3270258,4012653
3270347,3270347,4012653
3270711,3270711,4012653
3270774,3270774,4012653
3270847,3270847,4012653
3271037,3271037,4012653
3271460,3271460,4012653
3271521,3271521,4012653
3272620,3272620,4012653
3272885,3272885,4012653
3273067,3273067,4012653
3273666,3273666,4012653
3273863,3273863,4012653
3273896,3273896,4012653
3274103,3274103,4012653
3274112,3274112,4012653
3274440,3274440,4012653
3274574,3274574,4012653
3275282,3275282,4012653
3275527,3275527,4012653
3275863,3275863,4012653
3275888,3275888,4012653
3276007,3276007,4012653
3276636,3276636,4012653
3276704,3276704,4012653
3277335,3277335,4012653
3277568,3277568,4012653
3277573,3277573,4012653
3277615,3277615,4012653
3277764,3277764,4012653
3277932,3277932,4012653
3278528,3278528,4012653
3278617,3278617,4012653
3279380,3279380,4012653
3279471,3279471,4012653
3279705,3279705,4012653
3279776,3279776,4012653
3279890,3279890,4012653
3279979,3279979,4012653
3280104,3280104,4012653
3281472,3281472,4012653
3281932,3281932,4012653
3281950,3281950,4012653
3281982,3281982,4012653
3282207,3282207,4012653
3282570,3282570,4012653
3282605,3282605,4012653
3282629,3282629,4012653
3282906,3282906,4012653
3283361,3283361,4012653
3283605,3283605,4012653
3283663,3283663,4012653
3283814,3283814,4012653
3283840,3283840,4012653
3283941,3283941,4012653
3284023,3284023,4012653
3284110,3284110,4012653
3284472,3284472,4012653
3284810,3284810,4012653
3286113,3286113,4012653
3286482,3286482,4012653
3286516,3286516,4012653
3286979,3286979,4012653
3287981,3287981,4012653
3288459,3288459,4012653
3288657,3288657,4012653
3288723,3288723,4012653
3289215,3289215,4012653
3289641,3289641,4012653
3289968,3289968,4012653
3290006,3290006,4012653
3290075,3290075,4012653
3290149,3290149,4012653
3290418,3290418,4012653
3290492,3290492,4012653
3290931,3290931,4012653
3291033,3291033,4012653
3291198,3291198,4012653
3291209,3291209,4012653
3291372,3291372,4012653
3291439,3291439,4012653
3291724,3291724,4012653
3292324,3292324,4012653
3293204,3293204,4012653
3293256,3293256,4012653
3293471,3293471,4012653
3293715,3293715,4012653
3293923,3293923,4012653
3294305,3294305,4012653
3294640,3294640,4012653
3295341,3295341,4012653
3295433,3295433,4012653
3295687,3295687,4012653
3296042,3296042,4012653
3296242,3296242,4012653
3296902,3296902,4012653
3297024,3297024,4012653
3297548,3297548,4012653
3297755,3297755,4012653
3298309,3298309,4012653
3298363,3298363,4012653
3298752,3298752,4012653
3298998,3298998,4012653
3299037,3299037,4012653
3299722,3299722,4012653
3299847,3299847,4012653
3300168,3300168,4012653
3300317,3300317,4012653
3300876,3300876,4012653
3301356,3301356,4012653
3301580,3301580,4012653
3301622,3301622,4012653
3301807,3301807,4012653
3301877,3301877,4012653
3301942,3301942,4012653
3301971,3301971,4012653
3302115,3302115,4012653
3302204,3302204,4012653
3302297,3302297,4012653
3302320,3302320,4012653
3302563,3302563,4012653
3302776,3302776,4012653
3302848,3302848,4012653
3302953,3302953,4012653
3303194,3303194,4012653
3303288,3303288,4012653
3303631,3303631,4012653
3304119,3304119,4012653
3304217,3304217,4012653
3304237,3304237,4012653
3304415,3304415,4012653
3304831,3304831,4012653
3304874,3304874,4012653
3304910,3304910,4012653
3305208,3305208,4012653
3305260,3305260,4012653
3305773,3305773,4012653
3305816,3305816,4012653
3305899,3305899,4012653
3305905,3305905,4012653
3306340,3306340,4012653
3306692,3306692,4012653
3306693,3306693,4012653
3306727,3306727,4012653
3306994,3306994,4012653
3307102,3307102,4012653
3307226,3307226,4012653
3307856,3307856,4012653
3307917,3307917,4012653
3307975,3307975,4012653
3308464,3308464,4012653
3308549,3308549,4012653
3308671,3308671,4012653
3308735,3308735,4012653
3308828,3308828,4012653
3308992,3308992,4012653
3309610,3309610,4012653
3309828,3309828,4012653
3310778,3310778,4012653
3310786,3310786,4012653
3311648,3311648,4012653
3312207,3312207,4012653
3312367,3312367,4012653
3312600,3312600,4012653
3312647,3312647,4012653
3313031,3313031,4012653
3313232,3313232,4012653
3313254,3313254,4012653
3313423,3313423,4012653
3313732,3313732,4012653
3314275,3314275,4012653
3314524,3314524,4012653
3315319,3315319,4012653
3315627,3315627,4012653
3316144,3316144,4012653
3316317,3316317,4012653
3316361,3316361,4012653
3316574,3316574,4012653
3316889,3316889,4012653
3317693,3317693,4012653
3317841,3317841,4012653
3317987,3317987,4012653
3318290,3318290,4012653
3318374,3318374,4012653
3318395,3318395,4012653
3318700,3318700,4012653
3318777,3318777,4012653
3320432,3320432,4012653
3320446,3320446,4012653
3321135,3321135,4012653
3321254,3321254,4012653
3321972,3321972,4012653
3322018,3322018,4012653
3322446,3322446,4012653
3323141,3323141,4012653
3324011,3324011,4012653
3324303,3324303,4012653
3324675,3324675,4012653
3324694,3324694,4012653
3324804,3324804,4012653
3324898,3324898,4012653
3325689,3325689,4012653
3326413,3326413,4012653
3326585,3326585,4012653
3326597,3326597,4012653
3326654,3326654,4012653
3327265,3327265,4012653
3327472,3327472,4012653
3327566,3327566,4012653
3327755,3327755,4012653
3328220,3328220,4012653
3328540,3328540,4012653
3328594,3328594,4012653
3329158,3329158,4012653
3329209,3329209,4012653
3330120,3330120,4012653
3330281,3330281,4012653
3330317,3330317,4012653
3330801,3330801,4012653
3331012,3331012,4012653
3331042,3331042,4012653
3331183,3331183,4012653
3331489,3331489,4012653
3331787,3331787,4012653
3332070,3332070,4012653
3332125,3332125,4012653
3332232,3332232,4012653
3332412,3332412,4012653
3332515,3332515,4012653
3332603,3332603,4012653
3333150,3333150,4012653
3333407,3333407,4012653
3333605,3333605,4012653
3334607,3334607,4012653
3334698,3334698,4012653
3334967,3334967,4012653
3335337,3335337,4012653
3335474,3335474,4012653
3335628,3335628,4012653
3336067,3336067,4012653
3336335,3336335,4012653
3336447,3336447,4012653
3336605,3336605,4012653
3336704,3336704,4012653
3336817,3336817,4012653
3337186,3337186,4012653
3337794,3337794,4012653
3338249,3338249,4012653
3338273,3338273,4012653
3338575,3338575,4012653
3338591,3338591,4012653
3338753,3338753,4012653
3339190,3339190,4012653
3339209,3339209,4012653
3339297,3339297,4012653
3339373,3339373,4012653
3339520,3339520,4012653
3339664,3339664,4012653
3339711,3339711,4012653
3339780,3339780,4012653
3340820,3340820,4012653
3341712,3341712,4012653
3341726,3341726,4012653
3342096,3342096,4012653
3342453,3342453,4012653
3342468,3342468,4012653
3342762,3342762,4012653
3342952,3342952,4012653
3343084,3343084,4012653
3343641,3343641,4012653
3343700,3343700,4012653
3344501,3344501,4012653
3344543,3344543,4012653
3344768,3344768,4012653
3345389,3345389,4012653
3345394,3345394,4012653
3345582,3345582,4012653
3346050,3346050,4012653
3346124,3346124,4012653
3346563,3346563,4012653
3347198,3347198,4012653
3347271,3347271,4012653
3347561,3347561,4012653
3347669,3347669,4012653
3347729,3347729,4012653
3347924,3347924,4012653
3348190,3348190,4012653
3348203,3348203,4012653
3349201,3349201,4012653
3349301,3349301,4012653
3349601,3349601,4012653
3349757,3349757,4012653
3349929,3349929,4012653
3349946,3349946,4012653
3349999,3349999,4012653
3350062,3350062,4012653
3350127,3350127,4012653
3350515,3350515,4012653
3351376,3351376,4012653
3351439,3351439,4012653
3351530,3351530,4012653
3351600,3351600,4012653
3351616,3351616,4012653
3352121,3352121,4012653
3352371,3352371,4012653
3352964,3352964,4012653
3353047,3353047,4012653
3353232,3353232,4012653
3353259,3353259,4012653
3353561,3353561,4012653
3354339,3354339,4012653
3354842,3354842,4012653
3355265,3355265,4012653
3356403,3356403,4012653
3356432,3356432,4012653
3357101,3357101,4012653
3357170,3357170,4012653
3357180,3357180,4012653
3357223,3357223,4012653
3357803,3357803,4012653
3358834,3358834,4012653
3359091,3359091,4012653
3359214,3359214,4012653
3359952,3359952,4012653
3359987,3359987,4012653
3360002,3360002,4012653
3360003,3360003,4012653
3360204,3360204,4012653
3360345,3360345,4012653
3360502,3360502,4012653
3360766,3360766,4012653
3361955,3361955,4012653
3362508,3362508,4012653
3362513,3362513,4012653
3362613,3362613,4012653
3362684,3362684,4012653
3362793,3362793,4012653
3362853,3362853,4012653
3362988,3362988,4012653
3363305,3363305,4012653
3363337,3363337,4012653
3363530,3363530,4012653
3363771,3363771,4012653
3363916,3363916,4012653
3364004,3364004,4012653
3364380,3364380,4012653
3364669,3364669,4012653
3364685,3364685,4012653
3365257,3365257,4012653
3365369,3365369,4012653
3365637,3365637,4012653
3365647,3365647,4012653
3365728,3365728,4012653
3366391,3366391,4012653
3366447,3366447,4012653
3366742,3366742,4012653
3366883,3366883,4012653
3366960,3366960,4012653
3367011,3367011,4012653
3367546,3367546,4012653
3368396,3368396,4012653
3368498,3368498,4012653
3368759,3368759,4012653
3369029,3369029,4012653
3369052,3369052,4012653
3369270,3369270,4012653
3369850,3369850,4012653
3370596,3370596,4012653
3370778,3370778,4012653
3370936,3370936,4012653
3371309,3371309,4012653
3371387,3371387,4012653
3371478,3371478,4012653
3371640,3371640,4012653
3371700,3371700,4012653
3371814,3371814,4012653
3371894,3371894,4012653
3372171,3372171,4012653
3372777,3372777,4012653
3372998,3372998,4012653
3373194,3373194,4012653
3373409,3373409,4012653
3373765,3373765,4012653
3374146,3374146,4012653
3374279,3374279,4012653
3374738,3374738,4012653
3374843,3374843,4012653
3375186,3375186,4012653
3375219,3375219,4012653
3375573,3375573,4012653
3375789,3375789,4012653
3375972,3375972,4012653
3376021,3376021,4012653
3376469,3376469,4012653
3377160,3377160,4012653
3377193,3377193,4012653
3377385,3377385,4012653
3377424,3377424,4012653
3377828,3377828,4012653
3378715,3378715,4012653
3378898,3378898,4012653
3379072,3379072,4012653
3379509,3379509,4012653
3379754,3379754,4012653
3380836,3380836,4012653
3381437,3381437,4012653
3381700,3381700,4012653
3382269,3382269,4012653
3382343,3382343,4012653
3382607,3382607,4012653
3383023,3383023,4012653
3383053,3383053,4012653
3383093,3383093,4012653
3383101,3383101,4012653
3383819,3383819,4012653
3384416,3384416,4012653
3384596,3384596,4012653
3385582,3385582,4012653
3385623,3385623,4012653
3385840,3385840,4012653
3385893,3385893,4012653
3386777,3386777,4012653
3387298,3387298,4012653
3387368,3387368,4012653
3387815,3387815,4012653
3388632,3388632,4012653
3389253,3389253,4012653
3389266,3389266,4012653
3389280,3389280,4012653
3389471,3389471,4012653
3389924,3389924,4012653
3390100,3390100,4012653
3390253,3390253,4012653
3391525,3391525,4012653
3391540,3391540,4012653
3392555,3392555,4012653
3392682,3392682,4012653
3392804,3392804,4012653
3392928,3392928,4012653
3393252,3393252,4012653
3393325,3393325,4012653
3393367,3393367,4012653
3394045,3394045,4012653
3394169,3394169,4012653
3394278,3394278,4012653
3394416,3394416,4012653
3394662,3394662,4012653
3394890,3394890,4012653
3395052,3395052,4012653
3395170,3395170,4012653
3395479,3395479,4012653
3395674,3395674,4012653
3395738,3395738,4012653
3395923,3395923,4012653
3396063,3396063,4012653
3396406,3396406,4012653
3396802,3396802,4012653
3396802,3396802,4012653
3396901,3396901,4012653
3396970,3396970,4012653
3397023,3397023,4012653
3397141,3397141,4012653
3397422,3397422,4012653
3397824,3397824,4012653
3398053,3398053,4012653
3398665,3398665,4012653
3399033,3399033,4012653
3399348,3399348,4012653
3399810,3399810,4012653
3400112,3400112,4012653
3400269,3400269,4012653
3401326,3401326,4012653
3401742,3401742,4012653
3402384,3402384,4012653
3403438,3403438,4012653
3403596,3403596,4012653
3403785,3403785,4012653
3404231,3404231,4012653
3404328,3404328,4012653
3404546,3404546,4012653
3404768,3404768,4012653
3404918,3404918,4012653
3405196,3405196,4012653
3405517,3405517,4012653
3405590,3405590,4012653
3405955,3405955,4012653
3406143,3406143,4012653
3406405,3406405,4012653
3406831,3406831,4012653
3406933,3406933,4012653
3407158,3407158,4012653
3407487,3407487,4012653
3407493,3407493,4012653
3407667,3407667,4012653
3407969,3407969,4012653
3408444,3408444,4012653
3408485,3408485,4012653
3408589,3408589,4012653
3410070,3410070,4012653
3410188,3410188,4012653
3410353,3410353,4012653
3410370,3410370,4012653
3410427,3410427,4012653
3410755,3410755,4012653
3411172,3411172,4012653
3411463,3411463,4012653
3411972,3411972,4012653
3412013,3412013,4012653
3412150,3412150,4012653
3412504,3412504,4012653
3412875,3412875,4012653
3413032,3413032,4012653
3413260,3413260,4012653
3413835,3413835,4012653
3413927,3413927,4012653
3414022,3414022,4012653
3414600,3414600,4012653
3414696,3414696,4012653
3414822,3414822,4012653
3414823,3414823,4012653
3414846,3414846,4012653
3415116,3415116,4012653
3415218,3415218,4012653
3415283,3415283,4012653
3415540,3415540,4012653
3415687,3415687,4012653
3415852,3415852,4012653
3415879,3415879,4012653
3416631,3416631,4012653
3416860,3416860,4012653
3416922,3416922,4012653
3417057,3417057,4012653
3417639,3417639,4012653
3417642,3417642,4012653
3417732,3417732,4012653
3417881,3417881,4012653
3418060,3418060,4012653
3418082,3418082,4012653
3418161,3418161,4012653
3418529,3418529,4012653
3419275,3419275,4012653
3419419,3419419,4012653
3419760,3419760,4012653
3419791,3419791,4012653
3419800,3419800,4012653
3420290,3420290,4012653
3420826,3420826,4012653
3420952,3420952,4012653
3421062,3421062,4012653
3421216,3421216,4012653
3421501,3421501,4012653
3421883,3421883,4012653
3421902,3421902,4012653
3423290,3423290,4012653
3423309,3423309,4012653
3423365,3423365,4012653
3423450,3423450,4012653
3423481,3423481,4012653
3423725,3423725,4012653
3424333,3424333,4012653
3424406,3424406,4012653
3424419,3424419,4012653
3424478,3424478,4012653
3424736,3424736,4012653
3424877,3424877,4012653
3425023,3425023,4012653
3425049,3425049,4012653
3425142,3425142,4012653
3425798,3425798,4012653
3425824,3425824,4012653
3426226,3426226,4012653
3426334,3426334,4012653
3426453,3426453,4012653
3426477,3426477,4012653
3426627,3426627,4012653
3426950,3426950,4012653
3427611,3427611,4012653
3427690,3427690,4012653
3428158,3428158,4012653
3428189,3428189,4012653
3428463,3428463,4012653
3428598,3428598,4012653
3429083,3429083,4012653
3429133,3429133,4012653
3429143,3429143,4012653
3429539,3429539,4012653
3430078,3430078,4012653
3430253,3430253,4012653
3430367,3430367,4012653
3430577,3430577,4012653
3430792,3430792,4012653
3430874,3430874,4012653
3431139,3431139,4012653
3431212,3431212,4012653
3431921,3431921,4012653
3432134,3432134,4012653
3432476,3432476,4012653
3432805,3432805,4012653
3433263,3433263,4012653
3433353,3433353,4012653
3433574,3433574,4012653
3434063,3434063,4012653
3434152,3434152,4012653
3434990,3434990,4012653
3435000,3435000,4012653
3435064,3435064,4012653
3435111,3435111,4012653
3435248,3435248,4012653
3435397,3435397,4012653
3435729,3435729,4012653
3435901,3435901,4012653
3436195,3436195,4012653
3436470,3436470,4012653
3436540,3436540,4012653
3436655,3436655,4012653
3436732,3436732,4012653
3437265,3437265,4012653
3437378,3437378,4012653
3437711,3437711,4012653
3437740,3437740,4012653
3437744,3437744,4012653
3438108,3438108,4012653
3438113,3438113,4012653
3438475,3438475,4012653
3438724,3438724,4012653
3438789,3438789,4012653
3438966,3438966,4012653
3439064,3439064,4012653
3439091,3439091,4012653
3439384,3439384,4012653
3439708,3439708,4012653
3439885,3439885,4012653
3439887,3439887,4012653
3439925,3439925,4012653
3440070,3440070,4012653
3440174,3440174,4012653
3440681,3440681,4012653
3440835,3440835,4012653
3441001,3441001,4012653
3441031,3441031,4012653
3441267,3441267,4012653
3441475,3441475,4012653
3441961,3441961,4012653
3441986,3441986,4012653
3442162,3442162,4012653
3442320,3442320,4012653
3442515,3442515,4012653
3442646,3442646,4012653
3442821,3442821,4012653
3443558,3443558,4012653
3443714,3443714,4012653
3444282,3444282,4012653
3444980,3444980,4012653
3445019,3445019,4012653
3445939,3445939,4012653
3446093,3446093,4012653
3446431,3446431,4012653
3446485,3446485,4012653
3446543,3446543,4012653
3446624,3446624,4012653
3446797,3446797,4012653
3446838,3446838,4012653
3446893,3446893,4012653
3447190,3447190,4012653
3447400,3447400,4012653
3447545,3447545,4012653
3447870,3447870,4012653
3447901,3447901,4012653
3448403,3448403,4012653
3448664,3448664,4012653
3449561,3449561,4012653
3449775,3449775,4012653
3449904,3449904,4012653
3450101,3450101,4012653
3450390,3450390,4012653
3450495,3450495,4012653
3450561,3450561,4012653
3450576,3450576,4012653
3451202,3451202,4012653
3451292,3451292,4012653
3451636,3451636,4012653
3451676,3451676,4012653
3451983,3451983,4012653
3452148,3452148,4012653
3452191,3452191,4012653
3452705,3452705,4012653
3452961,3452961,4012653
3453108,3453108,4012653
3453584,3453584,4012653
3453671,3453671,4012653
3454151,3454151,4012653
3454421,3454421,4012653
3455028,3455028,4012653
3455648,3455648,4012653
3455842,3455842,4012653
3455858,3455858,4012653
3455983,3455983,4012653
3456629,3456629,4012653
3456931,3456931,4012653
3457646,3457646,4012653
3457656,3457656,4012653
3457773,3457773,4012653
3458082,3458082,4012653
3458284,3458284,4012653
3458287,3458287,4012653
3458293,3458293,4012653
3458456,3458456,4012653
3458464,3458464,4012653
3458638,3458638,4012653
3459042,3459042,4012653
3459307,3459307,4012653
3459318,3459318,4012653
3459410,3459410,4012653
3459741,3459741,4012653
3459881,3459881,4012653
3460141,3460141,4012653
3460320,3460320,4012653
3460400,3460400,4012653
3460877,3460877,4012653
3460892,3460892,4012653
3460977,3460977,4012653
3461065,3461065,4012653
3461452,3461452,4012653
3461573,3461573,4012653
3461622,3461622,4012653
3462248,3462248,4012653
3463164,3463164,4012653
3463348,3463348,4012653
3463428,3463428,4012653
3463862,3463862,4012653
3464023,3464023,4012653
3464824,3464824,4012653
3465306,3465306,4012653
3465925,3465925,4012653
3465984,3465984,4012653
3466071,3466071,4012653
3466099,3466099,4012653
3466172,3466172,4012653
3466322,3466322,4012653
3466628,3466628,4012653
3466767,3466767,4012653
3467089,3467089,4012653
3467595,3467595,4012653
3467655,3467655,4012653
3468337,3468337,4012653
3468654,3468654,4012653
3468915,3468915,4012653
3469136,3469136,4012653
3469142,3469142,4012653
3469226,3469226,4012653
3469259,3469259,4012653
3469625,3469625,4012653
3469655,3469655,4012653
3470034,3470034,4012653
3471014,3471014,4012653
3471122,3471122,4012653
3472260,3472260,4012653
3472422,3472422,4012653
3472522,3472522,4012653
3472624,3472624,4012653
3472916,3472916,4012653
3472979,3472979,4012653
3473065,3473065,4012653
3473079,3473079,4012653
3473122,3473122,4012653
3473333,3473333,4012653
3473534,3473534,4012653
3474076,3474076,4012653
3474320,3474320,4012653
3474587,3474587,4012653
3475838,3475838,4012653
3475985,3475985,4012653
3476100,3476100,4012653
3476160,3476160,4012653
3476353,3476353,4012653
3476459,3476459,4012653
3476705,3476705,4012653
3476819,3476819,4012653
3476841,3476841,4012653
3476943,3476943,4012653
3477368,3477368,4012653
3477396,3477396,4012653
3477758,3477758,4012653
3477840,3477840,4012653
3478026,3478026,4012653
3478157,3478157,4012653
3478241,3478241,4012653
3478350,3478350,4012653
3478443,3478443,4012653
3478629,3478629,4012653
3478781,3478781,4012653
3478939,3478939,4012653
3479293,3479293,4012653
3479577,3479577,4012653
3480056,3480056,4012653
3480275,3480275,4012653
3480366,3480366,4012653
3480502,3480502,4012653
3480941,3480941,4012653
3480958,3480958,4012653
3481647,3481647,4012653
3481805,3481805,4012653
3481944,3481944,4012653
3482183,3482183,4012653
3482239,3482239,4012653
3482334,3482334,4012653
3482748,3482748,4012653
3482907,3482907,4012653
3483094,3483094,4012653
3483354,3483354,4012653
3483466,3483466,4012653
3483548,3483548,4012653
3483846,3483846,4012653
3483973,3483973,4012653
3484132,3484132,4012653
3484523,3484523,4012653
3484751,3484751,4012653
3485017,3485017,4012653
3485219,3485219,4012653
3485245,3485245,4012653
3485264,3485264,4012653
3485606,3485606,4012653
3485670,3485670,4012653
3485774,3485774,4012653
3485852,3485852,4012653
3485897,3485897,4012653
3485968,3485968,4012653
3486169,3486169,4012653
3486211,3486211,4012653
3486752,3486752,4012653
3486960,3486960,4012653
3487393,3487393,4012653
3487753,3487753,4012653
3487862,3487862,4012653
3488046,3488046,4012653
3488095,3488095,4012653
3488180,3488180,4012653
3488312,3488312,4012653
3488358,3488358,4012653
3488388,3488388,4012653
3488550,3488550,4012653
3488843,3488843,4012653
3488891,3488891,4012653
3489650,3489650,4012653
3489669,3489669,4012653
3489711,3489711,4012653
3489868,3489868,4012653
3490405,3490405,4012653
3491816,3491816,4012653
3491851,3491851,4012653
3491938,3491938,4012653
3492046,3492046,4012653
3492335,3492335,4012653
3492766,3492766,4012653
3492903,3492903,4012653
3493070,3493070,4012653
3493760,3493760,4012653
3494036,3494036,4012653
3494229,3494229,4012653
3494249,3494249,4012653
3494627,3494627,4012653
3495189,3495189,4012653
3495387,3495387,4012653
3495540,3495540,4012653
3495771,3495771,4012653
3496129,3496129,4012653
3496561,3496561,4012653
3496955,3496955,4012653
3497762,3497762,4012653
3497911,3497911,4012653
3498017,3498017,4012653
3498521,3498521,4012653
3499379,3499379,4012653
3499458,3499458,4012653
3499626,3499626,4012653
3499722,3499722,4012653
3500090,3500090,4012653
3500234,3500234,4012653
3500510,3500510,4012653
3500994,3500994,4012653
3501320,3501320,4012653
3501430,3501430,4012653
3501749,3501749,4012653
3502064,3502064,4012653
3502167,3502167,4012653
3502347,3502347,4012653
3502744,3502744,4012653
3502774,3502774,4012653
3502928,3502928,4012653
3503650,3503650,4012653
3503657,3503657,4012653
3503843,3503843,4012653
3504160,3504160,4012653
3504581,3504581,4012653
3504590,3504590,4012653
3504767,3504767,4012653
3504844,3504844,4012653
3504928,3504928,4012653
3505015,3505015,4012653
3505642,3505642,4012653
3505653,3505653,4012653
3505982,3505982,4012653
3506257,3506257,4012653
3506633,3506633,4012653
3506699,3506699,4012653
3507202,3507202,4012653
3507277,3507277,4012653
3507570,3507570,4012653
3507770,3507770,4012653
3507814,3507814,4012653
3508280,3508280,4012653
3508299,3508299,4012653
3508636,3508636,4012653
3509432,3509432,4012653
3509716,3509716,4012653
3510137,3510137,4012653
3510221,3510221,4012653
3510422,3510422,4012653
3510816,3510816,4012653
3510892,3510892,4012653
3511240,3511240,4012653
3511751,3511751,4012653
3511895,3511895,4012653
3512155,3512155,4012653
3512330,3512330,4012653
3512503,3512503,4012653
3512701,3512701,4012653
3512877,3512877,4012653
3512926,3512926,4012653
3512956,3512956,4012653
3513119,3513119,4012653
3513663,3513663,4012653
3513897,3513897,4012653
3514009,3514009,4012653
3514104,3514104,4012653
3514658,3514658,4012653
3515356,3515356,4012653
3515702,3515702,4012653
3515861,3515861,4012653
3515923,3515923,4012653
3515971,3515971,4012653
3516112,3516112,4012653
3516252,3516252,4012653
3516316,3516316,4012653
3516622,3516622,4012653
3517323,3517323,4012653
3517437,3517437,4012653
3517487,3517487,4012653
3517546,3517546,4012653
3517646,3517646,4012653
3518256,3518256,4012653
3518814,3518814,4012653
3518911,3518911,4012653
3518978,3518978,4012653
3519115,3519115,4012653
3519462,3519462,4012653
3519473,3519473,4012653
3519480,3519480,4012653
3519528,3519528,4012653
3519652,3519652,4012653
3519762,3519762,4012653
3520263,3520263,4012653
3520580,3520580,4012653
3520612,3520612,4012653
3520843,3520843,4012653
3521325,3521325,4012653
3521342,3521342,4012653
3522109,3522109,4012653
3522208,3522208,4012653
3522231,3522231,4012653
3522714,3522714,4012653
3522893,3522893,4012653
3523233,3523233,4012653
3523539,3523539,4012653
3523789,3523789,4012653
3523946,3523946,4012653
3524103,3524103,4012653
3524194,3524194,4012653
3524263,3524263,4012653
3524504,3524504,4012653
3524633,3524633,4012653
3524773,3524773,4012653
3524950,3524950,4012653
3525418,3525418,4012653
3525851,3525851,4012653
3525977,3525977,4012653
3526054,3526054,4012653
3526159,3526159,4012653
3526334,3526334,4012653
3526387,3526387,4012653
3526830,3526830,4012653
3526966,3526966,4012653
3527162,3527162,4012653
3527591,3527591,4012653
3527743,3527743,4012653
3527858,3527858,4012653
3528177,3528177,4012653
3529368,3529368,4012653
3529457,3529457,4012653
3529620,3529620,4012653
3530006,3530006,4012653
3530179,3530179,4012653
3530181,3530181,4012653
3530197,3530197,4012653
3530297,3530297,4012653
3530473,3530473,4012653
3530474,3530474,4012653
3530475,3530475,4012653
3530586,3530586,4012653
3530595,3530595,4012653
3530814,3530814,4012653
3531120,3531120,4012653
3531179,3531179,4012653
3531290,3531290,4012653
3531673,3531673,4012653
3531803,3531803,4012653
3531903,3531903,4012653
3532170,3532170,4012653
3532611,3532611,4012653
3532732,3532732,4012653
3532916,3532916,4012653
3533196,3533196,4012653
3533538,3533538,4012653
3533548,3533548,4012653
3533684,3533684,4012653
3533966,3533966,4012653
3534099,3534099,4012653
3534684,3534684,4012653
3534986,3534986,4012653
3535274,3535274,4012653
3535353,3535353,4012653
3535474,3535474,4012653
3535698,3535698,4012653
3535864,3535864,4012653
3535910,3535910,4012653
3535921,3535921,4012653
3536225,3536225,4012653
3536601,3536601,4012653
3536908,3536908,4012653
3537389,3537389,4012653
3537758,3537758,4012653
3538199,3538199,4012653
3538353,3538353,4012653
3538509,3538509,4012653
3538721,3538721,4012653
3538936,3538936,4012653
3539546,3539546,4012653
3540101,3540101,4012653
3540115,3540115,4012653
3540190,3540190,4012653
3540238,3540238,4012653
3540541,3540541,4012653
3540790,3540790,4012653
3540847,3540847,4012653
3541085,3541085,4012653
3541560,3541560,4012653
3541593,3541593,4012653
3541720,3541720,4012653
3541723,3541723,4012653
3542454,3542454,4012653
3543260,3543260,4012653
3543500,3543500,4012653
3543722,3543722,4012653
3544346,3544346,4012653
3544401,3544401,4012653
3544551,3544551,4012653
3544578,3544578,4012653
3545607,3545607,4012653
3545653,3545653,4012653
3545776,3545776,4012653
3546512,3546512,4012653
3547219,3547219,4012653
3547323,3547323,4012653
3547324,3547324,4012653
3547668,3547668,4012653
3547892,3547892,4012653
3548214,3548214,4012653
3548305,3548305,4012653
3548327,3548327,4012653
3548365,3548365,4012653
3548794,3548794,4012653
3548991,3548991,4012653
3549019,3549019,4012653
3549066,3549066,4012653
3549205,3549205,4012653
3550306,3550306,4012653
3550511,3550511,4012653
3551220,3551220,4012653
3551682,3551682,4012653
3552294,3552294,4012653
3552481,3552481,4012653
3552766,3552766,4012653
3553072,3553072,4012653
3553211,3553211,4012653
3554045,3554045,4012653
3554225,3554225,4012653
3554368,3554368,4012653
3554942,3554942,4012653
3555083,3555083,4012653
3555163,3555163,4012653
3555249,3555249,4012653
3555284,3555284,4012653
3555315,3555315,4012653
3555537,3555537,4012653
3556443,3556443,4012653
3556677,3556677,4012653
3556894,3556894,4012653
3557030,3557030,4012653
3557302,3557302,4012653
3557562,3557562,4012653
3557761,3557761,4012653
3557879,3557879,4012653
3558118,3558118,4012653
3558260,3558260,4012653
3558547,3558547,4012653
3559198,3559198,4012653
3559379,3559379,4012653
3559446,3559446,4012653
3559503,3559503,4012653
3559618,3559618,4012653
3559634,3559634,4012653
3559667,3559667,4012653
3559696,3559696,4012653
3560022,3560022,4012653
3560501,3560501,4012653
3560814,3560814,4012653
3561262,3561262,4012653
3561779,3561779,4012653
3562047,3562047,4012653
3562169,3562169,4012653
3562228,3562228,4012653
3562707,3562707,4012653
3562792,3562792,4012653
3563035,3563035,4012653
3563466,3563466,4012653
3563508,3563508,4012653
3565117,3565117,4012653
3565123,3565123,4012653
3565473,3565473,4012653
3565933,3565933,4012653
3565954,3565954,4012653
3566454,3566454,4012653
3566716,3566716,4012653
3567039,3567039,4012653
3567075,3567075,4012653
3567855,3567855,4012653
3567937,3567937,4012653
3568135,3568135,4012653
3568600,3568600,4012653
3568777,3568777,4012653
3569253,3569253,4012653
3569709,3569709,4012653
3569724,3569724,4012653
3570059,3570059,4012653
3570115,3570115,4012653
3570303,3570303,4012653
3570495,3570495,4012653
3571040,3571040,4012653
3571072,3571072,4012653
3571390,3571390,4012653
3571522,3571522,4012653
3572078,3572078,4012653
3572530,3572530,4012653
3572571,3572571,4012653
3572722,3572722,4012653
3573092,3573092,4012653
3573358,3573358,4012653
3573365,3573365,4012653
3573366,3573366,4012653
3573393,3573393,4012653
3574129,3574129,4012653
3574198,3574198,4012653
3574451,3574451,4012653
3575050,3575050,4012653
3575072,3575072,4012653
3575703,3575703,4012653
3575761,3575761,4012653
3576078,3576078,4012653
3576637,3576637,4012653
3577374,3577374,4012653
3577432,3577432,4012653
3577437,3577437,4012653
3577554,3577554,4012653
3577680,3577680,4012653
3577814,3577814,4012653
3578075,3578075,4012653
3578101,3578101,4012653
3578184,3578184,4012653
3578326,3578326,4012653
3578358,3578358,4012653
3578703,3578703,4012653
3578794,3578794,4012653
3578796,3578796,4012653
3578909,3578909,4012653
3579363,3579363,4012653
3579440,3579440,4012653
3579558,3579558,4012653
3579869,3579869,4012653
3579904,3579904,4012653
3579968,3579968,4012653
3580551,3580551,4012653
3580615,3580615,4012653
3580815,3580815,4012653
3581330,3581330,4012653
3581590,3581590,4012653
3582063,3582063,4012653
3582325,3582325,4012653
3582855,3582855,4012653
3583426,3583426,4012653
3583511,3583511,4012653
3583527,3583527,4012653
3583592,3583592,4012653
3583804,3583804,4012653
3583931,3583931,4012653
3584229,3584229,4012653
3584530,3584530,4012653
3584533,3584533,4012653
3584851,3584851,4012653
3585175,3585175,4012653
3585378,3585378,4012653
3586272,3586272,4012653
3586932,3586932,4012653
3587043,3587043,4012653
3587376,3587376,4012653
3587454,3587454,4012653
3587575,3587575,4012653
3587852,3587852,4012653
3587966,3587966,4012653
3588250,3588250,4012653
3588568,3588568,4012653
3588771,3588771,4012653
3588808,3588808,4012653
3588870,3588870,4012653
3588984,3588984,4012653
3589203,3589203,4012653
3589472,3589472,4012653
3589518,3589518,4012653
3589773,3589773,4012653
3589881,3589881,4012653
3589977,3589977,4012653
3589993,3589993,4012653
3590313,3590313,4012653
3590973,3590973,4012653
3591042,3591042,4012653
3591328,3591328,4012653
3591774,3591774,4012653
3591787,3591787,4012653
3592174,3592174,4012653
3592512,3592512,4012653
3592993,3592993,4012653
3593062,3593062,4012653
3593260,3593260,4012653
3594085,3594085,4012653
3594202,3594202,4012653
3594551,3594551,4012653
3594621,3594621,4012653
3595287,3595287,4012653
3595295,3595295,4012653
3595377,3595377,4012653
3595563,3595563,4012653
3595798,3595798,4012653
3596487,3596487,4012653
3596567,3596567,4012653
3596905,3596905,4012653
3597394,3597394,4012653
3597939,3597939,4012653
3598069,3598069,4012653
3598218,3598218,4012653
3598461,3598461,4012653
3598881,3598881,4012653
3598995,3598995,4012653
3599107,3599107,4012653
3599134,3599134,4012653
3599278,3599278,4012653
3599342,3599342,4012653
3599678,3599678,4012653
3599759,3599759,4012653
3599956,3599956,4012653
3600077,3600077,4012653
3601057,3601057,4012653
3601533,3601533,4012653
3602328,3602328,4012653
3602505,3602505,4012653
3602658,3602658,4012653
3602821,3602821,4012653
3602904,3602904,4012653
3603345,3603345,4012653
3603565,3603565,4012653
3603784,3603784,4012653
3604071,3604071,4012653
3604284,3604284,4012653
3604447,3604447,4012653
3605020,3605020,4012653
3605166,3605166,4012653
3605305,3605305,4012653
3605707,3605707,4012653
3606023,3606023,4012653
3606107,3606107,4012653
3606182,3606182,4012653
3606383,3606383,4012653
3606987,3606987,4012653
3607180,3607180,4012653
3608077,3608077,4012653
3608184,3608184,4012653
3608306,3608306,4012653
3608492,3608492,4012653
3608531,3608531,4012653
3608768,3608768,4012653
3609032,3609032,4012653
3609137,3609137,4012653
3609213,3609213,4012653
3609328,3609328,4012653
3609930,3609930,4012653
3609972,3609972,4012653
3611301,3611301,4012653
3611355,3611355,4012653
3611401,3611401,4012653
3611647,3611647,4012653
3612383,3612383,4012653
3612540,3612540,4012653
3613032,3613032,4012653
3613046,3613046,4012653
3613288,3613288,4012653
3613452,3613452,4012653
3613765,3613765,4012653
3613971,3613971,4012653
3613986,3613986,4012653
3614054,3614054,4012653
3614266,3614266,4012653
3614442,3614442,4012653
3614537,3614537,4012653
3614607,3614607,4012653
3614850,3614850,4012653
3614917,3614917,4012653
3615203,3615203,4012653
3615599,3615599,4012653
3615851,3615851,4012653
3616004,3616004,4012653
3616263,3616263,4012653
3616946,3616946,4012653
3617057,3617057,4012653
3617411,3617411,4012653
3617468,3617468,4012653
3617940,3617940,4012653
3618398,3618398,4012653
3618501,3618501,4012653
3618669,3618669,4012653
3618990,3618990,4012653
3619136,3619136,4012653
3619180,3619180,4012653
3619351,3619351,4012653
3619597,3619597,4012653
3619642,3619642,4012653
3620233,3620233,4012653
3620296,3620296,4012653
3620352,3620352,4012653
3620527,3620527,4012653
3620595,3620595,4012653
3620807,3620807,4012653
3620982,3620982,4012653
3621123,3621123,4012653
3621454,3621454,4012653
3622090,3622090,4012653
3622184,3622184,4012653
3622234,3622234,4012653
3622292,3622292,4012653
3622305,3622305,4012653
3622771,3622771,4012653
3622771,3622771,4012653
3622954,3622954,4012653
3623104,3623104,4012653
3623352,3623352,4012653
3623575,3623575,4012653
3623657,3623657,4012653
3623724,3623724,4012653
3624390,3624390,4012653
3624597,3624597,4012653
3624680,3624680,4012653
3624738,3624738,4012653
3624786,3624786,4012653
3624875,3624875,4012653
3625454,3625454,4012653
3625658,3625658,4012653
3625725,3625725,4012653
3625818,3625818,4012653
3626571,3626571,4012653
3627117,3627117,4012653
3627124,3627124,4012653
3627366,3627366,4012653
3627528,3627528,4012653
3627548,3627548,4012653
3627972,3627972,4012653
3628074,3628074,4012653
3628211,3628211,4012653
3628424,3628424,4012653
3628674,3628674,4012653
3628922,3628922,4012653
3628949,3628949,4012653
3629004,3629004,4012653
3629007,3629007,4012653
3629050,3629050,4012653
3629166,3629166,4012653
3629475,3629475,4012653
3629515,3629515,4012653
3629544,3629544,4012653
3629564,3629564,4012653
3630049,3630049,4012653
3630161,3630161,4012653
3630236,3630236,4012653
3630371,3630371,4012653
3630573,3630573,4012653
3631071,3631071,4012653
3631156,3631156,4012653
3631635,3631635,4012653
3632417,3632417,4012653
3632571,3632571,4012653
3632686,3632686,4012653
3632753,3632753,4012653
3633961,3633961,4012653
3634490,3634490,4012653
3634647,3634647,4012653
3635287,3635287,4012653
3635532,3635532,4012653
3635835,3635835,4012653
3635906,3635906,4012653
3636097,3636097,4012653
3636459,3636459,4012653
3636601,3636601,4012653
3637230,3637230,4012653
3637351,3637351,4012653
3637478,3637478,4012653
3637515,3637515,4012653
3637780,3637780,4012653
3637984,3637984,4012653
3638040,3638040,4012653
3638563,3638563,4012653
3638918,3638918,4012653
3639725,3639725,4012653
3640150,3640150,4012653
3640214,3640214,4012653
3640558,3640558,4012653
3640684,3640684,4012653
3641383,3641383,4012653
3641893,3641893,4012653
3641971,3641971,4012653
3642536,3642536,4012653
3642754,3642754,4012653
3643465,3643465,4012653
3643879,3643879,4012653
3644011,3644011,4012653
3644862,3644862,4012653
3645095,3645095,4012653
3645569,3645569,4012653
3645679,3645679,4012653
3645753,3645753,4012653
3645760,3645760,4012653
3645850,3645850,4012653
3646025,3646025,4012653
3646322,3646322,4012653
3646576,3646576,4012653
3646743,3646743,4012653
3646851,3646851,4012653
3646871,3646871,4012653
3647189,3647189,4012653
3647372,3647372,4012653
3647501,3647501,4012653
3647520,3647520,4012653
3647564,3647564,4012653
3647838,3647838,4012653
3648046,3648046,4012653
3648264,3648264,4012653
3648808,3648808,4012653
3648988,3648988,4012653
3649184,3649184,4012653
3649415,3649415,4012653
3649619,3649619,4012653
3649985,3649985,4012653
3650071,3650071,4012653
3650441,3650441,4012653
3650526,3650526,4012653
3650682,3650682,4012653
3650954,3650954,4012653
3650954,3650954,4012653
3650968,3650968,4012653
3650990,3650990,4012653
3651026,3651026,4012653
3651552,3651552,4012653
3651908,3651908,4012653
3652154,3652154,4012653
3652608,3652608,4012653
3652912,3652912,4012653
3652950,3652950,4012653
3653031,3653031,4012653
3653073,3653073,4012653
3653590,3653590,4012653
3654015,3654015,4012653
3654263,3654263,4012653
3654476,3654476,4012653
3654527,3654527,4012653
3654534,3654534,4012653
3654781,3654781,4012653
3654829,3654829,4012653
3654956,3654956,4012653
3655121,3655121,4012653
3655608,3655608,4012653
3655716,3655716,4012653
3655806,3655806,4012653
3655956,3655956,4012653
3657322,3657322,4012653
3657511,3657511,4012653
3657513,3657513,4012653
3657788,3657788,4012653
3658210,3658210,4012653
3658254,3658254,4012653
3658272,3658272,4012653
3658342,3658342,4012653
3658472,3658472,4012653
3659689,3659689,4012653
3660115,3660115,4012653
3660298,3660298,4012653
3660408,3660408,4012653
3660547,3660547,4012653
3660764,3660764,4012653
3660793,3660793,4012653
3660877,3660877,4012653
3661160,3661160,4012653
3661553,3661553,4012653
3661928,3661928,4012653
3661937,3661937,4012653
3662004,3662004,4012653
3662100,3662100,4012653
3662132,3662132,4012653
3662137,3662137,4012653
3662185,3662185,4012653
3662194,3662194,4012653
3662386,3662386,4012653
3662458,3662458,4012653
3662526,3662526,4012653
3662758,3662758,4012653
3662769,3662769,4012653
3662945,3662945,4012653
3663085,3663085,4012653
3663351,3663351,4012653
3663453,3663453,4012653
3663467,3663467,4012653
3663485,3663485,4012653
3663525,3663525,4012653
3663540,3663540,4012653
3663801,3663801,4012653
3663916,3663916,4012653
3664375,3664375,4012653
3664416,3664416,4012653
3664972,3664972,4012653
3665056,3665056,4012653
3665124,3665124,4012653
3665434,3665434,4012653
3665733,3665733,4012653
3665957,3665957,4012653
3666769,3666769,4012653
3667042,3667042,4012653
3667413,3667413,4012653
3667521,3667521,4012653
3667702,3667702,4012653
3667815,3667815,4012653
3668242,3668242,4012653
3668390,3668390,4012653
3668563,3668563,4012653
3668711,3668711,4012653
3668832,3668832,4012653
3669123,3669123,4012653
3669190,3669190,4012653
3669280,3669280,4012653
3669858,3669858,4012653
3669946,3669946,4012653
3670091,3670091,4012653
3670376,3670376,4012653
3670615,3670615,4012653
3670908,3670908,4012653
3671294,3671294,4012653
3671529,3671529,4012653
3671712,3671712,4012653
3671759,3671759,4012653
3672786,3672786,4012653
3673332,3673332,4012653
3673801,3673801,4012653
3674263,3674263,4012653
3674910,3674910,4012653
3674969,3674969,4012653
3675054,3675054,4012653
3675655,3675655,4012653
3676036,3676036,4012653
3676181,3676181,4012653
3676491,3676491,4012653
3676595,3676595,4012653
3677732,3677732,4012653
3678037,3678037,4012653
3678400,3678400,4012653
3678587,3678587,4012653
3678795,3678795,4012653
3678920,3678920,4012653
3678943,3678943,4012653
3678986,3678986,4012653
3678992,3678992,4012653
3679269,3679269,4012653
3679703,3679703,4012653
3680411,3680411,4012653
3680521,3680521,4012653
3680883,3680883,4012653
3681769,3681769,4012653
3681961,3681961,4012653
3682410,3682410,4012653
3682518,3682518,4012653
3682552,3682552,4012653
3682845,3682845,4012653
3683011,3683011,4012653
3683538,3683538,4012653
3684816,3684816,4012653
3685573,3685573,4012653
3685781,3685781,4012653
3685894,3685894,4012653
3685969,3685969,4012653
3686113,3686113,4012653
3686680,3686680,4012653
3687059,3687059,4012653
3687101,3687101,4012653
3687233,3687233,4012653
3687239,3687239,4012653
3687662,3687662,4012653
3688046,3688046,4012653
3688089,3688089,4012653
3688224,3688224,4012653
3688304,3688304,4012653
3689196,3689196,4012653
3689287,3689287,4012653
3689751,3689751,4012653
3689935,3689935,4012653
3690322,3690322,4012653
3690368,3690368,4012653
3690394,3690394,4012653
3690408,3690408,4012653
3690640,3690640,4012653
3691173,3691173,4012653
3691269,3691269,4012653
3691300,3691300,4012653
3691529,3691529,4012653
3691622,3691622,4012653
3691696,3691696,4012653
3691763,3691763,4012653
3691976,3691976,4012653
3692323,3692323,4012653
3692426,3692426,4012653
3692513,3692513,4012653
3692549,3692549,4012653
3692720,3692720,4012653
3693102,3693102,4012653
3693339,3693339,4012653
3693621,3693621,4012653
3693754,3693754,4012653
3694056,3694056,4012653
3694352,3694352,4012653
3694549,3694549,4012653
3694607,3694607,4012653
3694616,3694616,4012653
3695078,3695078,4012653
3695239,3695239,4012653
3695406,3695406,4012653
3695450,3695450,4012653
3695726,3695726,4012653
3695762,3695762,4012653
3696288,3696288,4012653
3696290,3696290,4012653
3696888,3696888,4012653
3696909,3696909,4012653
3696981,3696981,4012653
3697153,3697153,4012653
3697873,3697873,4012653
3698410,3698410,4012653
3698676,3698676,4012653
3698781,3698781,4012653
3699007,3699007,4012653
3699177,3699177,4012653
3699396,3699396,4012653
3699577,3699577,4012653
3699713,3699713,4012653
3700246,3700246,4012653
3701332,3701332,4012653
3701557,3701557,4012653
3701559,3701559,4012653
3701956,3701956,4012653
3702468,3702468,4012653
3702835,3702835,4012653
3703825,3703825,4012653
3703888,3703888,4012653
3703998,3703998,4012653
3704338,3704338,4012653
3704529,3704529,4012653
3704766,3704766,4012653
3704900,3704900,4012653
3704945,3704945,4012653
3705008,3705008,4012653
3705037,3705037,4012653
3705662,3705662,4012653
3705976,3705976,4012653
3706070,3706070,4012653
3706114,3706114,4012653
3706136,3706136,4012653
3706546,3706546,4012653
3706672,3706672,4012653
3706987,3706987,4012653
3707344,3707344,4012653
3707755,3707755,4012653
3708196,3708196,4012653
3708662,3708662,4012653
3708857,3708857,4012653
3709359,3709359,4012653
3709573,3709573,4012653
3709612,3709612,4012653
3709656,3709656,4012653
3710390,3710390,4012653
3711126,3711126,4012653
3711229,3711229,4012653
3711230,3711230,4012653
3711603,3711603,4012653
3712743,3712743,4012653
3713235,3713235,4012653
3713327,3713327,4012653
3713490,3713490,4012653
3713493,3713493,4012653
3713660,3713660,4012653
3713693,3713693,4012653
3714122,3714122,4012653
3714162,3714162,4012653
3714345,3714345,4012653
3714699,3714699,4012653
3714726,3714726,4012653
3714812,3714812,4012653
3715299,3715299,4012653
3715405,3715405,4012653
3715451,3715451,4012653
3716487,3716487,4012653
3716656,3716656,4012653
3716715,3716715,4012653
3716829,3716829,4012653
3716900,3716900,4012653
3717050,3717050,4012653
3717115,3717115,4012653
3717239,3717239,4012653
3717390,3717390,4012653
3717511,3717511,4012653
3717632,3717632,4012653
3717706,3717706,4012653
3717754,3717754,4012653
3717922,3717922,4012653
3717967,3717967,4012653
3718018,3718018,4012653
3718101,3718101,4012653
3718367,3718367,4012653
3718666,3718666,4012653
3719106,3719106,4012653
3719182,3719182,4012653
3719331,3719331,4012653
3720647,3720647,4012653
3720657,3720657,4012653
3720756,3720756,4012653
3720774,3720774,4012653
3720838,3720838,4012653
3721019,3721019,4012653
3721169,3721169,4012653
3721430,3721430,4012653
3721680,3721680,4012653
3721711,3721711,4012653
3721854,3721854,4012653
3722150,3722150,4012653
3722443,3722443,4012653
3723333,3723333,4012653
3723352,3723352,4012653
3723368,3723368,4012653
3723429,3723429,4012653
3723629,3723629,4012653
3723740,3723740,4012653
3723860,3723860,4012653
3724041,3724041,4012653
3724455,3724455,4012653
3724709,3724709,4012653
3724841,3724841,4012653
3724956,3724956,4012653
3725002,3725002,4012653
3725171,3725171,4012653
3725182,3725182,4012653
3725280,3725280,4012653
3725640,3725640,4012653
3725964,3725964,4012653
3726202,3726202,4012653
3726623,3726623,4012653
3726695,3726695,4012653
3726744,3726744,4012653
3726877,3726877,4012653
3726894,3726894,4012653
3727098,3727098,4012653
3727278,3727278,4012653
3727606,3727606,4012653
3727939,3727939,4012653
3728611,3728611,4012653
3728864,3728864,4012653
3729082,3729082,4012653
3729099,3729099,4012653
3729269,3729269,4012653
3729343,3729343,4012653
3729648,3729648,4012653
3729664,3729664,4012653
3729841,3729841,4012653
3729842,3729842,4012653
3730031,3730031,4012653
3730068,3730068,4012653
3730154,3730154,4012653
3730181,3730181,4012653
3730294,3730294,4012653
3730362,3730362,4012653
3730541,3730541,4012653
3731497,3731497,4012653
3731509,3731509,4012653
3732351,3732351,4012653
3732636,3732636,4012653
3733169,3733169,4012653
3733870,3733870,4012653
3734386,3734386,4012653
3735204,3735204,4012653
3735343,3735343,4012653
3735440,3735440,4012653
3735511,3735511,4012653
3735710,3735710,4012653
3735810,3735810,4012653
3735968,3735968,4012653
3736037,3736037,4012653
3736257,3736257,4012653
3736365,3736365,4012653
3736553,3736553,4012653
3736823,3736823,4012653
3737033,3737033,4012653
3737082,3737082,4012653
3737141,3737141,4012653
3737365,3737365,4012653
3737891,3737891,4012653
3737955,3737955,4012653
3737984,3737984,4012653
3738342,3738342,4012653
3738740,3738740,4012653
3738913,3738913,4012653
3738982,3738982,4012653
3739097,3739097,4012653
3739122,3739122,4012653
3739294,3739294,4012653
3739295,3739295,4012653
3739411,3739411,4012653
3739575,3739575,4012653
3740101,3740101,4012653
3740510,3740510,4012653
3740647,3740647,4012653
3740737,3740737,4012653
3740767,3740767,4012653
3741773,3741773,4012653
3742106,3742106,4012653
3742161,3742161,4012653
3742302,3742302,4012653
3742348,3742348,4012653
3742456,3742456,4012653
3742554,3742554,4012653
3742713,3742713,4012653
3742948,3742948,4012653
3743004,3743004,4012653
3743035,3743035,4012653
3743868,3743868,4012653
3744272,3744272,4012653
3744462,3744462,4012653
3744668,3744668,4012653
3745056,3745056,4012653
3745231,3745231,4012653
3745284,3745284,4012653
3745299,3745299,4012653
3745519,3745519,4012653
3746867,3746867,4012653
3747009,3747009,4012653
3747042,3747042,4012653
3747711,3747711,4012653
3747729,3747729,4012653
3747762,3747762,4012653
3747844,3747844,4012653
3748411,3748411,4012653
3748736,3748736,4012653
3748797,3748797,4012653
3749510,3749510,4012653
3749548,3749548,4012653
3749563,3749563,4012653
3750223,3750223,4012653
3750274,3750274,4012653
3750374,3750374,4012653
3750478,3750478,4012653
3750697,3750697,4012653
3750739,3750739,4012653
3750927,3750927,4012653
3751456,3751456,4012653
3751512,3751512,4012653
3752257,3752257,4012653
3752265,3752265,4012653
3752320,3752320,4012653
3752405,3752405,4012653
3753324,3753324,4012653
3753597,3753597,4012653
3753839,3753839,4012653
3754506,3754506,4012653
3754555,3754555,4012653
3755340,3755340,4012653
3755719,3755719,4012653
3756276,3756276,4012653
3756380,3756380,4012653
3756877,3756877,4012653
3756928,3756928,4012653
3757746,3757746,4012653
3757904,3757904,4012653
3758132,3758132,4012653
3758515,3758515,4012653
3758651,3758651,4012653
3758965,3758965,4012653
3759578,3759578,4012653
3759813,3759813,4012653
3759864,3759864,4012653
3759983,3759983,4012653
3760493,3760493,4012653
3760520,3760520,4012653
3760575,3760575,4012653
3760852,3760852,4012653
3761330,3761330,4012653
3761905,3761905,4012653
3762627,3762627,4012653
3762663,3762663,4012653
3762981,3762981,4012653
3763203,3763203,4012653
3763842,3763842,4012653
3763984,3763984,4012653
3764152,3764152,4012653
3764602,3764602,4012653
3764695,3764695,4012653
3764881,3764881,4012653
3765069,3765069,4012653
3765333,3765333,4012653
3765424,3765424,4012653
3765727,3765727,4012653
3765789,3765789,4012653
3765812,3765812,4012653
3766029,3766029,4012653
3766139,3766139,4012653
3766144,3766144,4012653
3766399,3766399,4012653
3766399,3766399,4012653
3766459,3766459,4012653
3766514,3766514,4012653
3766737,3766737,4012653
3767016,3767016,4012653
3767158,3767158,4012653
3768298,3768298,4012653
3768708,3768708,4012653
3768767,3768767,4012653
3768909,3768909,4012653
3768940,3768940,4012653
3769068,3769068,4012653
3769119,3769119,4012653
3769291,3769291,4012653
3769744,3769744,4012653
3770322,3770322,4012653
3770464,3770464,4012653
3770529,3770529,4012653
3770594,3770594,4012653
3771173,3771173,4012653
3771272,3771272,4012653
3771494,3771494,4012653
3771685,3771685,4012653
3771716,3771716,4012653
3771742,3771742,4012653
3771934,3771934,4012653
3772061,3772061,4012653
3772230,3772230,4012653
3772896,3772896,4012653
3773329,3773329,4012653
3775169,3775169,4012653
3775221,3775221,4012653
3775454,3775454,4012653
3775975,3775975,4012653
3776149,3776149,4012653
3776262,3776262,4012653
3776596,3776596,4012653
3776811,3776811,4012653
3776908,3776908,4012653
3776953,3776953,4012653
3777091,3777091,4012653
3777453,3777453,4012653
3778097,3778097,4012653
3778638,3778638,4012653
3778910,3778910,4012653
3779236,3779236,4012653
3779744,3779744,4012653
3779750,3779750,4012653
3780092,3780092,4012653
3780593,3780593,4012653
3780673,3780673,4012653
3781479,3781479,4012653
3781845,3781845,4012653
3781965,3781965,4012653
3782459,3782459,4012653
3782477,3782477,4012653
3782682,3782682,4012653
3782699,3782699,4012653
3783001,3783001,4012653
3783061,3783061,4012653
3783078,3783078,4012653
3783337,3783337,4012653
3783577,3783577,4012653
3783650,3783650,4012653
3783863,3783863,4012653
3784058,3784058,4012653
3784233,3784233,4012653
3784669,3784669,4012653
3785071,3785071,4012653
3785551,3785551,4012653
3785587,3785587,4012653
3785824,3785824,4012653
3785928,3785928,4012653
3786166,3786166,4012653
3786225,3786225,4012653
3786290,3786290,4012653
3787497,3787497,4012653
3788063,3788063,4012653
3788175,3788175,4012653
3788203,3788203,4012653
3788573,3788573,4012653
3788580,3788580,4012653
3788708,3788708,4012653
3788970,3788970,4012653
3789014,3789014,4012653
3789018,3789018,4012653
3789377,3789377,4012653
3789395,3789395,4012653
3789419,3789419,4012653
3789451,3789451,4012653
3789625,3789625,4012653
3789693,3789693,4012653
3789891,3789891,4012653
3790080,3790080,4012653
3790181,3790181,4012653
3790256,3790256,4012653
3790407,3790407,4012653
3790517,3790517,4012653
3790581,3790581,4012653
3791003,3791003,4012653
3791301,3791301,4012653
3791614,3791614,4012653
3791779,3791779,4012653
3792005,3792005,4012653
3792017,3792017,4012653
3792143,3792143,4012653
3792409,3792409,4012653
3793101,3793101,4012653
3793237,3793237,4012653
3793388,3793388,4012653
3793633,3793633,4012653
3794310,3794310,4012653
3794521,3794521,4012653
3794563,3794563,4012653
3794840,3794840,4012653
3795179,3795179,4012653
3795271,3795271,4012653
3795483,3795483,4012653
3795723,3795723,4012653
3795763,3795763,4012653
3795787,3795787,4012653
3795811,3795811,4012653
3796294,3796294,4012653
3796382,3796382,4012653
3796828,3796828,4012653
3796880,3796880,4012653
3797119,3797119,4012653
3797315,3797315,4012653
3797469,3797469,4012653
3797903,3797903,4012653
3797970,3797970,4012653
3798275,3798275,4012653
3798437,3798437,4012653
3798712,3798712,4012653
3798951,3798951,4012653
3799102,3799102,4012653
3799104,3799104,4012653
3799191,3799191,4012653
3799380,3799380,4012653
3799708,3799708,4012653
3799835,3799835,4012653
3800312,3800312,4012653
3800368,3800368,4012653
3800636,3800636,4012653
3800970,3800970,4012653
3801221,3801221,4012653
3801321,3801321,4012653
3801423,3801423,4012653
3801434,3801434,4012653
3801605,3801605,4012653
3801744,3801744,4012653
3801888,3801888,4012653
3802245,3802245,4012653
3803199,3803199,4012653
3803245,3803245,4012653
3803569,3803569,4012653
3803643,3803643,4012653
3804098,3804098,4012653
3804273,3804273,4012653
3804699,3804699,4012653
3805067,3805067,4012653
3805266,3805266,4012653
3805299,3805299,4012653
3805456,3805456,4012653
3806820,3806820,4012653
3807120,3807120,4012653
3807520,3807520,4012653
3807666,3807666,4012653
3808108,3808108,4012653
3808148,3808148,4012653
3808404,3808404,4012653
3809320,3809320,4012653
3809607,3809607,4012653
3809608,3809608,4012653
3809617,3809617,4012653
3809704,3809704,4012653
3809968,3809968,4012653
3810415,3810415,4012653
3810699,3810699,4012653
3810720,3810720,4012653
3811155,3811155,4012653
3811365,3811365,4012653
3811392,3811392,4012653
3811463,3811463,4012653
3811543,3811543,4012653
3813713,3813713,4012653
3813796,3813796,4012653
3813861,3813861,4012653
3813939,3813939,4012653
3813965,3813965,4012653
3814052,3814052,4012653
3814078,3814078,4012653
3814669,3814669,4012653
3814841,3814841,4012653
3815025,3815025,4012653
3815122,3815122,4012653
3815370,3815370,4012653
3815452,3815452,4012653
3815498,3815498,4012653
3815553,3815553,4012653
3815779,3815779,4012653
3815942,3815942,4012653
3816267,3816267,4012653
3816286,3816286,4012653
3817339,3817339,4012653
3817344,3817344,4012653
3817506,3817506,4012653
3817955,3817955,4012653
3818025,3818025,4012653
3818685,3818685,4012653
3819568,3819568,4012653
3820122,3820122,4012653
3820128,3820128,4012653
3820350,3820350,4012653
3820626,3820626,4012653
3821083,3821083,4012653
3822060,3822060,4012653
3822109,3822109,4012653
3822251,3822251,4012653
3822283,3822283,4012653
3822988,3822988,4012653
3823203,3823203,4012653
3823262,3823262,4012653
3823568,3823568,4012653
3824294,3824294,4012653
3824414,3824414,4012653
3824471,3824471,4012653
3824650,3824650,4012653
3824744,3824744,4012653
3824936,3824936,4012653
3825177,3825177,4012653
3825276,3825276,4012653
3825784,3825784,4012653
3826393,3826393,4012653
3826735,3826735,4012653
3826739,3826739,4012653
3827201,3827201,4012653
3827399,3827399,4012653
3827522,3827522,4012653
3827821,3827821,4012653
3828227,3828227,4012653
3828234,3828234,4012653
3828444,3828444,4012653
3829421,3829421,4012653
3829502,3829502,4012653
3829818,3829818,4012653
3830075,3830075,4012653
3830374,3830374,4012653
3830574,3830574,4012653
3830871,3830871,4012653
3830956,3830956,4012653
3832881,3832881,4012653
3833050,3833050,4012653
3833280,3833280,4012653
3833402,3833402,4012653
3833448,3833448,4012653
3833486,3833486,4012653
3833601,3833601,4012653
3833808,3833808,4012653
3834035,3834035,4012653
3834201,3834201,4012653
3834208,3834208,4012653
3834454,3834454,4012653
3835195,3835195,4012653
3835256,3835256,4012653
3835555,3835555,4012653
3835611,3835611,4012653
3835719,3835719,4012653
3835738,3835738,4012653
3836508,3836508,4012653
3837595,3837595,4012653
3837943,3837943,4012653
3838001,3838001,4012653
3838255,3838255,4012653
3838453,3838453,4012653
3839156,3839156,4012653
3839998,3839998,4012653
3840172,3840172,4012653
3840704,3840704,4012653
3840790,3840790,4012653
3841328,3841328,4012653
3841379,3841379,4012653
3841551,3841551,4012653
3841592,3841592,4012653
3841734,3841734,4012653
3841879,3841879,4012653
3842064,3842064,4012653
3842154,3842154,4012653
3842245,3842245,4012653
3842696,3842696,4012653
3842707,3842707,4012653
3842768,3842768,4012653
3842852,3842852,4012653
3843186,3843186,4012653
3843239,3843239,4012653
3843354,3843354,4012653
3843607,3843607,4012653
3843879,3843879,4012653
3843889,3843889,4012653
3843906,3843906,4012653
3843933,3843933,4012653
3843952,3843952,4012653
3844312,3844312,4012653
3844417,3844417,4012653
3844702,3844702,4012653
3845274,3845274,4012653
3845353,3845353,4012653
3845417,3845417,4012653
3845463,3845463,4012653
3845555,3845555,4012653
3845582,3845582,4012653
3845604,3845604,4012653
3846079,3846079,4012653
3846142,3846142,4012653
3846173,3846173,4012653
3846525,3846525,4012653
3846569,3846569,4012653
3846654,3846654,4012653
3846901,3846901,4012653
3846966,3846966,4012653
3847021,3847021,4012653
3847163,3847163,4012653
3847530,3847530,4012653
3847563,3847563,4012653
3848416,3848416,4012653
3849018,3849018,4012653
3849147,3849147,4012653
3849454,3849454,4012653
3849473,3849473,4012653
3849488,3849488,4012653
3849846,3849846,4012653
3849895,3849895,4012653
3850007,3850007,4012653
3850309,3850309,4012653
3850324,3850324,4012653
3850451,3850451,4012653
3850511,3850511,4012653
3851460,3851460,4012653
3851747,3851747,4012653
3851938,3851938,4012653
3852562,3852562,4012653
3852665,3852665,4012653
3852917,3852917,4012653
3853038,3853038,4012653
3853220,3853220,4012653
3853530,3853530,4012653
3853676,3853676,4012653
3853735,3853735,4012653
3854077,3854077,4012653
3854141,3854141,4012653
3854267,3854267,4012653
3854368,3854368,4012653
3854734,3854734,4012653
3854783,3854783,4012653
3854850,3854850,4012653
3854892,3854892,4012653
3854908,3854908,4012653
3855663,3855663,4012653
3855725,3855725,4012653
3856611,3856611,4012653
3856658,3856658,4012653
3856888,3856888,4012653
3856905,3856905,4012653
3857221,3857221,4012653
3857291,3857291,4012653
3857489,3857489,4012653
3857558,3857558,4012653
3857939,3857939,4012653
3858058,3858058,4012653
3858611,3858611,4012653
3858841,3858841,4012653
3859191,3859191,4012653
3859403,3859403,4012653
3859491,3859491,4012653
3859630,3859630,4012653
3860311,3860311,4012653
3860324,3860324,4012653
3860418,3860418,4012653
3860434,3860434,4012653
3860676,3860676,4012653
3861523,3861523,4012653
3861537,3861537,4012653
3861843,3861843,4012653
3862021,3862021,4012653
3862054,3862054,4012653
3862399,3862399,4012653
3862680,3862680,4012653
3862732,3862732,4012653
3863120,3863120,4012653
3863539,3863539,4012653
3863553,3863553,4012653
3864075,3864075,4012653
3864217,3864217,4012653
3864293,3864293,4012653
3864758,3864758,4012653
3864889,3864889,4012653
3864902,3864902,4012653
3865413,3865413,4012653
3865420,3865420,4012653
3865457,3865457,4012653
3865663,3865663,4012653
3865783,3865783,4012653
3865911,3865911,4012653
3866056,3866056,4012653
3866364,3866364,4012653
3866862,3866862,4012653
3866980,3866980,4012653
3866992,3866992,4012653
3867037,3867037,4012653
3867274,3867274,4012653
3867738,3867738,4012653
3867874,3867874,4012653
3868033,3868033,4012653
3868437,3868437,4012653
3868983,3868983,4012653
3869229,3869229,4012653
3869303,3869303,4012653
3870432,3870432,4012653
3871099,3871099,4012653
3871112,3871112,4012653
3871116,3871116,4012653
3871267,3871267,4012653
3871458,3871458,4012653
3871467,3871467,4012653
3871515,3871515,4012653
3872335,3872335,4012653
3872353,3872353,4012653
3872431,3872431,4012653
3872711,3872711,4012653
3872919,3872919,4012653
3872998,3872998,4012653
3873403,3873403,4012653
3873776,3873776,4012653
3873792,3873792,4012653
3873931,3873931,4012653
3874147,3874147,4012653
3874637,3874637,4012653
3874780,3874780,4012653
3874849,3874849,4012653
3875242,3875242,4012653
3875331,3875331,4012653
3875620,3875620,4012653
3876281,3876281,4012653
3876423,3876423,4012653
3876564,3876564,4012653
3877022,3877022,4012653
3877099,3877099,4012653
3877862,3877862,4012653
3878276,3878276,4012653
3878950,3878950,4012653
3878969,3878969,4012653
3879120,3879120,4012653
3879167,3879167,4012653
3880522,3880522,4012653
3880855,3880855,4012653
3881246,3881246,4012653
3881358,3881358,4012653
3881462,3881462,4012653
3881733,3881733,4012653
3881917,3881917,4012653
3881943,3881943,4012653
3882131,3882131,4012653
3882568,3882568,4012653
3882577,3882577,4012653
3882929,3882929,4012653
3884169,3884169,4012653
3884204,3884204,4012653
3884226,3884226,4012653
3884387,3884387,4012653
3884592,3884592,4012653
3884856,3884856,4012653
3884885,3884885,4012653
3885234,3885234,4012653
3885492,3885492,4012653
3885537,3885537,4012653
3885608,3885608,4012653
3885888,3885888,4012653
3886658,3886658,4012653
3886697,3886697,4012653
3886795,3886795,4012653
3887101,3887101,4012653
3887336,3887336,4012653
3887673,3887673,4012653
3887939,3887939,4012653
3888047,3888047,4012653
3888134,3888134,4012653
3888235,3888235,4012653
3888328,3888328,4012653
3888617,3888617,4012653
3888974,3888974,4012653
3889335,3889335,4012653
3889413,3889413,4012653
3890191,3890191,4012653
3890351,3890351,4012653
3890405,3890405,4012653
3890789,3890789,4012653
3891639,3891639,4012653
3891873,3891873,4012653
3892023,3892023,4012653
3892223,3892223,4012653
3892813,3892813,4012653
3892831,3892831,4012653
3892876,3892876,4012653
3893002,3893002,4012653
3893085,3893085,4012653
3893229,3893229,4012653
3893235,3893235,4012653
3893261,3893261,4012653
3893615,3893615,4012653
3893916,3893916,4012653
3894098,3894098,4012653
3894585,3894585,4012653
3894801,3894801,4012653
3894817,3894817,4012653
3894823,3894823,4012653
3895262,3895262,4012653
3895320,3895320,4012653
3895350,3895350,4012653
3896076,3896076,4012653
3896499,3896499,4012653
3896614,3896614,4012653
3896872,3896872,4012653
3896926,3896926,4012653
3897198,3897198,4012653
3897251,3897251,4012653
3897778,3897778,4012653
3897818,3897818,4012653
3897851,3897851,4012653
3897964,3897964,4012653
3898024,3898024,4012653
3898522,3898522,4012653
3898643,3898643,4012653
3898686,3898686,4012653
3898887,3898887,4012653
3898998,3898998,4012653
3899567,3899567,4012653
3899652,3899652,4012653
3899824,3899824,4012653
3900022,3900022,4012653
3900568,3900568,4012653
3900750,3900750,4012653
3901279,3901279,4012653
3901554,3901554,4012653
3901678,3901678,4012653
3901749,3901749,4012653
3901916,3901916,4012653
3901948,3901948,4012653
3901991,3901991,4012653
3902404,3902404,4012653
3902586,3902586,4012653
3903104,3903104,4012653
3903200,3903200,4012653
3903389,3903389,4012653
3903527,3903527,4012653
3903922,3903922,4012653
3903985,3903985,4012653
3904037,3904037,4012653
3904115,3904115,4012653
3904115,3904115,4012653
3904215,3904215,4012653
3904316,3904316,4012653
3904334,3904334,4012653
3904639,3904639,4012653
3904930,3904930,4012653
3905213,3905213,4012653
3905315,3905315,4012653
3905519,3905519,4012653
3905626,3905626,4012653
3906644,3906644,4012653
3906935,3906935,4012653
3906956,3906956,4012653
3907066,3907066,4012653
3907129,3907129,4012653
3907193,3907193,4012653
3907775,3907775,4012653
3907852,3907852,4012653
3907895,3907895,4012653
3907988,3907988,4012653
3908067,3908067,4012653
3908087,3908087,4012653
3908149,3908149,4012653
3908701,3908701,4012653
3909025,3909025,4012653
3909250,3909250,4012653
3909930,3909930,4012653
3910098,3910098,4012653
3910178,3910178,4012653
3910290,3910290,4012653
3910456,3910456,4012653
3910804,3910804,4012653
3910956,3910956,4012653
3911201,3911201,4012653
3911662,3911662,4012653
3911837,3911837,4012653
3912211,3912211,4012653
3912507,3912507,4012653
3912713,3912713,4012653
3912763,3912763,4012653
3912775,3912775,4012653
3912914,3912914,4012653
3913071,3913071,4012653
3913232,3913232,4012653
3913303,3913303,4012653
3913451,3913451,4012653
3914260,3914260,4012653
3914390,3914390,4012653
3914408,3914408,4012653
3914419,3914419,4012653
3914975,3914975,4012653
3915323,3915323,4012653
3915664,3915664,4012653
3915665,3915665,4012653
3915706,3915706,4012653
3915912,3915912,4012653
3916051,3916051,4012653
3916266,3916266,4012653
3916680,3916680,4012653
3916706,3916706,4012653
3916905,3916905,4012653
3916962,3916962,4012653
3917573,3917573,4012653
3918143,3918143,4012653
3918206,3918206,4012653
3918325,3918325,4012653
3918723,3918723,4012653
3918778,3918778,4012653
3919683,3919683,4012653
3919853,3919853,4012653
3920010,3920010,4012653
3920185,3920185,4012653
3920293,3920293,4012653
3920704,3920704,4012653
3920708,3920708,4012653
3920815,3920815,4012653
3920847,3920847,4012653
3921009,3921009,4012653
3921085,3921085,4012653
3921489,3921489,4012653
3921770,3921770,4012653
3921883,3921883,4012653
3921965,3921965,4012653
3922690,3922690,4012653
3922711,3922711,4012653
3922968,3922968,4012653
3923391,3923391,4012653
3923402,3923402,4012653
3923532,3923532,4012653
3924282,3924282,4012653
3924361,3924361,4012653
3924629,3924629,4012653
3924734,3924734,4012653
3924747,3924747,4012653
3924971,3924971,4012653
3925132,3925132,4012653
3925592,3925592,4012653
3926381,3926381,4012653
3926480,3926480,4012653
3926754,3926754,4012653
3927672,3927672,4012653
3927703,3927703,4012653
3927957,3927957,4012653
3928576,3928576,4012653
3928647,3928647,4012653
3928746,3928746,4012653
3929325,3929325,4012653
3929437,3929437,4012653
3929822,3929822,4012653
3929843,3929843,4012653
3930054,3930054,4012653
3930098,3930098,4012653
3930122,3930122,4012653
3930628,3930628,4012653
3930656,3930656,4012653
3930674,3930674,4012653
3930829,3930829,4012653
3931692,3931692,4012653
3931736,3931736,4012653
3932054,3932054,4012653
3932131,3932131,4012653
3932584,3932584,4012653
3932740,3932740,4012653
3933172,3933172,4012653
3933504,3933504,4012653
3934052,3934052,4012653
3934380,3934380,4012653
3934840,3934840,4012653
3935028,3935028,4012653
3935068,3935068,4012653
3935732,3935732,4012653
3935776,3935776,4012653
3935820,3935820,4012653
3935978,3935978,4012653
3936013,3936013,4012653
3936112,3936112,4012653
3936851,3936851,4012653
3936930,3936930,4012653
3937318,3937318,4012653
3937842,3937842,4012653
3937985,3937985,4012653
3938182,3938182,4012653
3938212,3938212,4012653
3938288,3938288,4012653
3938341,3938341,4012653
3938550,3938550,4012653
3938747,3938747,4012653
3938766,3938766,4012653
3939272,3939272,4012653
3939281,3939281,4012653
3939834,3939834,4012653
3940215,3940215,4012653
3940238,3940238,4012653
3940363,3940363,4012653
3940373,3940373,4012653
3940413,3940413,4012653
3940847,3940847,4012653
3940967,3940967,4012653
3941061,3941061,4012653
3941149,3941149,4012653
3941594,3941594,4012653
3941709,3941709,4012653
3942261,3942261,4012653
3942481,3942481,4012653
3942727,3942727,4012653
3942761,3942761,4012653
3942876,3942876,4012653
3943061,3943061,4012653
3943274,3943274,4012653
3943608,3943608,4012653
3943613,3943613,4012653
3944172,3944172,4012653
3944272,3944272,4012653
3944330,3944330,4012653
3944396,3944396,4012653
3944419,3944419,4012653
3945370,3945370,4012653
3945920,3945920,4012653
3946033,3946033,4012653
3946062,3946062,4012653
3946074,3946074,4012653
3946164,3946164,4012653
3946306,3946306,4012653
3946427,3946427,4012653
3946739,3946739,4012653
3946794,3946794,4012653
3946978,3946978,4012653
3947147,3947147,4012653
3947300,3947300,4012653
3947314,3947314,4012653
3948273,3948273,4012653
3948280,3948280,4012653
3948574,3948574,4012653
3948760,3948760,4012653
3948923,3948923,4012653
3949206,3949206,4012653
3949287,3949287,4012653
3949511,3949511,4012653
3949609,3949609,4012653
3949643,3949643,4012653
3949827,3949827,4012653
3949987,3949987,4012653
3950938,3950938,4012653
3951003,3951003,4012653
3951087,3951087,4012653
3952389,3952389,4012653
3952438,3952438,4012653
3952662,3952662,4012653
3952675,3952675,4012653
3953289,3953289,4012653
3953633,3953633,4012653
3953762,3953762,4012653
3953907,3953907,4012653
3953964,3953964,4012653
3953997,3953997,4012653
3954217,3954217,4012653
3954284,3954284,4012653
3954392,3954392,4012653
3954428,3954428,4012653
3954991,3954991,4012653
3955382,3955382,4012653
3955624,3955624,4012653
3955842,3955842,4012653
3955856,3955856,4012653
3956228,3956228,4012653
3956396,3956396,4012653
3956497,3956497,4012653
3956587,3956587,4012653
3956914,3956914,4012653
3957895,3957895,4012653
3958196,3958196,4012653
3958283,3958283,4012653
3958869,3958869,4012653
3958933,3958933,4012653
3959699,3959699,4012653
3959863,3959863,4012653
3959910,3959910,4012653
3959932,3959932,4012653
3960314,3960314,4012653
3960620,3960620,4012653
3960641,3960641,4012653
3960643,3960643,4012653
3961228,3961228,4012653
3961490,3961490,4012653
3962115,3962115,4012653
3962174,3962174,4012653
3962423,3962423,4012653
3962646,3962646,4012653
3962679,3962679,4012653
3963038,3963038,4012653
3963061,3963061,4012653
3963248,3963248,4012653
3963326,3963326,4012653
3964124,3964124,4012653
3965600,3965600,4012653
3965613,3965613,4012653
3965837,3965837,4012653
3966226,3966226,4012653
3966335,3966335,4012653
3966825,3966825,4012653
3966886,3966886,4012653
3967202,3967202,4012653
3967241,3967241,4012653
3967325,3967325,4012653
3967430,3967430,4012653
3967585,3967585,4012653
3967610,3967610,4012653
3968017,3968017,4012653
3968039,3968039,4012653
3968058,3968058,4012653
3968242,3968242,4012653
3968259,3968259,4012653
3968282,3968282,4012653
3968708,3968708,4012653
3968737,3968737,4012653
3969160,3969160,4012653
3969164,3969164,4012653
3969214,3969214,4012653
3969519,3969519,4012653
3969627,3969627,4012653
3969735,3969735,4012653
3970025,3970025,4012653
3970142,3970142,4012653
3970153,3970153,4012653
3970227,3970227,4012653
3970507,3970507,4012653
3970541,3970541,4012653
3970676,3970676,4012653
3971110,3971110,4012653
3971302,3971302,4012653
3971566,3971566,4012653
3971596,3971596,4012653
3971679,3971679,4012653
3971886,3971886,4012653
3972182,3972182,4012653
3972778,3972778,4012653
3972916,3972916,4012653
3972979,3972979,4012653
3972995,3972995,4012653
3973078,3973078,4012653
3973112,3973112,4012653
3973224,3973224,4012653
3973251,3973251,4012653
3973580,3973580,4012653
3973835,3973835,4012653
3973957,3973957,4012653
3973958,3973958,4012653
3974134,3974134,4012653
3975096,3975096,4012653
3976046,3976046,4012653
3976091,3976091,4012653
3976371,3976371,4012653
3976408,3976408,4012653
3976732,3976732,4012653
3977021,3977021,4012653
3977034,3977034,4012653
3977248,3977248,4012653
3977280,3977280,4012653
3978388,3978388,4012653
3978660,3978660,4012653
3978673,3978673,4012653
3979212,3979212,4012653
3979228,3979228,4012653
3980572,3980572,4012653
3981420,3981420,4012653
3981817,3981817,4012653
3981987,3981987,4012653
3982189,3982189,4012653
3982216,3982216,4012653
3982348,3982348,4012653
3982428,3982428,4012653
3982911,3982911,4012653
3983018,3983018,4012653
3983817,3983817,4012653
3983908,3983908,4012653
3984279,3984279,4012653
3984295,3984295,4012653
3984672,3984672,4012653
3984707,3984707,4012653
3985051,3985051,4012653
3985256,3985256,4012653
3985623,3985623,4012653
3985667,3985667,4012653
3985987,3985987,4012653
3986068,3986068,4012653
3986943,3986943,4012653
3987329,3987329,4012653
3987514,3987514,4012653
3987532,3987532,4012653
3987866,3987866,4012653
3987920,3987920,4012653
3988094,3988094,4012653
3988122,3988122,4012653
3988152,3988152,4012653
3988443,3988443,4012653
3988504,3988504,4012653
3988942,3988942,4012653
3989481,3989481,4012653
3989524,3989524,4012653
3989565,3989565,4012653
3989760,3989760,4012653
3990060,3990060,4012653
3990210,3990210,4012653
3990299,3990299,4012653
3990733,3990733,4012653
3990774,3990774,4012653
3990802,3990802,4012653
3990972,3990972,4012653
3991506,3991506,4012653
3991541,3991541,4012653
3991543,3991543,4012653
3991670,3991670,4012653
3991792,3991792,4012653
3991813,3991813,4012653
3992477,3992477,4012653
3992739,3992739,4012653
3993246,3993246,4012653
3993503,3993503,4012653
3993588,3993588,4012653
3993713,3993713,4012653
3993727,3993727,4012653
3993878,3993878,4012653
3994134,3994134,4012653
3994486,3994486,4012653
3994871,3994871,4012653
3994900,3994900,4012653
3995702,3995702,4012653
3995774,3995774,4012653
3996005,3996005,4012653
3996008,3996008,4012653
3996274,3996274,4012653
3996349,3996349,4012653
3997043,3997043,4012653
3997121,3997121,4012653
3997529,3997529,4012653
3998096,3998096,4012653
3998673,3998673,4012653
3999887,3999887,4012653
3999919,3999919,4012653
3999958,3999958,4012653
3999973,3999973,4012653
4001275,4001275,4012653
4001703,4001703,4012653
4001729,4001729,4012653
4001817,4001817,4012653
4002130,4002130,4012653
4002252,4002252,4012653
4003055,4003055,4012653
4003204,4003204,4012653
4003241,4003241,4012653
4003523,4003523,4012653
4003563,4003563,4012653
4003673,4003673,4012653
4003701,4003701,4012653
4003791,4003791,4012653
4003815,4003815,4012653
4003822,4003822,4012653
4004097,4004097,4012653
4005135,4005135,4012653
4005185,4005185,4012653
4005342,4005342,4012653
4005698,4005698,4012653
4005864,4005864,4012653
4006301,4006301,4012653
4006321,4006321,4012653
4006779,4006779,4012653
4006800,4006800,4012653
4007204,4007204,4012653
4007340,4007340,4012653
4007378,4007378,4012653
4007395,4007395,4012653
4007400,4007400,4012653
4007438,4007438,4012653
4007489,4007489,4012653
4007497,4007497,4012653
4008324,4008324,4012653
4009105,4009105,4012653
4009189,4009189,4012653
4009514,4009514,4012653
4010185,4010185,4012653
4010393,4010393,4012653
4010395,4010395,4012653
4010473,4010473,4012653
4010598,4010598,4012653
4011380,4011380,4012653
4011649,4011649,4012653
4012226,4012226,4012653
4012356,4012356,4012653
4012628,4012628,4012653
4013175,4013175,5000440
4014109,4014109,5000440
4014153,4014153,5000440
4014332,4014332,5000440
4014438,4014438,5000440
4014644,4014644,5000440
4014691,4014691,5000440
4014865,4014865,5000440
4014873,4014873,5000440
4015268,4015268,5000440
4015626,4015626,5000440
4015670,4015670,5000440
4015696,4015696,5000440
4015966,4015966,5000440
4016084,4016084,5000440
4016126,4016126,5000440
4016573,4016573,5000440
4016862,4016862,5000440
4016987,4016987,5000440
4017075,4017075,5000440
4017277,4017277,5000440
4017491,4017491,5000440
4017689,4017689,5000440
4018018,4018018,5000440
4018264,4018264,5000440
4018338,4018338,5000440
4018422,4018422,5000440
4018432,4018432,5000440
4018601,4018601,5000440
4018758,4018758,5000440
4018788,4018788,5000440
4018864,4018864,5000440
4019119,4019119,5000440
4019706,4019706,5000440
4020224,4020224,5000440
4020409,4020409,5000440
4020825,4020825,5000440
4020951,4020951,5000440
4021018,4021018,5000440
4021193,4021193,5000440
4021681,4021681,5000440
4022389,4022389,5000440
4022429,4022429,5000440
4022572,4022572,5000440
4023205,4023205,5000440
4023525,4023525,5000440
4023736,4023736,5000440
4024201,4024201,5000440
4024436,4024436,5000440
4024521,4024521,5000440
4024773,4024773,5000440
4025262,4025262,5000440
4025650,4025650,5000440
4026619,4026619,5000440
4026840,4026840,5000440
4027512,4027512,5000440
4027709,4027709,5000440
4028039,4028039,5000440
4028240,4028240,5000440
4028366,4028366,5000440
4028509,4028509,5000440
4029196,4029196,5000440
4029841,4029841,5000440
4030082,4030082,5000440
4030410,4030410,5000440
4030474,4030474,5000440
4030583,4030583,5000440
4030621,4030621,5000440
4030702,4030702,5000440
4030745,4030745,5000440
4030799,4030799,5000440
4031337,4031337,5000440
4031871,4031871,5000440
4032694,4032694,5000440
4033553,4033553,5000440
4033854,4033854,5000440
4034599,4034599,5000440
4035057,4035057,5000440
4035252,4035252,5000440
4035259,4035259,5000440
4035491,4035491,5000440
4036115,4036115,5000440
4036179,4036179,5000440
4036245,4036245,5000440
4036627,4036627,5000440
4036919,4036919,5000440
4037437,4037437,5000440
4038054,4038054,5000440
4038232,4038232,5000440
4038299,4038299,5000440
4039051,4039051,5000440
4039133,4039133,5000440
4039529,4039529,5000440
4039579,4039579,5000440
4039760,4039760,5000440
4040442,4040442,5000440
4040708,4040708,5000440
4040732,4040732,5000440
4040855,4040855,5000440
4040899,4040899,5000440
4041154,4041154,5000440
4041302,4041302,5000440
4041707,4041707,5000440
4041838,4041838,5000440
4041840,4041840,5000440
4041971,4041971,5000440
4042146,4042146,5000440
4042376,4042376,5000440
4042536,4042536,5000440
4042639,4042639,5000440
4042741,4042741,5000440
4042937,4042937,5000440
4042969,4042969,5000440
4043039,4043039,5000440
4043177,4043177,5000440
4043295,4043295,5000440
4043386,4043386,5000440
4043393,4043393,5000440
4043439,4043439,5000440
4043476,4043476,5000440
4043487,4043487,5000440
4043514,4043514,5000440
4043573,4043573,5000440
4043731,4043731,5000440
4043892,4043892,5000440
4043999,4043999,5000440
4044179,4044179,5000440
4044639,4044639,5000440
4044785,4044785,5000440
4045349,4045349,5000440
4045363,4045363,5000440
4045604,4045604,5000440
4045677,4045677,5000440
4045827,4045827,5000440
4045919,4045919,5000440
4046166,4046166,5000440
4046495,4046495,5000440
4046744,4046744,5000440
4047510,4047510,5000440
4047756,4047756,5000440
4048008,4048008,5000440
4048068,4048068,5000440
4048484,4048484,5000440
4048768,4048768,5000440
4049564,4049564,5000440
4049929,4049929,5000440
4050043,4050043,5000440
4050118,4050118,5000440
4050552,4050552,5000440
4050558,4050558,5000440
4050956,4050956,5000440
4051154,4051154,5000440
4051512,4051512,5000440
4051802,4051802,5000440
4052220,4052220,5000440
4052390,4052390,5000440
4052733,4052733,5000440
4052814,4052814,5000440
4053024,4053024,5000440
4053199,4053199,5000440
4053221,4053221,5000440
4053293,4053293,5000440
4054098,4054098,5000440
4054509,4054509,5000440
4054830,4054830,5000440
4055000,4055000,5000440
4055071,4055071,5000440
4055125,4055125,5000440
4055403,4055403,5000440
4056114,4056114,5000440
4056230,4056230,5000440
4056239,4056239,5000440
4056272,4056272,5000440
4056345,4056345,5000440
4056349,4056349,5000440
4056707,4056707,5000440
4056992,4056992,5000440
4057144,4057144,5000440
4057157,4057157,5000440
4057170,4057170,5000440
4057455,4057455,5000440
4057733,4057733,5000440
4057879,4057879,5000440
4058013,4058013,5000440
4058104,4058104,5000440
4058164,4058164,5000440
4058249,4058249,5000440
4058528,4058528,5000440
4058747,4058747,5000440
4058918,4058918,5000440
4059035,4059035,5000440
4059970,4059970,5000440
4060205,4060205,5000440
4060363,4060363,5000440
4060371,4060371,5000440
4060826,4060826,5000440
4060870,4060870,5000440
4061636,4061636,5000440
4061710,4061710,5000440
4062269,4062269,5000440
4062573,4062573,5000440
4062630,4062630,5000440
4062722,4062722,5000440
4063065,4063065,5000440
4063076,4063076,5000440
4063302,4063302,5000440
4063423,4063423,5000440
4063598,4063598,5000440
4064164,4064164,5000440
4064294,4064294,5000440
4064323,4064323,5000440
4064744,4064744,5000440
4064999,4064999,5000440
4065510,4065510,5000440
4065561,4065561,5000440
4065618,4065618,5000440
4065696,4065696,5000440
4065954,4065954,5000440
4066176,4066176,5000440
4066697,4066697,5000440
4067432,4067432,5000440
4067544,4067544,5000440
4067775,4067775,5000440
4067891,4067891,5000440
4067923,4067923,5000440
4067982,4067982,5000440
4068098,4068098,5000440
4068718,4068718,5000440
4068938,4068938,5000440
4068944,4068944,5000440
4068983,4068983,5000440
4069007,4069007,5000440
4069088,4069088,5000440
4069122,4069122,5000440
4069161,4069161,5000440
4069215,4069215,5000440
4069352,4069352,5000440
4069354,4069354,5000440
4069586,4069586,5000440
4069701,4069701,5000440
4069767,4069767,5000440
4069803,4069803,5000440
4069957,4069957,5000440
4070268,4070268,5000440
4070299,4070299,5000440
4070515,4070515,5000440
4070837,4070837,5000440
4071569,4071569,5000440
4071714,4071714,5000440
4071847,4071847,5000440
4071957,4071957,5000440
4072361,4072361,5000440
4072404,4072404,5000440
4072429,4072429,5000440
4072447,4072447,5000440
4072527,4072527,5000440
4072926,4072926,5000440
4073371,4073371,5000440
4073392,4073392,5000440
4073730,4073730,5000440
4073731,4073731,5000440
4073942,4073942,5000440
4074028,4074028,5000440
4074344,4074344,5000440
4074406,4074406,5000440
4074437,4074437,5000440
4074528,4074528,5000440
4074628,4074628,5000440
4074659,4074659,5000440
4074961,4074961,5000440
4075022,4075022,5000440
4075363,4075363,5000440
4075650,4075650,5000440
4075653,4075653,5000440
4075792,4075792,5000440
4075964,4075964,5000440
4076269,4076269,5000440
4076417,4076417,5000440
4076659,4076659,5000440
4076698,4076698,5000440
4076772,4076772,5000440
4076824,4076824,5000440
4077406,4077406,5000440
4077632,4077632,5000440
4077640,4077640,5000440
4077741,4077741,5000440
4078140,4078140,5000440
4078222,4078222,5000440
4078338,4078338,5000440
4079769,4079769,5000440
4079842,4079842,5000440
4079865,4079865,5000440
4079939,4079939,5000440
4079995,4079995,5000440
4080025,4080025,5000440
4080375,4080375,5000440
4080451,4080451,5000440
4080744,4080744,5000440
4080841,4080841,5000440
4080976,4080976,5000440
4081062,4081062,5000440
4081218,4081218,5000440
4081496,4081496,5000440
4083006,4083006,5000440
4083354,4083354,5000440
4083680,4083680,5000440
4084016,4084016,5000440
4084333,4084333,5000440
4084601,4084601,5000440
4084643,4084643,5000440
4085344,4085344,5000440
4086127,4086127,5000440
4086829,4086829,5000440
4087210,4087210,5000440
4087289,4087289,5000440
4087353,4087353,5000440
4087463,4087463,5000440
4087526,4087526,5000440
4087573,4087573,5000440
4087838,4087838,5000440
4088039,4088039,5000440
4088833,4088833,5000440
4088871,4088871,5000440
4088871,4088871,5000440
4088891,4088891,5000440
4089096,4089096,5000440
4089157,4089157,5000440
4089403,4089403,5000440
4089745,4089745,5000440
4090070,4090070,5000440
4090525,4090525,5000440
4091161,4091161,5000440
4091194,4091194,5000440
4091266,4091266,5000440
4091420,4091420,5000440
4091475,4091475,5000440
4091828,4091828,5000440
4092049,4092049,5000440
4092251,4092251,5000440
4092324,4092324,5000440
4092643,4092643,5000440
4092917,4092917,5000440
4093234,4093234,5000440
4093399,4093399,5000440
4093744,4093744,5000440
4093839,4093839,5000440
4093842,4093842,5000440
4094022,4094022,5000440
4094331,4094331,5000440
4094452,4094452,5000440
4094501,4094501,5000440
4094638,4094638,5000440
4095528,4095528,5000440
4095584,4095584,5000440
4095634,4095634,5000440
4095861,4095861,5000440
4095930,4095930,5000440
4096000,4096000,5000440
4096148,4096148,5000440
4096198,4096198,5000440
4096742,4096742,5000440
4096868,4096868,5000440
4097317,4097317,5000440
4097528,4097528,5000440
4097979,4097979,5000440
4098074,4098074,5000440
4098290,4098290,5000440
4098696,4098696,5000440
4099063,4099063,5000440
4099087,4099087,5000440
4099139,4099139,5000440
4099158,4099158,5000440
4099587,4099587,5000440
4099603,4099603,5000440
4099694,4099694,5000440
4099903,4099903,5000440
4099940,4099940,5000440
4100385,4100385,5000440
4100417,4100417,5000440
4100548,4100548,5000440
4100789,4100789,5000440
4100796,4100796,5000440
4101122,4101122,5000440
4101127,4101127,5000440
4101239,4101239,5000440
4101337,4101337,5000440
4101360,4101360,5000440
4101410,4101410,5000440
4101510,4101510,5000440
4102064,4102064,5000440
4102329,4102329,5000440
4102753,4102753,5000440
4103951,4103951,5000440
4104808,4104808,5000440
4105821,4105821,5000440
4105839,4105839,5000440
4105921,4105921,5000440
4106353,4106353,5000440
4106748,4106748,5000440
4106787,4106787,5000440
4107484,4107484,5000440
4107543,4107543,5000440
4107912,4107912,5000440
4107961,4107961,5000440
4108050,4108050,5000440
4108078,4108078,5000440
4108154,4108154,5000440
4108536,4108536,5000440
4108932,4108932,5000440
4109438,4109438,5000440
4109450,4109450,5000440
4109522,4109522,5000440
4109533,4109533,5000440
4109546,4109546,5000440
4110723,4110723,5000440
4111057,4111057,5000440
4111404,4111404,5000440
4112499,4112499,5000440
4113134,4113134,5000440
4113149,4113149,5000440
4113225,4113225,5000440
4113245,4113245,5000440
4113338,4113338,5000440
4113487,4113487,5000440
4113707,4113707,5000440
4114277,4114277,5000440
4114532,4114532,5000440
4114636,4114636,5000440
4115411,4115411,5000440
4115421,4115421,5000440
4115864,4115864,5000440
4116334,4116334,5000440
4116873,4116873,5000440
4116931,4116931,5000440
4117374,4117374,5000440
4117591,4117591,5000440
4117708,4117708,5000440
4117954,4117954,5000440
4118278,4118278,5000440
4118353,4118353,5000440
4118628,4118628,5000440
4118977,4118977,5000440
4119178,4119178,5000440
4119233,4119233,5000440
4119543,4119543,5000440
4119637,4119637,5000440
4119888,4119888,5000440
4119979,4119979,5000440
4120789,4120789,5000440
4121353,4121353,5000440
4121400,4121400,5000440
4122855,4122855,5000440
4123037,4123037,5000440
4123048,4123048,5000440
4123150,4123150,5000440
4123208,4123208,5000440
4123275,4123275,5000440
4123316,4123316,5000440
4124109,4124109,5000440
4124318,4124318,5000440
4124597,4124597,5000440
4125331,4125331,5000440
4125355,4125355,5000440
4125539,4125539,5000440
4125606,4125606,5000440
4125794,4125794,5000440
4126300,4126300,5000440
4126424,4126424,5000440
4126495,4126495,5000440
4126989,4126989,5000440
4127376,4127376,5000440
4128662,4128662,5000440
4128675,4128675,5000440
4128773,4128773,5000440
4129703,4129703,5000440
4129820,4129820,5000440
4130156,4130156,5000440
4130388,4130388,5000440
4131954,4131954,5000440
4132023,4132023,5000440
4132801,4132801,5000440
4133431,4133431,5000440
4133683,4133683,5000440
4133696,4133696,5000440
4133732,4133732,5000440
4133941,4133941,5000440
4133942,4133942,5000440
4134200,4134200,5000440
4134588,4134588,5000440
4136361,4136361,5000440
4136584,4136584,5000440
4136630,4136630,5000440
4136689,4136689,5000440
4137010,4137010,5000440
4137340,4137340,5000440
4137401,4137401,5000440
4137722,4137722,5000440
4137869,4137869,5000440
4138043,4138043,5000440
4138182,4138182,5000440
4138212,4138212,5000440
4138498,4138498,5000440
4138792,4138792,5000440
4138903,4138903,5000440
4138936,4138936,5000440
4139011,4139011,5000440
4139213,4139213,5000440
4139441,4139441,5000440
4140820,4140820,5000440
4141094,4141094,5000440
4141714,4141714,5000440
4142363,4142363,5000440
4142431,4142431,5000440
4142642,4142642,5000440
4143021,4143021,5000440
4143130,4143130,5000440
4143442,4143442,5000440
4143473,4143473,5000440
4143785,4143785,5000440
4144042,4144042,5000440
4144052,4144052,5000440
4144190,4144190,5000440
4144201,4144201,5000440
4144230,4144230,5000440
4144675,4144675,5000440
4144877,4144877,5000440
4144932,4144932,5000440
4144983,4144983,5000440
4145059,4145059,5000440
4145061,4145061,5000440
4145091,4145091,5000440
4145395,4145395,5000440
4145657,4145657,5000440
4145719,4145719,5000440
4145791,4145791,5000440
4146070,4146070,5000440
4146464,4146464,5000440
4146919,4146919,5000440
4147139,4147139,5000440
4147145,4147145,5000440
4147289,4147289,5000440
4147573,4147573,5000440
4147739,4147739,5000440
4148178,4148178,5000440
4148473,4148473,5000440
4148563,4148563,5000440
4149109,4149109,5000440
4149426,4149426,5000440
4149453,4149453,5000440
4150028,4150028,5000440
4150085,4150085,5000440
4150209,4150209,5000440
4150231,4150231,5000440
4150502,4150502,5000440
4150722,4150722,5000440
4151487,4151487,5000440
4151925,4151925,5000440
4152013,4152013,5000440
4152021,4152021,5000440
4152193,4152193,5000440
4152779,4152779,5000440
4153827,4153827,5000440
4153889,4153889,5000440
4153986,4153986,5000440
4154088,4154088,5000440
4154567,4154567,5000440
4154775,4154775,5000440
4156046,4156046,5000440
4156106,4156106,5000440
4156106,4156106,5000440
4156161,4156161,5000440
4156445,4156445,5000440
4156730,4156730,5000440
4156950,4156950,5000440
4157035,4157035,5000440
4157082,4157082,5000440
4157298,4157298,5000440
4158244,4158244,5000440
4158481,4158481,5000440
4158983,4158983,5000440
4159124,4159124,5000440
4159166,4159166,5000440
4159437,4159437,5000440
4159897,4159897,5000440
4160847,4160847,5000440
4160888,4160888,5000440
4160976,4160976,5000440
4161414,4161414,5000440
4162217,4162217,5000440
4162232,4162232,5000440
4162247,4162247,5000440
4162469,4162469,5000440
4162753,4162753,5000440
4162819,4162819,5000440
4163102,4163102,5000440
4163300,4163300,5000440
4163596,4163596,5000440
4164027,4164027,5000440
4164422,4164422,5000440
4164831,4164831,5000440
4164938,4164938,5000440
4165385,4165385,5000440
4165471,4165471,5000440
4165592,4165592,5000440
4165768,4165768,5000440
4165870,4165870,5000440
4166098,4166098,5000440
4166578,4166578,5000440
4166803,4166803,5000440
4166819,4166819,5000440
4166944,4166944,5000440
4167191,4167191,5000440
4167423,4167423,5000440
4167808,4167808,5000440
4167906,4167906,5000440
4167981,4167981,5000440
4168023,4168023,5000440
4168206,4168206,5000440
4168470,4168470,5000440
4168612,4168612,5000440
4168653,4168653,5000440
4168906,4168906,5000440
4169037,4169037,5000440
4169368,4169368,5000440
4169689,4169689,5000440
4169789,4169789,5000440
4170490,4170490,5000440
4170841,4170841,5000440
4170859,4170859,5000440
4171003,4171003,5000440
4171152,4171152,5000440
4171169,4171169,5000440
4171274,4171274,5000440
4171621,4171621,5000440
4172298,4172298,5000440
4172377,4172377,5000440
4172409,4172409,5000440
4173038,4173038,5000440
4173084,4173084,5000440
4173235,4173235,5000440
4173427,4173427,5000440
4173431,4173431,5000440
4173568,4173568,5000440
4173589,4173589,5000440
4173774,4173774,5000440
4173848,4173848,5000440
4174036,4174036,5000440
4174043,4174043,5000440
4174722,4174722,5000440
4174824,4174824,5000440
4174953,4174953,5000440
4175022,4175022,5000440
4175251,4175251,5000440
4175477,4175477,5000440
4175620,4175620,5000440
4175682,4175682,5000440
4175982,4175982,5000440
4175999,4175999,5000440
4176032,4176032,5000440
4176102,4176102,5000440
4176220,4176220,5000440
4176336,4176336,5000440
4176361,4176361,5000440
4176365,4176365,5000440
4176582,4176582,5000440
4176649,4176649,5000440
4177037,4177037,5000440
4177124,4177124,5000440
4177626,4177626,5000440
4177659,4177659,5000440
4177662,4177662,5000440
4177842,4177842,5000440
4177860,4177860,5000440
4178056,4178056,5000440
4178279,4178279,5000440
4179310,4179310,5000440
4179315,4179315,5000440
4179359,4179359,5000440
4179415,4179415,5000440
4179496,4179496,5000440
4179868,4179868,5000440
4180044,4180044,5000440
4180421,4180421,5000440
4180568,4180568,5000440
4180652,4180652,5000440
4181092,4181092,5000440
4181254,4181254,5000440
4181406,4181406,5000440
4181655,4181655,5000440
4181753,4181753,5000440
4182210,4182210,5000440
4182742,4182742,5000440
4182761,4182761,5000440
4182801,4182801,5000440
4182815,4182815,5000440
4183352,4183352,5000440
4183710,4183710,5000440
4183744,4183744,5000440
4183930,4183930,5000440
4184137,4184137,5000440
4184194,4184194,5000440
4184607,4184607,5000440
4184640,4184640,5000440
4184995,4184995,5000440
4185524,4185524,5000440
4186425,4186425,5000440
4186492,4186492,5000440
4186581,4186581,5000440
4186588,4186588,5000440
4187703,4187703,5000440
4188370,4188370,5000440
4188404,4188404,5000440
4188513,4188513,5000440
4189093,4189093,5000440
4189620,4189620,5000440
4189733,4189733,5000440
4189829,4189829,5000440
4190099,4190099,5000440
4190409,4190409,5000440
4191193,4191193,5000440
4191779,4191779,5000440
4192208,4192208,5000440
4193124,4193124,5000440
4193139,4193139,5000440
4193592,4193592,5000440
4193762,4193762,5000440
4193799,4193799,5000440
4194041,4194041,5000440
4194472,4194472,5000440
4194680,4194680,5000440
4194687,4194687,5000440
4195008,4195008,5000440
4195924,4195924,5000440
4195960,4195960,5000440
4196061,4196061,5000440
4196199,4196199,5000440
4196728,4196728,5000440
4197032,4197032,5000440
4197292,4197292,5000440
4197361,4197361,5000440
4197443,4197443,5000440
4197609,4197609,5000440
4197648,4197648,5000440
4197846,4197846,5000440
4198401,4198401,5000440
4198538,4198538,5000440
4198680,4198680,5000440
4199042,4199042,5000440
4199099,4199099,5000440
4199194,4199194,5000440
4199245,4199245,5000440
4199391,4199391,5000440
4200281,4200281,5000440
4200381,4200381,5000440
4201285,4201285,5000440
4201289,4201289,5000440
4201472,4201472,5000440
4201613,4201613,5000440
4202828,4202828,5000440
4202832,4202832,5000440
4203288,4203288,5000440
4203539,4203539,5000440
4203614,4203614,5000440
4203756,4203756,5000440
4204261,4204261,5000440
4204349,4204349,5000440
4204388,4204388,5000440
4204394,4204394,5000440
4204460,4204460,5000440
4204600,4204600,5000440
4205351,4205351,5000440
4205780,4205780,5000440
4206409,4206409,5000440
4206413,4206413,5000440
4206576,4206576,5000440
4206833,4206833,5000440
4206930,4206930,5000440
4207265,4207265,5000440
4207267,4207267,5000440
4207513,4207513,5000440
4207642,4207642,5000440
4207942,4207942,5000440
4208066,4208066,5000440
4208525,4208525,5000440
4208723,4208723,5000440
4208979,4208979,5000440
4209119,4209119,5000440
4209853,4209853,5000440
4210201,4210201,5000440
4210299,4210299,5000440
4210351,4210351,5000440
4210354,4210354,5000440
4210931,4210931,5000440
4210938,4210938,5000440
4210979,4210979,5000440
4211020,4211020,5000440
4211189,4211189,5000440
4211580,4211580,5000440
4211667,4211667,5000440
4211698,4211698,5000440
4211889,4211889,5000440
4212026,4212026,5000440
4212074,4212074,5000440
4212274,4212274,5000440
4212311,4212311,5000440
4212316,4212316,5000440
4212401,4212401,5000440
4212910,4212910,5000440
4213206,4213206,5000440
4213364,4213364,5000440
4213454,4213454,5000440
4214014,4214014,5000440
4214180,4214180,5000440
4214575,4214575,5000440
4214786,4214786,5000440
4214995,4214995,5000440
4215642,4215642,5000440
4216578,4216578,5000440
4216703,4216703,5000440
4217021,4217021,5000440
4217053,4217053,5000440
4217106,4217106,5000440
4218101,4218101,5000440
4219463,4219463,5000440
4219615,4219615,5000440
4219660,4219660,5000440
4219892,4219892,5000440
4219976,4219976,5000440
4220192,4220192,5000440
4220880,4220880,5000440
4220885,4220885,5000440
4221496,4221496,5000440
4221745,4221745,5000440
4221759,4221759,5000440
4222335,4222335,5000440
4222563,4222563,5000440
4223648,4223648,5000440
4223847,4223847,5000440
4223962,4223962,5000440
4224386,4224386,5000440
4225332,4225332,5000440
4225368,4225368,5000440
4225788,4225788,5000440
4225937,4225937,5000440
4226168,4226168,5000440
4226570,4226570,5000440
4226773,4226773,5000440
4226995,4226995,5000440
4226999,4226999,5000440
4227256,4227256,5000440
4227332,4227332,5000440
4227494,4227494,5000440
4227573,4227573,5000440
4227580,4227580,5000440
4227838,4227838,5000440
4228569,4228569,5000440
4228702,4228702,5000440
4228844,4228844,5000440
4229026,4229026,5000440
4229255,4229255,5000440
4229552,4229552,5000440
4229754,4229754,5000440
4230121,4230121,5000440
4230243,4230243,5000440
4230295,4230295,5000440
4230346,4230346,5000440
4230649,4230649,5000440
4230947,4230947,5000440
4231662,4231662,5000440
4231988,4231988,5000440
4232156,4232156,5000440
4233107,4233107,5000440
4233353,4233353,5000440
4233490,4233490,5000440
4233491,4233491,5000440
4234110,4234110,5000440
4234223,4234223,5000440
4234402,4234402,5000440
4235211,4235211,5000440
4235360,4235360,5000440
4235367,4235367,5000440
4235454,4235454,5000440
4235629,4235629,5000440
4235917,4235917,5000440
4235923,4235923,5000440
4236190,4236190,5000440
4236578,4236578,5000440
4236788,4236788,5000440
4237454,4237454,5000440
4237545,4237545,5000440
4237703,4237703,5000440
4238134,4238134,5000440
4238282,4238282,5000440
4238401,4238401,5000440
4238537,4238537,5000440
4238997,4238997,5000440
4239137,4239137,5000440
4239320,4239320,5000440
4239488,4239488,5000440
4239721,4239721,5000440
4240021,4240021,5000440
4240334,4240334,5000440
4240487,4240487,5000440
4240543,4240543,5000440
4240605,4240605,5000440
4240675,4240675,5000440
4241102,4241102,5000440
4241949,4241949,5000440
4242315,4242315,5000440
4242340,4242340,5000440
4242447,4242447,5000440
4242668,4242668,5000440
4242735,4242735,5000440
4242796,4242796,5000440
4242845,4242845,5000440
4242965,4242965,5000440
4243433,4243433,5000440
4243478,4243478,5000440
4244287,4244287,5000440
4244634,4244634,5000440
4244722,4244722,5000440
4244780,4244780,5000440
4245031,4245031,5000440
4245089,4245089,5000440
4245563,4245563,5000440
4245739,4245739,5000440
4246703,4246703,5000440
4246760,4246760,5000440
4246783,4246783,5000440
4247083,4247083,5000440
4247110,4247110,5000440
4247175,4247175,5000440
4247205,4247205,5000440
4247353,4247353,5000440
4247480,4247480,5000440
4247536,4247536,5000440
4247771,4247771,5000440
4247834,4247834,5000440
4247864,4247864,5000440
4247873,4247873,5000440
4248433,4248433,5000440
4248649,4248649,5000440
4248718,4248718,5000440
4249078,4249078,5000440
4249177,4249177,5000440
4249200,4249200,5000440
4249225,4249225,5000440
4249493,4249493,5000440
4249516,4249516,5000440
4250188,4250188,5000440
4250378,4250378,5000440
4250727,4250727,5000440
4251226,4251226,5000440
4251374,4251374,5000440
4251768,4251768,5000440
4252223,4252223,5000440
4252246,4252246,5000440
4252496,4252496,5000440
4252518,4252518,5000440
4252972,4252972,5000440
4252986,4252986,5000440
4253331,4253331,5000440
4253533,4253533,5000440
4253686,4253686,5000440
4253879,4253879,5000440
4253910,4253910,5000440
4253911,4253911,5000440
4253922,4253922,5000440
4254277,4254277,5000440
4254937,4254937,5000440
4255759,4255759,5000440
4256132,4256132,5000440
4256270,4256270,5000440
4256508,4256508,5000440
4257291,4257291,5000440
4257615,4257615,5000440
4257690,4257690,5000440
4257846,4257846,5000440
4258248,4258248,5000440
4258333,4258333,5000440
4258381,4258381,5000440
4258510,4258510,5000440
4258726,4258726,5000440
4258912,4258912,5000440
4259021,4259021,5000440
4259104,4259104,5000440
4259335,4259335,5000440
4259565,4259565,5000440
4259788,4259788,5000440
4259809,4259809,5000440
4259868,4259868,5000440
4260113,4260113,5000440
4260134,4260134,5000440
4260310,4260310,5000440
4260352,4260352,5000440
4260669,4260669,5000440
4260824,4260824,5000440
4260824,4260824,5000440
4261548,4261548,5000440
4261615,4261615,5000440
4262757,4262757,5000440
4263040,4263040,5000440
4263114,4263114,5000440
4263720,4263720,5000440
4264392,4264392,5000440
4264918,4264918,5000440
4265054,4265054,5000440
4265628,4265628,5000440
4265782,4265782,5000440
4265855,4265855,5000440
4266214,4266214,5000440
4266346,4266346,5000440
4267022,4267022,5000440
4267709,4267709,5000440
4267843,4267843,5000440
4267921,4267921,5000440
4268122,4268122,5000440
4268452,4268452,5000440
4268664,4268664,5000440
4268748,4268748,5000440
4268795,4268795,5000440
4268858,4268858,5000440
4269347,4269347,5000440
4269631,4269631,5000440
4269895,4269895,5000440
4270090,4270090,5000440
4271810,4271810,5000440
4272038,4272038,5000440
4272170,4272170,5000440
4272474,4272474,5000440
4272484,4272484,5000440
4272568,4272568,5000440
4272722,4272722,5000440
4272727,4272727,5000440
4272906,4272906,5000440
4273272,4273272,5000440
4273788,4273788,5000440
4273870,4273870,5000440
4274100,4274100,5000440
4274116,4274116,5000440
4274292,4274292,5000440
4274367,4274367,5000440
4274869,4274869,5000440
4274879,4274879,5000440
4275365,4275365,5000440
4275414,4275414,5000440
4275520,4275520,5000440
4275960,4275960,5000440
4275999,4275999,5000440
4276212,4276212,5000440
4276399,4276399,5000440
4276934,4276934,5000440
4276946,4276946,5000440
4277160,4277160,5000440
4277551,4277551,5000440
4277595,4277595,5000440
4277607,4277607,5000440
4277721,4277721,5000440
4277825,4277825,5000440
4277889,4277889,5000440
4277959,4277959,5000440
4278406,4278406,5000440
4278487,4278487,5000440
4278696,4278696,5000440
4279693,4279693,5000440
4279694,4279694,5000440
4279716,4279716,5000440
4279939,4279939,5000440
4280158,4280158,5000440
4280358,4280358,5000440
4280551,4280551,5000440
4280697,4280697,5000440
4281111,4281111,5000440
4281200,4281200,5000440
4281472,4281472,5000440
4281583,4281583,5000440
4281841,4281841,5000440
4282285,4282285,5000440
4282397,4282397,5000440
4283362,4283362,5000440
4283441,4283441,5000440
4283475,4283475,5000440
4283591,4283591,5000440
4283636,4283636,5000440
4283723,4283723,5000440
4284168,4284168,5000440
4284176,4284176,5000440
4284297,4284297,5000440
4284408,4284408,5000440
4284508,4284508,5000440
4284537,4284537,5000440
4285073,4285073,5000440
4285211,4285211,5000440
4285262,4285262,5000440
4285348,4285348,5000440
4285874,4285874,5000440
4285936,4285936,5000440
4286104,4286104,5000440
4286541,4286541,5000440
4286647,4286647,5000440
4286816,4286816,5000440
4287305,4287305,5000440
4287380,4287380,5000440
4288206,4288206,5000440
4288248,4288248,5000440
4288349,4288349,5000440
4289002,4289002,5000440
4289017,4289017,5000440
4289187,4289187,5000440
4289224,4289224,5000440
4289439,4289439,5000440
4289702,4289702,5000440
4290210,4290210,5000440
4290413,4290413,5000440
4290450,4290450,5000440
4291139,4291139,5000440
4291159,4291159,5000440
4291165,4291165,5000440
4291352,4291352,5000440
4291660,4291660,5000440
4292250,4292250,5000440
4292580,4292580,5000440
4293152,4293152,5000440
4293562,4293562,5000440
4293786,4293786,5000440
4294250,4294250,5000440
4294292,4294292,5000440
4294329,4294329,5000440
4294392,4294392,5000440
4294547,4294547,5000440
4294682,4294682,5000440
4295089,4295089,5000440
4295327,4295327,5000440
4295502,4295502,5000440
4296381,4296381,5000440
4296461,4296461,5000440
4296530,4296530,5000440
4297530,4297530,5000440
4297697,4297697,5000440
4297899,4297899,5000440
4297945,4297945,5000440
4298084,4298084,5000440
4298738,4298738,5000440
4298783,4298783,5000440
4299342,4299342,5000440
4299722,4299722,5000440
4300051,4300051,5000440
4300339,4300339,5000440
4300384,4300384,5000440
4301182,4301182,5000440
4302118,4302118,5000440
4302210,4302210,5000440
4302616,4302616,5000440
4302673,4302673,5000440
4302781,4302781,5000440
4302943,4302943,5000440
4303246,4303246,5000440
4303282,4303282,5000440
4303660,4303660,5000440
4303850,4303850,5000440
4304216,4304216,5000440
4304458,4304458,5000440
4304508,4304508,5000440
4304677,4304677,5000440
4304814,4304814,5000440
4304868,4304868,5000440
4305281,4305281,5000440
4305951,4305951,5000440
4306107,4306107,5000440
4306556,4306556,5000440
4306675,4306675,5000440
4307221,4307221,5000440
4307492,4307492,5000440
4307623,4307623,5000440
4307690,4307690,5000440
4307864,4307864,5000440
4308080,4308080,5000440
4308170,4308170,5000440
4308315,4308315,5000440
4308348,4308348,5000440
4308552,4308552,5000440
4308813,4308813,5000440
4308941,4308941,5000440
4309085,4309085,5000440
4309208,4309208,5000440
4309235,4309235,5000440
4309848,4309848,5000440
4309852,4309852,5000440
4309904,4309904,5000440
4310073,4310073,5000440
4310299,4310299,5000440
4310520,4310520,5000440
4310601,4310601,5000440
4310668,4310668,5000440
4310832,4310832,5000440
4311106,4311106,5000440
4311161,4311161,5000440
4311281,4311281,5000440
4311402,4311402,5000440
4311411,4311411,5000440
4311654,4311654,5000440
4311688,4311688,5000440
4311806,4311806,5000440
4311892,4311892,5000440
4311976,4311976,5000440
4312187,4312187,5000440
4312259,4312259,5000440
4312914,4312914,5000440
4313619,4313619,5000440
4314255,4314255,5000440
4314304,4314304,5000440
4314417,4314417,5000440
4314418,4314418,5000440
4314425,4314425,5000440
4314907,4314907,5000440
4314949,4314949,5000440
4314964,4314964,5000440
4315277,4315277,5000440
4315308,4315308,5000440
4315617,4315617,5000440
4316312,4316312,5000440
4317029,4317029,5000440
4317095,4317095,5000440
4317196,4317196,5000440
4317241,4317241,5000440
4317417,4317417,5000440
4317790,4317790,5000440
4318014,4318014,5000440
4318064,4318064,5000440
4318290,4318290,5000440
4318626,4318626,5000440
4318799,4318799,5000440
4318995,4318995,5000440
4319004,4319004,5000440
4319550,4319550,5000440
4319651,4319651,5000440
4319846,4319846,5000440
4320255,4320255,5000440
4320455,4320455,5000440
4320810,4320810,5000440
4321065,4321065,5000440
4321071,4321071,5000440
4321073,4321073,5000440
4321166,4321166,5000440
4321449,4321449,5000440
4321706,4321706,5000440
4321782,4321782,5000440
4321836,4321836,5000440
4322264,4322264,5000440
4322451,4322451,5000440
4323178,4323178,5000440
4323634,4323634,5000440
4323637,4323637,5000440
4323785,4323785,5000440
4323962,4323962,5000440
4323984,4323984,5000440
4324503,4324503,5000440
4325329,4325329,5000440
4325662,4325662,5000440
4326227,4326227,5000440
4326249,4326249,5000440
4326367,4326367,5000440
4326801,4326801,5000440
4326928,4326928,5000440
4327047,4327047,5000440
4327350,4327350,5000440
4327450,4327450,5000440
4327890,4327890,5000440
4328153,4328153,5000440
4328243,4328243,5000440
4328658,4328658,5000440
4329185,4329185,5000440
4329398,4329398,5000440
4329580,4329580,5000440
4329612,4329612,5000440
4329840,4329840,5000440
4330140,4330140,5000440
4330999,4330999,5000440
4331053,4331053,5000440
4331065,4331065,5000440
4331314,4331314,5000440
4331445,4331445,5000440
4331456,4331456,5000440
4332328,4332328,5000440
4333306,4333306,5000440
4333319,4333319,5000440
4333392,4333392,5000440
4333402,4333402,5000440
4333773,4333773,5000440
4333875,4333875,5000440
4333986,4333986,5000440
4334260,4334260,5000440
4334476,4334476,5000440
4334596,4334596,5000440
4335008,4335008,5000440
4335017,4335017,5000440
4335111,4335111,5000440
4335278,4335278,5000440
4335829,4335829,5000440
4336001,4336001,5000440
4336031,4336031,5000440
4336153,4336153,5000440
4336185,4336185,5000440
4336532,4336532,5000440
4336670,4336670,5000440
4336950,4336950,5000440
4337760,4337760,5000440
4337912,4337912,5000440
4338904,4338904,5000440
4339936,4339936,5000440
4340036,4340036,5000440
4340041,4340041,5000440
4340102,4340102,5000440
4340487,4340487,5000440
4340809,4340809,5000440
4340916,4340916,5000440
4340982,4340982,5000440
4341553,4341553,5000440
4341778,4341778,5000440
4341914,4341914,5000440
4342017,4342017,5000440
4342250,4342250,5000440
4342800,4342800,5000440
4342989,4342989,5000440
4343087,4343087,5000440
4343124,4343124,5000440
4343292,4343292,5000440
4343322,4343322,5000440
4343635,4343635,5000440
4343653,4343653,5000440
4344731,4344731,5000440
4345138,4345138,5000440
4345771,4345771,5000440
4345845,4345845,5000440
4346029,4346029,5000440
4346057,4346057,5000440
4346170,4346170,5000440
4346228,4346228,5000440
4346256,4346256,5000440
4346376,4346376,5000440
4347099,4347099,5000440
4348181,4348181,5000440
4348265,4348265,5000440
4348701,4348701,5000440
4348900,4348900,5000440
4349241,4349241,5000440
4349833,4349833,5000440
4350009,4350009,5000440
4350100,4350100,5000440
4350404,4350404,5000440
4350484,4350484,5000440
4351027,4351027,5000440
4351072,4351072,5000440
4351249,4351249,5000440
4351499,4351499,5000440
4351663,4351663,5000440
4351684,4351684,5000440
4352336,4352336,5000440
4352620,4352620,5000440
4352678,4352678,5000440
4353103,4353103,5000440
4353239,4353239,5000440
4353350,4353350,5000440
4354111,4354111,5000440
4354326,4354326,5000440
4354552,4354552,5000440
4355055,4355055,5000440
4355154,4355154,5000440
4355239,4355239,5000440
4355305,4355305,5000440
4355624,4355624,5000440
4355981,4355981,5000440
4356119,4356119,5000440
4356160,4356160,5000440
4356180,4356180,5000440
4356194,4356194,5000440
4356271,4356271,5000440
4356321,4356321,5000440
4356826,4356826,5000440
4356959,4356959,5000440
4357575,4357575,5000440
4357616,4357616,5000440
4357878,4357878,5000440
4358006,4358006,5000440
4358423,4358423,5000440
4359083,4359083,5000440
4359586,4359586,5000440
4359681,4359681,5000440
4359950,4359950,5000440
4360197,4360197,5000440
4360817,4360817,5000440
4361035,4361035,5000440
4361117,4361117,5000440
4361278,4361278,5000440
4361412,4361412,5000440
4361645,4361645,5000440
4361858,4361858,5000440
4362151,4362151,5000440
4362275,4362275,5000440
4362279,4362279,5000440
4362594,4362594,5000440
4362838,4362838,5000440
4363165,4363165,5000440
4363234,4363234,5000440
4363335,4363335,5000440
4363867,4363867,5000440
4364180,4364180,5000440
4364180,4364180,5000440
4364440,4364440,5000440
4364934,4364934,5000440
4365906,4365906,5000440
4366004,4366004,5000440
4366053,4366053,5000440
4366725,4366725,5000440
4366827,4366827,5000440
4366937,4366937,5000440
4367281,4367281,5000440
4367678,4367678,5000440
4367710,4367710,5000440
4367875,4367875,5000440
4367980,4367980,5000440
4368964,4368964,5000440
4369106,4369106,5000440
4369194,4369194,5000440
4369269,4369269,5000440
4369394,4369394,5000440
4369424,4369424,5000440
4369528,4369528,5000440
4369629,4369629,5000440
4369753,4369753,5000440
4370300,4370300,5000440
4370533,4370533,5000440
4370539,4370539,5000440
4370633,4370633,5000440
4370829,4370829,5000440
4371957,4371957,5000440
4372049,4372049,5000440
4372578,4372578,5000440
4372713,4372713,5000440
4373145,4373145,5000440
4373303,4373303,5000440
4373475,4373475,5000440
4373560,4373560,5000440
4373626,4373626,5000440
4374126,4374126,5000440
4374142,4374142,5000440
4375090,4375090,5000440
4375167,4375167,5000440
4375274,4375274,5000440
4375379,4375379,5000440
4375437,4375437,5000440
4375649,4375649,5000440
4376044,4376044,5000440
4376614,4376614,5000440
4376762,4376762,5000440
4376779,4376779,5000440
4377642,4377642,5000440
4377676,4377676,5000440
4377739,4377739,5000440
4377858,4377858,5000440
4378048,4378048,5000440
4378061,4378061,5000440
4378074,4378074,5000440
4378269,4378269,5000440
4378893,4378893,5000440
4379011,4379011,5000440
4379266,4379266,5000440
4379349,4379349,5000440
4379767,4379767,5000440
4379804,4379804,5000440
4379812,4379812,5000440
4380040,4380040,5000440
4380057,4380057,5000440
4380190,4380190,5000440
4380360,4380360,5000440
4380366,4380366,5000440
4380419,4380419,5000440
4380484,4380484,5000440
4381231,4381231,5000440
4381277,4381277,5000440
4381472,4381472,5000440
4381705,4381705,5000440
4381758,4381758,5000440
4381790,4381790,5000440
4381965,4381965,5000440
4382178,4382178,5000440
4382580,4382580,5000440
4382886,4382886,5000440
4383162,4383162,5000440
4383633,4383633,5000440
4384379,4384379,5000440
4384752,4384752,5000440
4384792,4384792,5000440
4384826,4384826,5000440
4384861,4384861,5000440
4384892,4384892,5000440
4385050,4385050,5000440
4385164,4385164,5000440
4385834,4385834,5000440
4386478,4386478,5000440
4386880,4386880,5000440
4386927,4386927,5000440
4387150,4387150,5000440
4387581,4387581,5000440
4387765,4387765,5000440
4388085,4388085,5000440
4388536,4388536,5000440
4388913,4388913,5000440
4388931,4388931,5000440
4389114,4389114,5000440
4389195,4389195,5000440
4389329,4389329,5000440
4389574,4389574,5000440
4389940,4389940,5000440
4390065,4390065,5000440
4390424,4390424,5000440
4390488,4390488,5000440
4391088,4391088,5000440
4391089,4391089,5000440
4391183,4391183,5000440
4391198,4391198,5000440
4391422,4391422,5000440
4391720,4391720,5000440
4391742,4391742,5000440
4391915,4391915,5000440
4392011,4392011,5000440
4392344,4392344,5000440
4392537,4392537,5000440
4392739,4392739,5000440
4392898,4392898,5000440
4393035,4393035,5000440
4393050,4393050,5000440
4393093,4393093,5000440
4393149,4393149,5000440
4393434,4393434,5000440
4393969,4393969,5000440
4394439,4394439,5000440
4394635,4394635,5000440
4394660,4394660,5000440
4394887,4394887,5000440
4395177,4395177,5000440
4395536,4395536,5000440
4396016,4396016,5000440
4396026,4396026,5000440
4396100,4396100,5000440
4396125,4396125,5000440
4396342,4396342,5000440
4396639,4396639,5000440
4396783,4396783,5000440
4396822,4396822,5000440
4397040,4397040,5000440
4397060,4397060,5000440
4397177,4397177,5000440
4397562,4397562,5000440
4397613,4397613,5000440
4397701,4397701,5000440
4398351,4398351,5000440
4398387,4398387,5000440
4398396,4398396,5000440
4398574,4398574,5000440
4398661,4398661,5000440
4399025,4399025,5000440
4399153,4399153,5000440
4399412,4399412,5000440
4399455,4399455,5000440
4399764,4399764,5000440
4399770,4399770,5000440
4400187,4400187,5000440
4400721,4400721,5000440
4401117,4401117,5000440
4401217,4401217,5000440
4401255,4401255,5000440
4401439,4401439,5000440
4401910,4401910,5000440
4402052,4402052,5000440
4402065,4402065,5000440
4402207,4402207,5000440
4402663,4402663,5000440
4402867,4402867,5000440
4402924,4402924,5000440
4402963,4402963,5000440
4403394,4403394,5000440
4403745,4403745,5000440
4403857,4403857,5000440
4404381,4404381,5000440
4404779,4404779,5000440
4405923,4405923,5000440
4406382,4406382,5000440
4406703,4406703,5000440
4406830,4406830,5000440
4406946,4406946,5000440
4406948,4406948,5000440
4407406,4407406,5000440
4407763,4407763,5000440
4407791,4407791,5000440
4407887,4407887,5000440
4408178,4408178,5000440
4408692,4408692,5000440
4408791,4408791,5000440
4408835,4408835,5000440
4408971,4408971,5000440
4409050,4409050,5000440
4409095,4409095,5000440
4409313,4409313,5000440
4409314,4409314,5000440
4409383,4409383,5000440
4409543,4409543,5000440
4409817,4409817,5000440
4409836,4409836,5000440
4410101,4410101,5000440
4410179,4410179,5000440
4410202,4410202,5000440
4410262,4410262,5000440
4410278,4410278,5000440
4410741,4410741,5000440
4411043,4411043,5000440
4411300,4411300,5000440
4411483,4411483,5000440
4411861,4411861,5000440
4412115,4412115,5000440
4412429,4412429,5000440
4412640,4412640,5000440
4412703,4412703,5000440
4412713,4412713,5000440
4412813,4412813,5000440
4412858,4412858,5000440
4413951,4413951,5000440
4414143,4414143,5000440
4414418,4414418,5000440
4414693,4414693,5000440
4414954,4414954,5000440
4414976,4414976,5000440
4414985,4414985,5000440
4415067,4415067,5000440
4415182,4415182,5000440
4415251,4415251,5000440
4415306,4415306,5000440
4415487,4415487,5000440
4415672,4415672,5000440
4416277,4416277,5000440
4416460,4416460,5000440
4416671,4416671,5000440
4416976,4416976,5000440
4417142,4417142,5000440
4417660,4417660,5000440
4417687,4417687,5000440
4417707,4417707,5000440
4417717,4417717,5000440
4417779,4417779,5000440
4419127,4419127,5000440
4419822,4419822,5000440
4419937,4419937,5000440
4420064,4420064,5000440
4420273,4420273,5000440
4420549,4420549,5000440
4420888,4420888,5000440
4421293,4421293,5000440
4421305,4421305,5000440
4421528,4421528,5000440
4421732,4421732,5000440
4421838,4421838,5000440
4421943,4421943,5000440
4422197,4422197,5000440
4422750,4422750,5000440
4422890,4422890,5000440
4422950,4422950,5000440
4423071,4423071,5000440
4423678,4423678,5000440
4423841,4423841,5000440
4424032,4424032,5000440
4424279,4424279,5000440
4424303,4424303,5000440
4424372,4424372,5000440
4424801,4424801,5000440
4425120,4425120,5000440
4425128,4425128,5000440
4425221,4425221,5000440
4425263,4425263,5000440
4425415,4425415,5000440
4426572,4426572,5000440
4426584,4426584,5000440
4427045,4427045,5000440
4427171,4427171,5000440
4427763,4427763,5000440
4428019,4428019,5000440
4428170,4428170,5000440
4428333,4428333,5000440
4428341,4428341,5000440
4428684,4428684,5000440
4429267,4429267,5000440
4429294,4429294,5000440
4429465,4429465,5000440
4429779,4429779,5000440
4430321,4430321,5000440
4430435,4430435,5000440
4430753,4430753,5000440
4430814,4430814,5000440
4430897,4430897,5000440
4430936,4430936,5000440
4430945,4430945,5000440
4431375,4431375,5000440
4432687,4432687,5000440
4432857,4432857,5000440
4433064,4433064,5000440
4433145,4433145,5000440
4433192,4433192,5000440
4433296,4433296,5000440
4434072,4434072,5000440
4434493,4434493,5000440
4434635,4434635,5000440
4434798,4434798,5000440
4436463,4436463,5000440
4436706,4436706,5000440
4436860,4436860,5000440
4437128,4437128,5000440
4437308,4437308,5000440
4437442,4437442,5000440
4437631,4437631,5000440
4437645,4437645,5000440
4437861,4437861,5000440
4438036,4438036,5000440
4438849,4438849,5000440
4438925,4438925,5000440
4439051,4439051,5000440
4441354,4441354,5000440
4441440,4441440,5000440
4441461,4441461,5000440
4441498,4441498,5000440
4442146,4442146,5000440
4442323,4442323,5000440
4442687,4442687,5000440
4443083,4443083,5000440
4443261,4443261,5000440
4443320,4443320,5000440
4443338,4443338,5000440
4443435,4443435,5000440
4443727,4443727,5000440
4444172,4444172,5000440
4444530,4444530,5000440
4444605,4444605,5000440
4445180,4445180,5000440
4445881,4445881,5000440
4446119,4446119,5000440
4446164,4446164,5000440
4446417,4446417,5000440
4446505,4446505,5000440
4447131,4447131,5000440
4448041,4448041,5000440
4448799,4448799,5000440
4449619,4449619,5000440
4449688,4449688,5000440
4449762,4449762,5000440
4449891,4449891,5000440
4449924,4449924,5000440
4450224,4450224,5000440
4450701,4450701,5000440
4451052,4451052,5000440
4451079,4451079,5000440
4451564,4451564,5000440
4452105,4452105,5000440
4452953,4452953,5000440
4454064,4454064,5000440
4454100,4454100,5000440
4454108,4454108,5000440
4454436,4454436,5000440
4454662,4454662,5000440
4455443,4455443,5000440
4455571,4455571,5000440
4455625,4455625,5000440
4455796,4455796,5000440
4456149,4456149,5000440
4456415,4456415,5000440
4456491,4456491,5000440
4457125,4457125,5000440
4457400,4457400,5000440
4457664,4457664,5000440
4457709,4457709,5000440
4458174,4458174,5000440
4458215,4458215,5000440
4458379,4458379,5000440
4458617,4458617,5000440
4458908,4458908,5000440
4459394,4459394,5000440
4459441,4459441,5000440
4459753,4459753,5000440
4459773,4459773,5000440
4460163,4460163,5000440
4460435,4460435,5000440
4460688,4460688,5000440
4460689,4460689,5000440
4460959,4460959,5000440
4460986,4460986,5000440
4461279,4461279,5000440
4461429,4461429,5000440
4461603,4461603,5000440
4462109,4462109,5000440
4463137,4463137,5000440
4463267,4463267,5000440
4463286,4463286,5000440
4463534,4463534,5000440
4463968,4463968,5000440
4464049,4464049,5000440
4464241,4464241,5000440
4464409,4464409,5000440
4464759,4464759,5000440
4465001,4465001,5000440
4465323,4465323,5000440
4465744,4465744,5000440
4466620,4466620,5000440
4466818,4466818,5000440
4467135,4467135,5000440
4467250,4467250,5000440
4467518,4467518,5000440
4467675,4467675,5000440
4467781,4467781,5000440
4467931,4467931,5000440
4468378,4468378,5000440
4468441,4468441,5000440
4469032,4469032,5000440
4469657,4469657,5000440
4469698,4469698,5000440
4469701,4469701,5000440
4469935,4469935,5000440
4470306,4470306,5000440
4470339,4470339,5000440
4470598,4470598,5000440
4470625,4470625,5000440
4471369,4471369,5000440
4471766,4471766,5000440
4471975,4471975,5000440
4472017,4472017,5000440
4472063,4472063,5000440
4472382,4472382,5000440
4472650,4472650,5000440
4473553,4473553,5000440
4473561,4473561,5000440
4473575,4473575,5000440
4473994,4473994,5000440
4474160,4474160,5000440
4474284,4474284,5000440
4474324,4474324,5000440
4474620,4474620,5000440
4475623,4475623,5000440
4475717,4475717,5000440
4476211,4476211,5000440
4476635,4476635,5000440
4476937,4476937,5000440
4477264,4477264,5000440
4477550,4477550,5000440
4477637,4477637,5000440
4477868,4477868,5000440
4477962,4477962,5000440
4477993,4477993,5000440
4478074,4478074,5000440
4478455,4478455,5000440
4478962,4478962,5000440
4479217,4479217,5000440
4479232,4479232,5000440
4479619,4479619,5000440
4479908,4479908,5000440
4480543,4480543,5000440
4480683,4480683,5000440
4480813,4480813,5000440
4480919,4480919,5000440
4481249,4481249,5000440
4481379,4481379,5000440
4481410,4481410,5000440
4481934,4481934,5000440
4482230,4482230,5000440
4482390,4482390,5000440
4482487,4482487,5000440
4482859,4482859,5000440
4483304,4483304,5000440
4483482,4483482,5000440
4483569,4483569,5000440
4483852,4483852,5000440
4483930,4483930,5000440
4484066,4484066,5000440
4484110,4484110,5000440
4484304,4484304,5000440
4484688,4484688,5000440
4484794,4484794,5000440
4485081,4485081,5000440
4485180,4485180,5000440
4485411,4485411,5000440
4485536,4485536,5000440
4485625,4485625,5000440
4485944,4485944,5000440
4486035,4486035,5000440
4486119,4486119,5000440
4486162,4486162,5000440
4486688,4486688,5000440
4486901,4486901,5000440
4487352,4487352,5000440
4488434,4488434,5000440
4488551,4488551,5000440
4488602,4488602,5000440
4488856,4488856,5000440
4489617,4489617,5000440
4489742,4489742,5000440
4490049,4490049,5000440
4490082,4490082,5000440
4490449,4490449,5000440
4490464,4490464,5000440
4490796,4490796,5000440
4491070,4491070,5000440
4491607,4491607,5000440
4491644,4491644,5000440
4491813,4491813,5000440
4492307,4492307,5000440
4492651,4492651,5000440
4493168,4493168,5000440
4493245,4493245,5000440
4493378,4493378,5000440
4494028,4494028,5000440
4494136,4494136,5000440
4494174,4494174,5000440
4494379,4494379,5000440
4494826,4494826,5000440
4495246,4495246,5000440
4495320,4495320,5000440
4495559,4495559,5000440
4495666,4495666,5000440
4495785,4495785,5000440
4495799,4495799,5000440
4496077,4496077,5000440
4496288,4496288,5000440
4496311,4496311,5000440
4496695,4496695,5000440
4496731,4496731,5000440
4496825,4496825,5000440
4496844,4496844,5000440
4497172,4497172,5000440
4497282,4497282,5000440
4497478,4497478,5000440
4497580,4497580,5000440
4497645,4497645,5000440
4497855,4497855,5000440
4498121,4498121,5000440
4498281,4498281,5000440
4498401,4498401,5000440
4498802,4498802,5000440
4498825,4498825,5000440
4498971,4498971,5000440
4499084,4499084,5000440
4499838,4499838,5000440
4500008,4500008,5000440
4500309,4500309,5000440
4500352,4500352,5000440
4500792,4500792,5000440
4500972,4500972,5000440
4501161,4501161,5000440
4501244,4501244,5000440
4501380,4501380,5000440
4501896,4501896,5000440
4502250,4502250,5000440
4503232,4503232,5000440
4503234,4503234,5000440
4503352,4503352,5000440
4503628,4503628,5000440
4503638,4503638,5000440
4504059,4504059,5000440
4504290,4504290,5000440
4504671,4504671,5000440
4505178,4505178,5000440
4505217,4505217,5000440
4505434,4505434,5000440
4505536,4505536,5000440
4506198,4506198,5000440
4507261,4507261,5000440
4507450,4507450,5000440
4507551,4507551,5000440
4508008,4508008,5000440
4508220,4508220,5000440
4508342,4508342,5000440
4508748,4508748,5000440
4509091,4509091,5000440
4509482,4509482,5000440
4509500,4509500,5000440
4509797,4509797,5000440
4510108,4510108,5000440
4510642,4510642,5000440
4510889,4510889,5000440
4510908,4510908,5000440
4510929,4510929,5000440
4511218,4511218,5000440
4511225,4511225,5000440
4511672,4511672,5000440
4512055,4512055,5000440
4512633,4512633,5000440
4512712,4512712,5000440
4512983,4512983,5000440
4513301,4513301,5000440
4513315,4513315,5000440
4513408,4513408,5000440
4513450,4513450,5000440
4513486,4513486,5000440
4513538,4513538,5000440
4513736,4513736,5000440
4513752,4513752,5000440
4513780,4513780,5000440
4513835,4513835,5000440
4514296,4514296,5000440
4514939,4514939,5000440
4515370,4515370,5000440
4515383,4515383,5000440
4515526,4515526,5000440
4515556,4515556,5000440
4515816,4515816,5000440
4515884,4515884,5000440
4516671,4516671,5000440
4516934,4516934,5000440
4517001,4517001,5000440
4517148,4517148,5000440
4517316,4517316,5000440
4517330,4517330,5000440
4517706,4517706,5000440
4517719,4517719,5000440
4518021,4518021,5000440
4518048,4518048,5000440
4518335,4518335,5000440
4518670,4518670,5000440
4518684,4518684,5000440
4518954,4518954,5000440
4519677,4519677,5000440
4519776,4519776,5000440
4520380,4520380,5000440
4520426,4520426,5000440
4520840,4520840,5000440
4520978,4520978,5000440
4520981,4520981,5000440
4521177,4521177,5000440
4521269,4521269,5000440
4521393,4521393,5000440
4521712,4521712,5000440
4521742,4521742,5000440
4521959,4521959,5000440
4522338,4522338,5000440
4522916,4522916,5000440
4523253,4523253,5000440
4523614,4523614,5000440
4523618,4523618,5000440
4523890,4523890,5000440
4524198,4524198,5000440
4524389,4524389,5000440
4524478,4524478,5000440
4525083,4525083,5000440
4525175,4525175,5000440
4525932,4525932,5000440
4526006,4526006,5000440
4526138,4526138,5000440
4526314,4526314,5000440
4526611,4526611,5000440
4526851,4526851,5000440
4526857,4526857,5000440
4527559,4527559,5000440
4527625,4527625,5000440
4527709,4527709,5000440
4528071,4528071,5000440
4528073,4528073,5000440
4528087,4528087,5000440
4528403,4528403,5000440
4528525,4528525,5000440
4528535,4528535,5000440
4528638,4528638,5000440
4528687,4528687,5000440
4529048,4529048,5000440
4529220,4529220,5000440
4530012,4530012,5000440
4530030,4530030,5000440
4530347,4530347,5000440
4530411,4530411,5000440
4531117,4531117,5000440
4531350,4531350,5000440
4531387,4531387,5000440
4532153,4532153,5000440
4532165,4532165,5000440
4532428,4532428,5000440
4532818,4532818,5000440
4532868,4532868,5000440
4532962,4532962,5000440
4533352,4533352,5000440
4533576,4533576,5000440
4533598,4533598,5000440
4533731,4533731,5000440
4533798,4533798,5000440
4533954,4533954,5000440
4534053,4534053,5000440
4534140,4534140,5000440
4534145,4534145,5000440
4534437,4534437,5000440
4534614,4534614,5000440
4534900,4534900,5000440
4534949,4534949,5000440
4534979,4534979,5000440
4535364,4535364,5000440
4535432,4535432,5000440
4535626,4535626,5000440
4536282,4536282,5000440
4536306,4536306,5000440
4536587,4536587,5000440
4536886,4536886,5000440
4537940,4537940,5000440
4538054,4538054,5000440
4538213,4538213,5000440
4538271,4538271,5000440
4538457,4538457,5000440
4538522,4538522,5000440
4538563,4538563,5000440
4538944,4538944,5000440
4538976,4538976,5000440
4539240,4539240,5000440
4539402,4539402,5000440
4539513,4539513,5000440
4540420,4540420,5000440
4540814,4540814,5000440
4540845,4540845,5000440
4541002,4541002,5000440
4541137,4541137,5000440
4541420,4541420,5000440
4541816,4541816,5000440
4541878,4541878,5000440
4541990,4541990,5000440
4542078,4542078,5000440
4542171,4542171,5000440
4542964,4542964,5000440
4543240,4543240,5000440
4543262,4543262,5000440
4543305,4543305,5000440
4543527,4543527,5000440
4543655,4543655,5000440
4543670,4543670,5000440
4543784,4543784,5000440
4543876,4543876,5000440
4543951,4543951,5000440
4544234,4544234,5000440
4544244,4544244,5000440
4544645,4544645,5000440
4544690,4544690,5000440
4544776,4544776,5000440
4544811,4544811,5000440
4544933,4544933,5000440
4545231,4545231,5000440
4545487,4545487,5000440
4545658,4545658,5000440
4546229,4546229,5000440
4546540,4546540,5000440
4546808,4546808,5000440
4547069,4547069,5000440
4547667,4547667,5000440
4547717,4547717,5000440
4548341,4548341,5000440
4548450,4548450,5000440
4548497,4548497,5000440
4548615,4548615,5000440
4549228,4549228,5000440
4549333,4549333,5000440
4549960,4549960,5000440
4549993,4549993,5000440
4550112,4550112,5000440
4550179,4550179,5000440
4550208,4550208,5000440
4550349,4550349,5000440
4551059,4551059,5000440
4551313,4551313,5000440
4551906,4551906,5000440
4552225,4552225,5000440
4552299,4552299,5000440
4552809,4552809,5000440
4552842,4552842,5000440
4553031,4553031,5000440
4553057,4553057,5000440
4553096,4553096,5000440
4553161,4553161,5000440
4553398,4553398,5000440
4553803,4553803,5000440
4554311,4554311,5000440
4554463,4554463,5000440
4554711,4554711,5000440
4554775,4554775,5000440
4554839,4554839,5000440
4554850,4554850,5000440
4555014,4555014,5000440
4555026,4555026,5000440
4555027,4555027,5000440
4555074,4555074,5000440
4555264,4555264,5000440
4555522,4555522,5000440
4555537,4555537,5000440
4555552,4555552,5000440
4555620,4555620,5000440
4555660,4555660,5000440
4555951,4555951,5000440
4556247,4556247,5000440
4556293,4556293,5000440
4556369,4556369,5000440
4556949,4556949,5000440
4557215,4557215,5000440
4557279,4557279,5000440
4557845,4557845,5000440
4558371,4558371,5000440
4558525,4558525,5000440
4558617,4558617,5000440
4558784,4558784,5000440
4559079,4559079,5000440
4559236,4559236,5000440
4559392,4559392,5000440
4559434,4559434,5000440
4559562,4559562,5000440
4559638,4559638,5000440
4559642,4559642,5000440
4559672,4559672,5000440
4560030,4560030,5000440
4560156,4560156,5000440
4560285,4560285,5000440
4560443,4560443,5000440
4560627,4560627,5000440
4561205,4561205,5000440
4561269,4561269,5000440
4561438,4561438,5000440
4561798,4561798,5000440
4561844,4561844,5000440
4561976,4561976,5000440
4562025,4562025,5000440
4562138,4562138,5000440
4562292,4562292,5000440
4562779,4562779,5000440
4562882,4562882,5000440
4563008,4563008,5000440
4563024,4563024,5000440
4563058,4563058,5000440
4563709,4563709,5000440
4563818,4563818,5000440
4563906,4563906,5000440
4563984,4563984,5000440
4564039,4564039,5000440
4564057,4564057,5000440
4564205,4564205,5000440
4564346,4564346,5000440
4564817,4564817,5000440
4565079,4565079,5000440
4565553,4565553,5000440
4566223,4566223,5000440
4566535,4566535,5000440
4566635,4566635,5000440
4566701,4566701,5000440
4566784,4566784,5000440
4567077,4567077,5000440
4567122,4567122,5000440
4567483,4567483,5000440
4567636,4567636,5000440
4568568,4568568,5000440
4568600,4568600,5000440
4568769,4568769,5000440
4568826,4568826,5000440
4569014,4569014,5000440
4569055,4569055,5000440
4569220,4569220,5000440
4569225,4569225,5000440
4570362,4570362,5000440
4570759,4570759,5000440
4570899,4570899,5000440
4571299,4571299,5000440
4571542,4571542,5000440
4571656,4571656,5000440
4571752,4571752,5000440
4572389,4572389,5000440
4572861,4572861,5000440
4572897,4572897,5000440
4572981,4572981,5000440
4572996,4572996,5000440
4573194,4573194,5000440
4573316,4573316,5000440
4573419,4573419,5000440
4573470,4573470,5000440
4573946,4573946,5000440
4574006,4574006,5000440
4574175,4574175,5000440
4574261,4574261,5000440
4574379,4574379,5000440
4574565,4574565,5000440
4574646,4574646,5000440
4574708,4574708,5000440
4575114,4575114,5000440
4575217,4575217,5000440
4575342,4575342,5000440
4575439,4575439,5000440
4575507,4575507,5000440
4576152,4576152,5000440
4577144,4577144,5000440
4577214,4577214,5000440
4577244,4577244,5000440
4577292,4577292,5000440
4577359,4577359,5000440
4577776,4577776,5000440
4577802,4577802,5000440
4577805,4577805,5000440
4577896,4577896,5000440
4577949,4577949,5000440
4578058,4578058,5000440
4578468,4578468,5000440
4578613,4578613,5000440
4578733,4578733,5000440
4578886,4578886,5000440
4578968,4578968,5000440
4579145,4579145,5000440
4579285,4579285,5000440
4580670,4580670,5000440
4580755,4580755,5000440
4580962,4580962,5000440
4581071,4581071,5000440
4581505,4581505,5000440
4581514,4581514,5000440
4581903,4581903,5000440
4581917,4581917,5000440
4582033,4582033,5000440
4582427,4582427,5000440
4582741,4582741,5000440
4582905,4582905,5000440
4583038,4583038,5000440
4583339,4583339,5000440
4583345,4583345,5000440
4583492,4583492,5000440
4583735,4583735,5000440
4583770,4583770,5000440
4583799,4583799,5000440
4583851,4583851,5000440
4583996,4583996,5000440
4584089,4584089,5000440
4584970,4584970,5000440
4585054,4585054,5000440
4585136,4585136,5000440
4585552,4585552,5000440
4585615,4585615,5000440
4585916,4585916,5000440
4586674,4586674,5000440
4586686,4586686,5000440
4586925,4586925,5000440
4587007,4587007,5000440
4587012,4587012,5000440
4587083,4587083,5000440
4587234,4587234,5000440
4587558,4587558,5000440
4587942,4587942,5000440
4588020,4588020,5000440
4588038,4588038,5000440
4588310,4588310,5000440
4588345,4588345,5000440
4588425,4588425,5000440
4588640,4588640,5000440
4589152,4589152,5000440
4589166,4589166,5000440
4589264,4589264,5000440
4589400,4589400,5000440
4589451,4589451,5000440
4589546,4589546,5000440
4589554,4589554,5000440
4589721,4589721,5000440
4590086,4590086,5000440
4590110,4590110,5000440
4590172,4590172,5000440
4590934,4590934,5000440
4591122,4591122,5000440
4591383,4591383,5000440
4591389,4591389,5000440
4591479,4591479,5000440
4591513,4591513,5000440
4591664,4591664,5000440
4591699,4591699,5000440
4592197,4592197,5000440
4592480,4592480,5000440
4592722,4592722,5000440
4592723,4592723,5000440
4592963,4592963,5000440
4593469,4593469,5000440
4593574,4593574,5000440
4593657,4593657,5000440
4593825,4593825,5000440
4593859,4593859,5000440
4593889,4593889,5000440
4593901,4593901,5000440
4594026,4594026,5000440
4594601,4594601,5000440
4594727,4594727,5000440
4594805,4594805,5000440
4595050,4595050,5000440
4595105,4595105,5000440
4595162,4595162,5000440
4595218,4595218,5000440
4595631,4595631,5000440
4595827,4595827,5000440
4595923,4595923,5000440
4596190,4596190,5000440
4596232,4596232,5000440
4596262,4596262,5000440
4596767,4596767,5000440
4597165,4597165,5000440
4598070,4598070,5000440
4598231,4598231,5000440
4598259,4598259,5000440
4598275,4598275,5000440
4598508,4598508,5000440
4599000,4599000,5000440
4599178,4599178,5000440
4599478,4599478,5000440
4599754,4599754,5000440
4600104,4600104,5000440
4600273,4600273,5000440
4600498,4600498,5000440
4600650,4600650,5000440
4600896,4600896,5000440
4600950,4600950,5000440
4600952,4600952,5000440
4601203,4601203,5000440
4601347,4601347,5000440
4601407,4601407,5000440
4601439,4601439,5000440
4601954,4601954,5000440
4601967,4601967,5000440
4602083,4602083,5000440
4602180,4602180,5000440
4602309,4602309,5000440
4603152,4603152,5000440
4603162,4603162,5000440
4603226,4603226,5000440
4603322,4603322,5000440
4603901,4603901,5000440
4603917,4603917,5000440
4603933,4603933,5000440
4604761,4604761,5000440
4605216,4605216,5000440
4605887,4605887,5000440
4605988,4605988,5000440
4606139,4606139,5000440
4606318,4606318,5000440
4606323,4606323,5000440
4606437,4606437,5000440
4606837,4606837,5000440
4607115,4607115,5000440
4607632,4607632,5000440
4608151,4608151,5000440
4608321,4608321,5000440
4608446,4608446,5000440
4608490,4608490,5000440
4608735,4608735,5000440
4608791,4608791,5000440
4608844,4608844,5000440
4608905,4608905,5000440
4609516,4609516,5000440
4609569,4609569,5000440
4609594,4609594,5000440
4609712,4609712,5000440
4609732,4609732,5000440
4609964,4609964,5000440
4610274,4610274,5000440
4610425,4610425,5000440
4610653,4610653,5000440
4610734,4610734,5000440
4611766,4611766,5000440
4611797,4611797,5000440
4612204,4612204,5000440
4612340,4612340,5000440
4612472,4612472,5000440
4612840,4612840,5000440
4613203,4613203,5000440
4613259,4613259,5000440
4613275,4613275,5000440
4613544,4613544,5000440
4613707,4613707,5000440
4613719,4613719,5000440
4613849,4613849,5000440
4613993,4613993,5000440
4614392,4614392,5000440
4614918,4614918,5000440
4615032,4615032,5000440
4616074,4616074,5000440
4616105,4616105,5000440
4616441,4616441,5000440
4616774,4616774,5000440
4617002,4617002,5000440
4617354,4617354,5000440
4618010,4618010,5000440
4618112,4618112,5000440
4618444,4618444,5000440
4619960,4619960,5000440
4620238,4620238,5000440
4620246,4620246,5000440
4620621,4620621,5000440
4620701,4620701,5000440
4620972,4620972,5000440
4621093,4621093,5000440
4621503,4621503,5000440
4621815,4621815,5000440
4622467,4622467,5000440
4622663,4622663,5000440
4622693,4622693,5000440
4623155,4623155,5000440
4623187,4623187,5000440
4623398,4623398,5000440
4623565,4623565,5000440
4623681,4623681,5000440
4623739,4623739,5000440
4623923,4623923,5000440
4623955,4623955,5000440
4624056,4624056,5000440
4624078,4624078,5000440
4624528,4624528,5000440
4624696,4624696,5000440
4624942,4624942,5000440
4625413,4625413,5000440
4625841,4625841,5000440
4626232,4626232,5000440
4626362,4626362,5000440
4626380,4626380,5000440
4626385,4626385,5000440
4626699,4626699,5000440
4627391,4627391,5000440
4627592,4627592,5000440
4627672,4627672,5000440
4627686,4627686,5000440
4627899,4627899,5000440
4627935,4627935,5000440
4627974,4627974,5000440
4629056,4629056,5000440
4629209,4629209,5000440
4629383,4629383,5000440
4629482,4629482,5000440
4629597,4629597,5000440
4629876,4629876,5000440
4630199,4630199,5000440
4630705,4630705,5000440
4630739,4630739,5000440
4630844,4630844,5000440
4631089,4631089,5000440
4631988,4631988,5000440
4632408,4632408,5000440
4632415,4632415,5000440
4633022,4633022,5000440
4633412,4633412,5000440
4633611,4633611,5000440
4634261,4634261,5000440
4634951,4634951,5000440
4635092,4635092,5000440
4635334,4635334,5000440
4635513,4635513,5000440
4636049,4636049,5000440
4636426,4636426,5000440
4636558,4636558,5000440
4636947,4636947,5000440
4637037,4637037,5000440
4637475,4637475,5000440
4637795,4637795,5000440
4638070,4638070,5000440
4638207,4638207,5000440
4638210,4638210,5000440
4638357,4638357,5000440
4638782,4638782,5000440
4639486,4639486,5000440
4639518,4639518,5000440
4639527,4639527,5000440
4639875,4639875,5000440
4640030,4640030,5000440
4640078,4640078,5000440
4640207,4640207,5000440
4640242,4640242,5000440
4640246,4640246,5000440
4640385,4640385,5000440
4640416,4640416,5000440
4640515,4640515,5000440
4640786,4640786,5000440
4641614,4641614,5000440
4641638,4641638,5000440
4641785,4641785,5000440
4642211,4642211,5000440
4642257,4642257,5000440
4642533,4642533,5000440
4642936,4642936,5000440
4643343,4643343,5000440
4643666,4643666,5000440
4644076,4644076,5000440
4644424,4644424,5000440
4644932,4644932,5000440
4645480,4645480,5000440
4645831,4645831,5000440
4646038,4646038,5000440
4646143,4646143,5000440
4646806,4646806,5000440
4647223,4647223,5000440
4647558,4647558,5000440
4648177,4648177,5000440
4648303,4648303,5000440
4648442,4648442,5000440
4648589,4648589,5000440
4649239,4649239,5000440
4649547,4649547,5000440
4649674,4649674,5000440
4650362,4650362,5000440
4650901,4650901,5000440
4651081,4651081,5000440
4651132,4651132,5000440
4651291,4651291,5000440
4651359,4651359,5000440
4651371,4651371,5000440
4652021,4652021,5000440
4652693,4652693,5000440
4652892,4652892,5000440
4653009,4653009,5000440
4653876,4653876,5000440
4654173,4654173,5000440
4654345,4654345,5000440
4654696,4654696,5000440
4654768,4654768,5000440
4654796,4654796,5000440
4654801,4654801,5000440
4654823,4654823,5000440
4654941,4654941,5000440
4655061,4655061,5000440
4655404,4655404,5000440
4655561,4655561,5000440
4655722,4655722,5000440
4656155,4656155,5000440
4656613,4656613,5000440
4656616,4656616,5000440
4656758,4656758,5000440
4656900,4656900,5000440
4657098,4657098,5000440
4657620,4657620,5000440
4658032,4658032,5000440
4658125,4658125,5000440
4658351,4658351,5000440
4658377,4658377,5000440
4658532,4658532,5000440
4658600,4658600,5000440
4658621,4658621,5000440
4658631,4658631,5000440
4658694,4658694,5000440
4658710,4658710,5000440
4659112,4659112,5000440
4659733,4659733,5000440
4659738,4659738,5000440
4660042,4660042,5000440
4660138,4660138,5000440
4660343,4660343,5000440
4660457,4660457,5000440
4660894,4660894,5000440
4661357,4661357,5000440
4661571,4661571,5000440
4661715,4661715,5000440
4661730,4661730,5000440
4661788,4661788,5000440
4661818,4661818,5000440
4661839,4661839,5000440
4662202,4662202,5000440
4662418,4662418,5000440
4662419,4662419,5000440
4662497,4662497,5000440
4662945,4662945,5000440
4662975,4662975,5000440
4663118,4663118,5000440
4663253,4663253,5000440
4663863,4663863,5000440
4664411,4664411,5000440
4664516,4664516,5000440
4664773,4664773,5000440
4664941,4664941,5000440
4664953,4664953,5000440
4665509,4665509,5000440
4665784,4665784,5000440
4665851,4665851,5000440
4665959,4665959,5000440
4666226,4666226,5000440
4666359,4666359,5000440
4666947,4666947,5000440
4667362,4667362,5000440
4667409,4667409,5000440
4668301,4668301,5000440
4668951,4668951,5000440
4669034,4669034,5000440
4669149,4669149,5000440
4669286,4669286,5000440
4669310,4669310,5000440
4669372,4669372,5000440
4669381,4669381,5000440
4669463,4669463,5000440
4669897,4669897,5000440
4670206,4670206,5000440
4670265,4670265,5000440
4670361,4670361,5000440
4670415,4670415,5000440
4670490,4670490,5000440
4670648,4670648,5000440
4670816,4670816,5000440
4671516,4671516,5000440
4671706,4671706,5000440
4671762,4671762,5000440
4671823,4671823,5000440
4671845,4671845,5000440
4671863,4671863,5000440
4671895,4671895,5000440
4671991,4671991,5000440
4672120,4672120,5000440
4672122,4672122,5000440
4672124,4672124,5000440
4672583,4672583,5000440
4672701,4672701,5000440
4672814,4672814,5000440
4672879,4672879,5000440
4672992,4672992,5000440
4673219,4673219,5000440
4674239,4674239,5000440
4675843,4675843,5000440
4676076,4676076,5000440
4676100,4676100,5000440
4676245,4676245,5000440
4676345,4676345,5000440
4676948,4676948,5000440
4677338,4677338,5000440
4677820,4677820,5000440
4678000,4678000,5000440
4678017,4678017,5000440
4678263,4678263,5000440
4679053,4679053,5000440
4679572,4679572,5000440
4679714,4679714,5000440
4679779,4679779,5000440
4680070,4680070,5000440
4680254,4680254,5000440
4680264,4680264,5000440
4680293,4680293,5000440
4680417,4680417,5000440
4680903,4680903,5000440
4681008,4681008,5000440
4681051,4681051,5000440
4681192,4681192,5000440
4681198,4681198,5000440
4681456,4681456,5000440
4681583,4681583,5000440
4681696,4681696,5000440
4681744,4681744,5000440
4682393,4682393,5000440
4682397,4682397,5000440
4682733,4682733,5000440
4682808,4682808,5000440
4683232,4683232,5000440
4683404,4683404,5000440
4683625,4683625,5000440
4683728,4683728,5000440
4683939,4683939,5000440
4684228,4684228,5000440
4684350,4684350,5000440
4684357,4684357,5000440
4684907,4684907,5000440
4685402,4685402,5000440
4685553,4685553,5000440
4685729,4685729,5000440
4685877,4685877,5000440
4686134,4686134,5000440
4686302,4686302,5000440
4686430,4686430,5000440
4687203,4687203,5000440
4687716,4687716,5000440
4687976,4687976,5000440
4688224,4688224,5000440
4688590,4688590,5000440
4688832,4688832,5000440
4689021,4689021,5000440
4689075,4689075,5000440
4689143,4689143,5000440
4689320,4689320,5000440
4689349,4689349,5000440
4689782,4689782,5000440
4689856,4689856,5000440
4689991,4689991,5000440
4690129,4690129,5000440
4690405,4690405,5000440
4690478,4690478,5000440
4690502,4690502,5000440
4690912,4690912,5000440
4691380,4691380,5000440
4692021,4692021,5000440
4692100,4692100,5000440
4692175,4692175,5000440
4692263,4692263,5000440
4693123,4693123,5000440
4693189,4693189,5000440
4693716,4693716,5000440
4693766,4693766,5000440
4693868,4693868,5000440
4694019,4694019,5000440
4694639,4694639,5000440
4695012,4695012,5000440
4695275,4695275,5000440
4695380,4695380,5000440
4695529,4695529,5000440
4695747,4695747,5000440
4695885,4695885,5000440
4696190,4696190,5000440
4697284,4697284,5000440
4697462,4697462,5000440
4697769,4697769,5000440
4697905,4697905,5000440
4697914,4697914,5000440
4697936,4697936,5000440
4697969,4697969,5000440
4698202,4698202,5000440
4698210,4698210,5000440
4698250,4698250,5000440
4698390,4698390,5000440
4698489,4698489,5000440
4698805,4698805,5000440
4699002,4699002,5000440
4699348,4699348,5000440
4699457,4699457,5000440
4699536,4699536,5000440
4699869,4699869,5000440
4700818,4700818,5000440
4701006,4701006,5000440
4701089,4701089,5000440
4701757,4701757,5000440
4701823,4701823,5000440
4702305,4702305,5000440
4702391,4702391,5000440
4702724,4702724,5000440
4703088,4703088,5000440
4703153,4703153,5000440
4703678,4703678,5000440
4703860,4703860,5000440
4704045,4704045,5000440
4704166,4704166,5000440
4704368,4704368,5000440
4704482,4704482,5000440
4704783,4704783,5000440
4705328,4705328,5000440
4705503,4705503,5000440
4705931,4705931,5000440
4706121,4706121,5000440
4706460,4706460,5000440
4706658,4706658,5000440
4707332,4707332,5000440
4707670,4707670,5000440
4707689,4707689,5000440
4707817,4707817,5000440
4708367,4708367,5000440
4708397,4708397,5000440
4708629,4708629,5000440
4708641,4708641,5000440
4708803,4708803,5000440
4708810,4708810,5000440
4708869,4708869,5000440
4708900,4708900,5000440
4708923,4708923,5000440
4708949,4708949,5000440
4709082,4709082,5000440
4709284,4709284,5000440
4709812,4709812,5000440
4709993,4709993,5000440
4710127,4710127,5000440
4710190,4710190,5000440
4710443,4710443,5000440
4710470,4710470,5000440
4710828,4710828,5000440
4710984,4710984,5000440
4711334,4711334,5000440
4711679,4711679,5000440
4711803,4711803,5000440
4711909,4711909,5000440
4712059,4712059,5000440
4712133,4712133,5000440
4712207,4712207,5000440
4712331,4712331,5000440
4712382,4712382,5000440
4713227,4713227,5000440
4713370,4713370,5000440
4714044,4714044,5000440
4714151,4714151,5000440
4714422,4714422,5000440
4714427,4714427,5000440
4714566,4714566,5000440
4714574,4714574,5000440
4714636,4714636,5000440
4714752,4714752,5000440
4715277,4715277,5000440
4715472,4715472,5000440
4715842,4715842,5000440
4716076,4716076,5000440
4716236,4716236,5000440
4716671,4716671,5000440
4716884,4716884,5000440
4716952,4716952,5000440
4717334,4717334,5000440
4717968,4717968,5000440
4718267,4718267,5000440
4718382,4718382,5000440
4718551,4718551,5000440
4718745,4718745,5000440
4718861,4718861,5000440
4718988,4718988,5000440
4719210,4719210,5000440
4719328,4719328,5000440
4719378,4719378,5000440
4719443,4719443,5000440
4719674,4719674,5000440
4719751,4719751,5000440
4719816,4719816,5000440
4720014,4720014,5000440
4720071,4720071,5000440
4720071,4720071,5000440
4720276,4720276,5000440
4720288,4720288,5000440
4720454,4720454,5000440
4720547,4720547,5000440
4720998,4720998,5000440
4721026,4721026,5000440
4721059,4721059,5000440
4721981,4721981,5000440
4722552,4722552,5000440
4722611,4722611,5000440
4722800,4722800,5000440
4723193,4723193,5000440
4723262,4723262,5000440
4723883,4723883,5000440
4724177,4724177,5000440
4724275,4724275,5000440
4724471,4724471,5000440
4724551,4724551,5000440
4724720,4724720,5000440
4724916,4724916,5000440
4725251,4725251,5000440
4725309,4725309,5000440
4725363,4725363,5000440
4726084,4726084,5000440
4726240,4726240,5000440
4726484,4726484,5000440
4726978,4726978,5000440
4727274,4727274,5000440
4727389,4727389,5000440
4727425,4727425,5000440
4727549,4727549,5000440
4728195,4728195,5000440
4728469,4728469,5000440
4728516,4728516,5000440
4728741,4728741,5000440
4728781,4728781,5000440
4728957,4728957,5000440
4729388,4729388,5000440
4730316,4730316,5000440
4730416,4730416,5000440
4731383,4731383,5000440
4731646,4731646,5000440
4731780,4731780,5000440
4731803,4731803,5000440
4732099,4732099,5000440
4732146,4732146,5000440
4732177,4732177,5000440
4732600,4732600,5000440
4732924,4732924,5000440
4733046,4733046,5000440
4733160,4733160,5000440
4733235,4733235,5000440
4733310,4733310,5000440
4733434,4733434,5000440
4733546,4733546,5000440
4733797,4733797,5000440
4734058,4734058,5000440
4734411,4734411,5000440
4734681,4734681,5000440
4734938,4734938,5000440
4735175,4735175,5000440
4735434,4735434,5000440
4735472,4735472,5000440
4736061,4736061,5000440
4736235,4736235,5000440
4736298,4736298,5000440
4736545,4736545,5000440
4737244,4737244,5000440
4737284,4737284,5000440
4737578,4737578,5000440
4737957,4737957,5000440
4738119,4738119,5000440
4738191,4738191,5000440
4738248,4738248,5000440
4738270,4738270,5000440
4738303,4738303,5000440
4738790,4738790,5000440
4739287,4739287,5000440
4739325,4739325,5000440
4739337,4739337,5000440
4739522,4739522,5000440
4739814,4739814,5000440
4740009,4740009,5000440
4740108,4740108,5000440
4740189,4740189,5000440
4740327,4740327,5000440
4740541,4740541,5000440
4740612,4740612,5000440
4740926,4740926,5000440
4741353,4741353,5000440
4741794,4741794,5000440
4741943,4741943,5000440
4741953,4741953,5000440
4742382,4742382,5000440
4742751,4742751,5000440
4742760,4742760,5000440
4742805,4742805,5000440
4742808,4742808,5000440
4743307,4743307,5000440
4743715,4743715,5000440
4743805,4743805,5000440
4743819,4743819,5000440
4743910,4743910,5000440
4744060,4744060,5000440
4744230,4744230,5000440
4744372,4744372,5000440
4744573,4744573,5000440
4744969,4744969,5000440
4745730,4745730,5000440
4746581,4746581,5000440
4746600,4746600,5000440
4746927,4746927,5000440
4747020,4747020,5000440
4747367,4747367,5000440
4747374,4747374,5000440
4747877,4747877,5000440
4749220,4749220,5000440
4749467,4749467,5000440
4751238,4751238,5000440
4751337,4751337,5000440
4751489,4751489,5000440
4751787,4751787,5000440
4752069,4752069,5000440
4752139,4752139,5000440
4752529,4752529,5000440
4752567,4752567,5000440
4752774,4752774,5000440
4752970,4752970,5000440
4753430,4753430,5000440
4753431,4753431,5000440
4753666,4753666,5000440
4753675,4753675,5000440
4753741,4753741,5000440
4753878,4753878,5000440
4754143,4754143,5000440
4754804,4754804,5000440
4755066,4755066,5000440
4755208,4755208,5000440
4755327,4755327,5000440
4755339,4755339,5000440
4755473,4755473,5000440
4755481,4755481,5000440
4755627,4755627,5000440
4755841,4755841,5000440
4756041,4756041,5000440
4756068,4756068,5000440
4756599,4756599,5000440
4756600,4756600,5000440
4756774,4756774,5000440
4757054,4757054,5000440
4757341,4757341,5000440
4757415,4757415,5000440
4757866,4757866,5000440
4758077,4758077,5000440
4758174,4758174,5000440
4758430,4758430,5000440
4758767,4758767,5000440
4759119,4759119,5000440
4759208,4759208,5000440
4759689,4759689,5000440
4759820,4759820,5000440
4760588,4760588,5000440
4761331,4761331,5000440
4761434,4761434,5000440
4761543,4761543,5000440
4761577,4761577,5000440
4761611,4761611,5000440
4761998,4761998,5000440
4762030,4762030,5000440
4762395,4762395,5000440
4763112,4763112,5000440
4763114,4763114,5000440
4763285,4763285,5000440
4763709,4763709,5000440
4763858,4763858,5000440
4763974,4763974,5000440
4763995,4763995,5000440
4764475,4764475,5000440
4764490,4764490,5000440
4764877,4764877,5000440
4764907,4764907,5000440
4765521,4765521,5000440
4765880,4765880,5000440
4765884,4765884,5000440
4765891,4765891,5000440
4766190,4766190,5000440
4766329,4766329,5000440
4766437,4766437,5000440
4766692,4766692,5000440
4766837,4766837,5000440
4766948,4766948,5000440
4766964,4766964,5000440
4767050,4767050,5000440
4767849,4767849,5000440
4767956,4767956,5000440
4768189,4768189,5000440
4768223,4768223,5000440
4768857,4768857,5000440
4770074,4770074,5000440
4770128,4770128,5000440
4770156,4770156,5000440
4770300,4770300,5000440
4770308,4770308,5000440
4770576,4770576,5000440
4770619,4770619,5000440
4770758,4770758,5000440
4770801,4770801,5000440
4770953,4770953,5000440
4771047,4771047,5000440
4771355,4771355,5000440
4771419,4771419,5000440
4771497,4771497,5000440
4771635,4771635,5000440
4771977,4771977,5000440
4772052,4772052,5000440
4772216,4772216,5000440
4772590,4772590,5000440
4773026,4773026,5000440
4773027,4773027,5000440
4773105,4773105,5000440
4773122,4773122,5000440
4773181,4773181,5000440
4773705,4773705,5000440
4774702,4774702,5000440
4774829,4774829,5000440
4774976,4774976,5000440
4775077,4775077,5000440
4775287,4775287,5000440
4775307,4775307,5000440
4775375,4775375,5000440
4775860,4775860,5000440
4776799,4776799,5000440
4776915,4776915,5000440
4777003,4777003,5000440
4777188,4777188,5000440
4777727,4777727,5000440
4778089,4778089,5000440
4778212,4778212,5000440
4778370,4778370,5000440
4778497,4778497,5000440
4778615,4778615,5000440
4778719,4778719,5000440
4779473,4779473,5000440
4779542,4779542,5000440
4779710,4779710,5000440
4780102,4780102,5000440
4780524,4780524,5000440
4780700,4780700,5000440
4780892,4780892,5000440
4780907,4780907,5000440
4780911,4780911,5000440
4781068,4781068,5000440
4781146,4781146,5000440
4781457,4781457,5000440
4782702,4782702,5000440
4783395,4783395,5000440
4783455,4783455,5000440
4784050,4784050,5000440
4784289,4784289,5000440
4784679,4784679,5000440
4784850,4784850,5000440
4785237,4785237,5000440
4785344,4785344,5000440
4785458,4785458,5000440
4785466,4785466,5000440
4785515,4785515,5000440
4786419,4786419,5000440
4786836,4786836,5000440
4787192,4787192,5000440
4787381,4787381,5000440
4787567,4787567,5000440
4787761,4787761,5000440
4787784,4787784,5000440
4788000,4788000,5000440
4788207,4788207,5000440
4788731,4788731,5000440
4788914,4788914,5000440
4788996,4788996,5000440
4789120,4789120,5000440
4789221,4789221,5000440
4789376,4789376,5000440
4789557,4789557,5000440
4789672,4789672,5000440
4789697,4789697,5000440
4790002,4790002,5000440
4790450,4790450,5000440
4790767,4790767,5000440
4790935,4790935,5000440
4791233,4791233,5000440
4791345,4791345,5000440
4791373,4791373,5000440
4791794,4791794,5000440
4792696,4792696,5000440
4792737,4792737,5000440
4792819,4792819,5000440
4793020,4793020,5000440
4793552,4793552,5000440
4794178,4794178,5000440
4794213,4794213,5000440
4795814,4795814,5000440
4796116,4796116,5000440
4796224,4796224,5000440
4796527,4796527,5000440
4796861,4796861,5000440
4797203,4797203,5000440
4797292,4797292,5000440
4797373,4797373,5000440
4797392,4797392,5000440
4797566,4797566,5000440
4797839,4797839,5000440
4797932,4797932,5000440
4797997,4797997,5000440
4798063,4798063,5000440
4798185,4798185,5000440
4798362,4798362,5000440
4798760,4798760,5000440
4799113,4799113,5000440
4799217,4799217,5000440
4799469,4799469,5000440
4799479,4799479,5000440
4799952,4799952,5000440
4800900,4800900,5000440
4800992,4800992,5000440
4801084,4801084,5000440
4801158,4801158,5000440
4801237,4801237,5000440
4801310,4801310,5000440
4801713,4801713,5000440
4801972,4801972,5000440
4802049,4802049,5000440
4802180,4802180,5000440
4802314,4802314,5000440
4802316,4802316,5000440
4802601,4802601,5000440
4802682,4802682,5000440
4803172,4803172,5000440
4803445,4803445,5000440
4803666,4803666,5000440
4804117,4804117,5000440
4804220,4804220,5000440
4804784,4804784,5000440
4805019,4805019,5000440
4805115,4805115,5000440
4805223,4805223,5000440
4805316,4805316,5000440
4805570,4805570,5000440
4805887,4805887,5000440
4806424,4806424,5000440
4806638,4806638,5000440
4806726,4806726,5000440
4806908,4806908,5000440
4806950,4806950,5000440
4807084,4807084,5000440
4807563,4807563,5000440
4807599,4807599,5000440
4808330,4808330,5000440
4808768,4808768,5000440
4809415,4809415,5000440
4809502,4809502,5000440
4809856,4809856,5000440
4810179,4810179,5000440
4810426,4810426,5000440
4810494,4810494,5000440
4810695,4810695,5000440
4810722,4810722,5000440
4810763,4810763,5000440
4811384,4811384,5000440
4811456,4811456,5000440
4811597,4811597,5000440
4812229,4812229,5000440
4812451,4812451,5000440
4812861,4812861,5000440
4813837,4813837,5000440
4814919,4814919,5000440
4815176,4815176,5000440
4815232,4815232,5000440
4815266,4815266,5000440
4815427,4815427,5000440
4816252,4816252,5000440
4816518,4816518,5000440
4816821,4816821,5000440
4817062,4817062,5000440
4817581,4817581,5000440
4817699,4817699,5000440
4817747,4817747,5000440
4818168,4818168,5000440
4818228,4818228,5000440
4818383,4818383,5000440
4818584,4818584,5000440
4818588,4818588,5000440
4818734,4818734,5000440
4819034,4819034,5000440
4819765,4819765,5000440
4819845,4819845,5000440
4819971,4819971,5000440
4820593,4820593,5000440
4820715,4820715,5000440
4821605,4821605,5000440
4822136,4822136,5000440
4822617,4822617,5000440
4822967,4822967,5000440
4823065,4823065,5000440
4823636,4823636,5000440
4823684,4823684,5000440
4823776,4823776,5000440
4823989,4823989,5000440
4824140,4824140,5000440
4824148,4824148,5000440
4824365,4824365,5000440
4824657,4824657,5000440
4824793,4824793,5000440
4825647,4825647,5000440
4826162,4826162,5000440
4826524,4826524,5000440
4827331,4827331,5000440
4827471,4827471,5000440
4827487,4827487,5000440
4827647,4827647,5000440
4828045,4828045,5000440
4828539,4828539,5000440
4829032,4829032,5000440
4829055,4829055,5000440
4829277,4829277,5000440
4829281,4829281,5000440
4829980,4829980,5000440
4830585,4830585,5000440
4830617,4830617,5000440
4830760,4830760,5000440
4830784,4830784,5000440
4830785,4830785,5000440
4831479,4831479,5000440
4831743,4831743,5000440
4832110,4832110,5000440
4832239,4832239,5000440
4832710,4832710,5000440
4833041,4833041,5000440
4833063,4833063,5000440
4833219,4833219,5000440
4833369,4833369,5000440
4834252,4834252,5000440
4834365,4834365,5000440
4834864,4834864,5000440
4834913,4834913,5000440
4835475,4835475,5000440
4835525,4835525,5000440
4835546,4835546,5000440
4835637,4835637,5000440
4836030,4836030,5000440
4836040,4836040,5000440
4836047,4836047,5000440
4836876,4836876,5000440
4836955,4836955,5000440
4837175,4837175,5000440
4837484,4837484,5000440
4837494,4837494,5000440
4837540,4837540,5000440
4837796,4837796,5000440
4838053,4838053,5000440
4838118,4838118,5000440
4838990,4838990,5000440
4839006,4839006,5000440
4839629,4839629,5000440
4839712,4839712,5000440
4839995,4839995,5000440
4840123,4840123,5000440
4840228,4840228,5000440
4840240,4840240,5000440
4841058,4841058,5000440
4841063,4841063,5000440
4841695,4841695,5000440
4841736,4841736,5000440
4842099,4842099,5000440
4842345,4842345,5000440
4842568,4842568,5000440
4843206,4843206,5000440
4843386,4843386,5000440
4843543,4843543,5000440
4843775,4843775,5000440
4843838,4843838,5000440
4844372,4844372,5000440
4844473,4844473,5000440
4845540,4845540,5000440
4846056,4846056,5000440
4846517,4846517,5000440
4847023,4847023,5000440
4847075,4847075,5000440
4847192,4847192,5000440
4847424,4847424,5000440
4847571,4847571,5000440
4847599,4847599,5000440
4847629,4847629,5000440
4847761,4847761,5000440
4847787,4847787,5000440
4848126,4848126,5000440
4848214,4848214,5000440
4848564,4848564,5000440
4848602,4848602,5000440
4849211,4849211,5000440
4849237,4849237,5000440
4849527,4849527,5000440
4849597,4849597,5000440
4849928,4849928,5000440
4850216,4850216,5000440
4850339,4850339,5000440
4850464,4850464,5000440
4850526,4850526,5000440
4850630,4850630,5000440
4851015,4851015,5000440
4851203,4851203,5000440
4851945,4851945,5000440
4852238,4852238,5000440
4852260,4852260,5000440
4852785,4852785,5000440
4853681,4853681,5000440
4854021,4854021,5000440
4854242,4854242,5000440
4854273,4854273,5000440
4854701,4854701,5000440
4854831,4854831,5000440
4854939,4854939,5000440
4855118,4855118,5000440
4855247,4855247,5000440
4855250,4855250,5000440
4855304,4855304,5000440
4855997,4855997,5000440
4856089,4856089,5000440
4856385,4856385,5000440
4856472,4856472,5000440
4856637,4856637,5000440
4856721,4856721,5000440
4857676,4857676,5000440
4857765,4857765,5000440
4858393,4858393,5000440
4858587,4858587,5000440
4858746,4858746,5000440
4858817,4858817,5000440
4859118,4859118,5000440
4859147,4859147,5000440
4859396,4859396,5000440
4859461,4859461,5000440
4859742,4859742,5000440
4859750,4859750,5000440
4859912,4859912,5000440
4860066,4860066,5000440
4860161,4860161,5000440
4860402,4860402,5000440
4861457,4861457,5000440
4861650,4861650,5000440
4861850,4861850,5000440
4861850,4861850,5000440
4862216,4862216,5000440
4862557,4862557,5000440
4863396,4863396,5000440
4863604,4863604,5000440
4863720,4863720,5000440
4863868,4863868,5000440
4863879,4863879,5000440
4863968,4863968,5000440
4864168,4864168,5000440
4864199,4864199,5000440
4864285,4864285,5000440
4864457,4864457,5000440
4864508,4864508,5000440
4864511,4864511,5000440
4864545,4864545,5000440
4864588,4864588,5000440
4864907,4864907,5000440
4865767,4865767,5000440
4866272,4866272,5000440
4866298,4866298,5000440
4866689,4866689,5000440
4866784,4866784,5000440
4867077,4867077,5000440
4867409,4867409,5000440
4868158,4868158,5000440
4868241,4868241,5000440
4868490,4868490,5000440
4868544,4868544,5000440
4869215,4869215,5000440
4869539,4869539,5000440
4869802,4869802,5000440
4870015,4870015,5000440
4870022,4870022,5000440
4870031,4870031,5000440
4870214,4870214,5000440
4870280,4870280,5000440
4870420,4870420,5000440
4870431,4870431,5000440
4870481,4870481,5000440
4870771,4870771,5000440
4870934,4870934,5000440
4871038,4871038,5000440
4871784,4871784,5000440
4872026,4872026,5000440
4872411,4872411,5000440
4873481,4873481,5000440
4873918,4873918,5000440
4874485,4874485,5000440
4875046,4875046,5000440
4875097,4875097,5000440
4875171,4875171,5000440
4875371,4875371,5000440
4875453,4875453,5000440
4875948,4875948,5000440
4876695,4876695,5000440
4877007,4877007,5000440
4877061,4877061,5000440
4877273,4877273,5000440
4877319,4877319,5000440
4877509,4877509,5000440
4877639,4877639,5000440
4877795,4877795,5000440
4877932,4877932,5000440
4878201,4878201,5000440
4878726,4878726,5000440
4878972,4878972,5000440
4879596,4879596,5000440
4879826,4879826,5000440
4880002,4880002,5000440
4880027,4880027,5000440
4880179,4880179,5000440
4880419,4880419,5000440
4880579,4880579,5000440
4880827,4880827,5000440
4880994,4880994,5000440
4881037,4881037,5000440
4881534,4881534,5000440
4881694,4881694,5000440
4881828,4881828,5000440
4882220,4882220,5000440
4882280,4882280,5000440
4882333,4882333,5000440
4882440,4882440,5000440
4882696,4882696,5000440
4883110,4883110,5000440
4883174,4883174,5000440
4883320,4883320,5000440
4883492,4883492,5000440
4883530,4883530,5000440
4883683,4883683,5000440
4883883,4883883,5000440
4883958,4883958,5000440
4884056,4884056,5000440
4884651,4884651,5000440
4884754,4884754,5000440
4884831,4884831,5000440
4885036,4885036,5000440
4885197,4885197,5000440
4885346,4885346,5000440
4885762,4885762,5000440
4886036,4886036,5000440
4887406,4887406,5000440
4887860,4887860,5000440
4888047,4888047,5000440
4888591,4888591,5000440
4888639,4888639,5000440
4889092,4889092,5000440
4889848,4889848,5000440
4889954,4889954,5000440
4890154,4890154,5000440
4890647,4890647,5000440
4891161,4891161,5000440
4891169,4891169,5000440
4891174,4891174,5000440
4891251,4891251,5000440
4891557,4891557,5000440
4892294,4892294,5000440
4892695,4892695,5000440
4893306,4893306,5000440
4893463,4893463,5000440
4893877,4893877,5000440
4894471,4894471,5000440
4894490,4894490,5000440
4894491,4894491,5000440
4894701,4894701,5000440
4894960,4894960,5000440
4894974,4894974,5000440
4895020,4895020,5000440
4895103,4895103,5000440
4895402,4895402,5000440
4895549,4895549,5000440
4895735,4895735,5000440
4896386,4896386,5000440
4896926,4896926,5000440
4896966,4896966,5000440
4897101,4897101,5000440
4897113,4897113,5000440
4897822,4897822,5000440
4897839,4897839,5000440
4898005,4898005,5000440
4898396,4898396,5000440
4898656,4898656,5000440
4899015,4899015,5000440
4899959,4899959,5000440
4899999,4899999,5000440
4900891,4900891,5000440
4900930,4900930,5000440
4901216,4901216,5000440
4901586,4901586,5000440
4901638,4901638,5000440
4901713,4901713,5000440
4902502,4902502,5000440
4902522,4902522,5000440
4902622,4902622,5000440
4902905,4902905,5000440
4903334,4903334,5000440
4903552,4903552,5000440
4903756,4903756,5000440
4904637,4904637,5000440
4904794,4904794,5000440
4905333,4905333,5000440
4905650,4905650,5000440
4905962,4905962,5000440
4906128,4906128,5000440
4906355,4906355,5000440
4906393,4906393,5000440
4906461,4906461,5000440
4906780,4906780,5000440
4907542,4907542,5000440
4907681,4907681,5000440
4908201,4908201,5000440
4908281,4908281,5000440
4908539,4908539,5000440
4908787,4908787,5000440
4909064,4909064,5000440
4909079,4909079,5000440
4909165,4909165,5000440
4909183,4909183,5000440
4909466,4909466,5000440
4909639,4909639,5000440
4909977,4909977,5000440
4910004,4910004,5000440
4910300,4910300,5000440
4910526,4910526,5000440
4910534,4910534,5000440
4910731,4910731,5000440
4910860,4910860,5000440
4910884,4910884,5000440
4911080,4911080,5000440
4911829,4911829,5000440
4912244,4912244,5000440
4912265,4912265,5000440
4912564,4912564,5000440
4912795,4912795,5000440
4913080,4913080,5000440
4913701,4913701,5000440
4913710,4913710,5000440
4913899,4913899,5000440
4914359,4914359,5000440
4914490,4914490,5000440
4914614,4914614,5000440
4914719,4914719,5000440
4914829,4914829,5000440
4914980,4914980,5000440
4915361,4915361,5000440
4915549,4915549,5000440
4916005,4916005,5000440
4916143,4916143,5000440
4916304,4916304,5000440
4917185,4917185,5000440
4917515,4917515,5000440
4917603,4917603,5000440
4917637,4917637,5000440
4918271,4918271,5000440
4918382,4918382,5000440
4918705,4918705,5000440
4919219,4919219,5000440
4919246,4919246,5000440
4920118,4920118,5000440
4920603,4920603,5000440
4920790,4920790,5000440
4920904,4920904,5000440
4920929,4920929,5000440
4920957,4920957,5000440
4921081,4921081,5000440
4921158,4921158,5000440
4922835,4922835,5000440
4923467,4923467,5000440
4923562,4923562,5000440
4923742,4923742,5000440
4923747,4923747,5000440
4923768,4923768,5000440
4923948,4923948,5000440
4923967,4923967,5000440
4924235,4924235,5000440
4924292,4924292,5000440
4924870,4924870,5000440
4925503,4925503,5000440
4925770,4925770,5000440
4925794,4925794,5000440
4926077,4926077,5000440
4926228,4926228,5000440
4926339,4926339,5000440
4926366,4926366,5000440
4926393,4926393,5000440
4926526,4926526,5000440
4927022,4927022,5000440
4927179,4927179,5000440
4927617,4927617,5000440
4928217,4928217,5000440
4928648,4928648,5000440
4928820,4928820,5000440
4929669,4929669,5000440
4929832,4929832,5000440
4929886,4929886,5000440
4930029,4930029,5000440
4930108,4930108,5000440
4930657,4930657,5000440
4931113,4931113,5000440
4931230,4931230,5000440
4931350,4931350,5000440
4931362,4931362,5000440
4931698,4931698,5000440
4931912,4931912,5000440
4931932,4931932,5000440
4932237,4932237,5000440
4932380,4932380,5000440
4932524,4932524,5000440
4933377,4933377,5000440
4933487,4933487,5000440
4934001,4934001,5000440
4934184,4934184,5000440
4934680,4934680,5000440
4935080,4935080,5000440
4935314,4935314,5000440
4935656,4935656,5000440
4935891,4935891,5000440
4935893,4935893,5000440
4936329,4936329,5000440
4937219,4937219,5000440
4937309,4937309,5000440
4937618,4937618,5000440
4937676,4937676,5000440
4937893,4937893,5000440
4938130,4938130,5000440
4938257,4938257,5000440
4939302,4939302,5000440
4939406,4939406,5000440
4940030,4940030,5000440
4940140,4940140,5000440
4940146,4940146,5000440
4940643,4940643,5000440
4940667,4940667,5000440
4941645,4941645,5000440
4942045,4942045,5000440
4942179,4942179,5000440
4942434,4942434,5000440
4942533,4942533,5000440
4943198,4943198,5000440
4943349,4943349,5000440
4943498,4943498,5000440
4943684,4943684,5000440
4943709,4943709,5000440
4943939,4943939,5000440
4944215,4944215,5000440
4944388,4944388,5000440
4944442,4944442,5000440
4944819,4944819,5000440
4945114,4945114,5000440
4945639,4945639,5000440
4945768,4945768,5000440
4946454,4946454,5000440
4947073,4947073,5000440
4947505,4947505,5000440
4947566,4947566,5000440
4948009,4948009,5000440
4948562,4948562,5000440
4948923,4948923,5000440
4949426,4949426,5000440
4949600,4949600,5000440
4950076,4950076,5000440
4950159,4950159,5000440
4950499,4950499,5000440
4950877,4950877,5000440
4950928,4950928,5000440
4951055,4951055,5000440
4951255,4951255,5000440
4951343,4951343,5000440
4951624,4951624,5000440
4952114,4952114,5000440
4952121,4952121,5000440
4952486,4952486,5000440
4952647,4952647,5000440
4952888,4952888,5000440
4953209,4953209,5000440
4953395,4953395,5000440
4953435,4953435,5000440
4953585,4953585,5000440
4953708,4953708,5000440
4953991,4953991,5000440
4954381,4954381,5000440
4954390,4954390,5000440
4955036,4955036,5000440
4955090,4955090,5000440
4955552,4955552,5000440
4955645,4955645,5000440
4955828,4955828,5000440
4955863,4955863,5000440
4955878,4955878,5000440
4955937,4955937,5000440
4955938,4955938,5000440
4956791,4956791,5000440
4957354,4957354,5000440
4957365,4957365,5000440
4957409,4957409,5000440
4957463,4957463,5000440
4957947,4957947,5000440
4958213,4958213,5000440
4958343,4958343,5000440
4958748,4958748,5000440
4958837,4958837,5000440
4959008,4959008,5000440
4959057,4959057,5000440
4959167,4959167,5000440
4959908,4959908,5000440
4960769,4960769,5000440
4960791,4960791,5000440
4960878,4960878,5000440
4961021,4961021,5000440
4961306,4961306,5000440
4961628,4961628,5000440
4961777,4961777,5000440
4961961,4961961,5000440
4962292,4962292,5000440
4963017,4963017,5000440
4963055,4963055,5000440
4963096,4963096,5000440
4963305,4963305,5000440
4963459,4963459,5000440
4963484,4963484,5000440
4963985,4963985,5000440
4964119,4964119,5000440
4964578,4964578,5000440
4964839,4964839,5000440
4965368,4965368,5000440
4965376,4965376,5000440
4965584,4965584,5000440
4965761,4965761,5000440
4966068,4966068,5000440
4966127,4966127,5000440
4966147,4966147,5000440
4966154,4966154,5000440
4966761,4966761,5000440
4966974,4966974,5000440
4967208,4967208,5000440
4967280,4967280,5000440
4967723,4967723,5000440
4968305,4968305,5000440
4968602,4968602,5000440
4969268,4969268,5000440
4969781,4969781,5000440
4969957,4969957,5000440
4969988,4969988,5000440
4970566,4970566,5000440
4970682,4970682,5000440
4970717,4970717,5000440
4970949,4970949,5000440
4971269,4971269,5000440
4971694,4971694,5000440
4972072,4972072,5000440
4972384,4972384,5000440
4972442,4972442,5000440
4972590,4972590,5000440
4972624,4972624,5000440
4972819,4972819,5000440
4972868,4972868,5000440
4973044,4973044,5000440
4973110,4973110,5000440
4973345,4973345,5000440
4973617,4973617,5000440
4973768,4973768,5000440
4973829,4973829,5000440
4973834,4973834,5000440
4974184,4974184,5000440
4974254,4974254,5000440
4974757,4974757,5000440
4974841,4974841,5000440
4975157,4975157,5000440
4975324,4975324,5000440
4975351,4975351,5000440
4975431,4975431,5000440
4975486,4975486,5000440
4975645,4975645,5000440
4975967,4975967,5000440
4976381,4976381,5000440
4976551,4976551,5000440
4977014,4977014,5000440
4977161,4977161,5000440
4977188,4977188,5000440
4977391,4977391,5000440
4977449,4977449,5000440
4977792,4977792,5000440
4978042,4978042,5000440
4978074,4978074,5000440
4978511,4978511,5000440
4979228,4979228,5000440
4979543,4979543,5000440
4979873,4979873,5000440
4980624,4980624,5000440
4981174,4981174,5000440
4981731,4981731,5000440
4981925,4981925,5000440
4982469,4982469,5000440
4982476,4982476,5000440
4982489,4982489,5000440
4982536,4982536,5000440
4982594,4982594,5000440
4982678,4982678,5000440
4983113,4983113,5000440
4983633,4983633,5000440
4983930,4983930,5000440
4984313,4984313,5000440
4984353,4984353,5000440
4984426,4984426,5000440
4985052,4985052,5000440
4985224,4985224,5000440
4986450,4986450,5000440
4986518,4986518,5000440
4986812,4986812,5000440
4986870,4986870,5000440
4987097,4987097,5000440
4987247,4987247,5000440
4987623,4987623,5000440
4987988,4987988,5000440
4988108,4988108,5000440
4988167,4988167,5000440
4988224,4988224,5000440
4988311,4988311,5000440
4988517,4988517,5000440
4988967,4988967,5000440
4988998,4988998,5000440
4989527,4989527,5000440
4989633,4989633,5000440
4989688,4989688,5000440
4989740,4989740,5000440
4989823,4989823,5000440
4989957,4989957,5000440
4990585,4990585,5000440
4990860,4990860,5000440
4991256,4991256,5000440
4991279,4991279,5000440
4991418,4991418,5000440
4991510,4991510,5000440
4991761,4991761,5000440
4991775,4991775,5000440
4991920,4991920,5000440
4992166,4992166,5000440
4992183,4992183,5000440
4992184,4992184,5000440
4992471,4992471,5000440
4992825,4992825,5000440
4992848,4992848,5000440
4992971,4992971,5000440
4993091,4993091,5000440
4993724,4993724,5000440
4993861,4993861,5000440
4993873,4993873,5000440
4993897,4993897,5000440
4993925,4993925,5000440
4994243,4994243,5000440
4994450,4994450,5000440
4994507,4994507,5000440
4994555,4994555,5000440
4994919,4994919,5000440
4995104,4995104,5000440
4995225,4995225,5000440
4995575,4995575,5000440
4995676,4995676,5000440
4996222,4996222,5000440
4996579,4996579,5000440
4996675,4996675,5000440
4997234,4997234,5000440
4997281,4997281,5000440
4997348,4997348,5000440
4997567,4997567,5000440
4997843,4997843,5000440
4997873,4997873,5000440
4998173,4998173,5000440
4998214,4998214,5000440
4998319,4998319,5000440
4998435,4998435,5000440
4998512,4998512,5000440
4998567,4998567,5000440
4998932,4998932,5000440
4999444,4999444,5000440
4999776,4999776,5000440
4999809,4999809,5000440
4999830,4999830,5000440
5000050,5000050,5000440
5000080,5000080,5000440
5000116,5000116,5000440
5000415,5000415,5000440
5000416,5000416,5000440
5000837,5000837,5984730
5000890,5000890,5984730
5000898,5000898,5984730
5000974,5000974,5984730
5001042,5001042,5984730
5001207,5001207,5984730
5001542,5001542,5984730
5001624,5001624,5984730
5001932,5001932,5984730
5001945,5001945,5984730
5002271,5002271,5984730
5002555,5002555,5984730
5002984,5002984,5984730
5003017,5003017,5984730
5003208,5003208,5984730
5003680,5003680,5984730
5004187,5004187,5984730
5005085,5005085,5984730
5005246,5005246,5984730
5006137,5006137,5984730
5006310,5006310,5984730
5007073,5007073,5984730
5007236,5007236,5984730
5008079,5008079,5984730
5008181,5008181,5984730
5008276,5008276,5984730
5008417,5008417,5984730
5008553,5008553,5984730
5008868,5008868,5984730
5009355,5009355,5984730
5009484,5009484,5984730
5009509,5009509,5984730
5009866,5009866,5984730
5010041,5010041,5984730
5010146,5010146,5984730
5010159,5010159,5984730
5010306,5010306,5984730
5010901,5010901,5984730
5011140,5011140,5984730
5011158,5011158,5984730
5011232,5011232,5984730
5011521,5011521,5984730
5011720,5011720,5984730
5011737,5011737,5984730
5012555,5012555,5984730
5012724,5012724,5984730
5014294,5014294,5984730
5014414,5014414,5984730
5014990,5014990,5984730
5015024,5015024,5984730
5015278,5015278,5984730
5015627,5015627,5984730
5015878,5015878,5984730
5015904,5015904,5984730
5016067,5016067,5984730
5016395,5016395,5984730
5016483,5016483,5984730
5016632,5016632,5984730
5016760,5016760,5984730
5016947,5016947,5984730
5016989,5016989,5984730
5017680,5017680,5984730
5017782,5017782,5984730
5018211,5018211,5984730
5018641,5018641,5984730
5018885,5018885,5984730
5019127,5019127,5984730
5019343,5019343,5984730
5019510,5019510,5984730
5019540,5019540,5984730
5019997,5019997,5984730
5020316,5020316,5984730
5020416,5020416,5984730
5020665,5020665,5984730
5020746,5020746,5984730
5020956,5020956,5984730
5021037,5021037,5984730
5021064,5021064,5984730
5021181,5021181,5984730
5021320,5021320,5984730
5021827,5021827,5984730
5022086,5022086,5984730
5022191,5022191,5984730
5022266,5022266,5984730
5022474,5022474,5984730
5022549,5022549,5984730
5022945,5022945,5984730
5023430,5023430,5984730
5023643,5023643,5984730
5023670,5023670,5984730
5023703,5023703,5984730
5023776,5023776,5984730
5024196,5024196,5984730
5024214,5024214,5984730
5024280,5024280,5984730
5024428,5024428,5984730
5024622,5024622,5984730
5025300,5025300,5984730
5025405,5025405,5984730
5026124,5026124,5984730
5026946,5026946,5984730
5027504,5027504,5984730
5027752,5027752,5984730
5028086,5028086,5984730
5028445,5028445,5984730
5028796,5028796,5984730
5029412,5029412,5984730
5029485,5029485,5984730
5029623,5029623,5984730
5029627,5029627,5984730
5030016,5030016,5984730
5030040,5030040,5984730
5030075,5030075,5984730
5030105,5030105,5984730
5030598,5030598,5984730
5030680,5030680,5984730
5030766,5030766,5984730
5031102,5031102,5984730
5031577,5031577,5984730
5031884,5031884,5984730
5032003,5032003,5984730
5032423,5032423,5984730
5032677,5032677,5984730
5032723,5032723,5984730
5032874,5032874,5984730
5032953,5032953,5984730
5033140,5033140,5984730
5033236,5033236,5984730
5033368,5033368,5984730
5033444,5033444,5984730
5033533,5033533,5984730
5033855,5033855,5984730
5033860,5033860,5984730
5034041,5034041,5984730
5034152,5034152,5984730
5034169,5034169,5984730
5034176,5034176,5984730
5034463,5034463,5984730
5034548,5034548,5984730
5034567,5034567,5984730
5035113,5035113,5984730
5035331,5035331,5984730
5035712,5035712,5984730
5035779,5035779,5984730
5036026,5036026,5984730
5036151,5036151,5984730
5036902,5036902,5984730
5038300,5038300,5984730
5038705,5038705,5984730
5038911,5038911,5984730
5039187,5039187,5984730
5039316,5039316,5984730
5039687,5039687,5984730
5039841,5039841,5984730
5039875,5039875,5984730
5039915,5039915,5984730
5040983,5040983,5984730
5041754,5041754,5984730
5042312,5042312,5984730
5042444,5042444,5984730
5042765,5042765,5984730
5042966,5042966,5984730
5043382,5043382,5984730
5043588,5043588,5984730
5044196,5044196,5984730
5044739,5044739,5984730
5044909,5044909,5984730
5044917,5044917,5984730
5044961,5044961,5984730
5045002,5045002,5984730
5045024,5045024,5984730
5045309,5045309,5984730
5045841,5045841,5984730
5046023,5046023,5984730
5046098,5046098,5984730
5046101,5046101,5984730
5046128,5046128,5984730
5046335,5046335,5984730
5046398,5046398,5984730
5047601,5047601,5984730
5047681,5047681,5984730
5047718,5047718,5984730
5047745,5047745,5984730
5047804,5047804,5984730
5047869,5047869,5984730
5047902,5047902,5984730
5048022,5048022,5984730
5048291,5048291,5984730
5048642,5048642,5984730
5049037,5049037,5984730
5049090,5049090,5984730
5049148,5049148,5984730
5049500,5049500,5984730
5050127,5050127,5984730
5050571,5050571,5984730
5051133,5051133,5984730
5051248,5051248,5984730
5051298,5051298,5984730
5051379,5051379,5984730
5051400,5051400,5984730
5051589,5051589,5984730
5051994,5051994,5984730
5052097,5052097,5984730
5052456,5052456,5984730
5052679,5052679,5984730
5053068,5053068,5984730
5053147,5053147,5984730
5053489,5053489,5984730
5053815,5053815,5984730
5053838,5053838,5984730
5054134,5054134,5984730
5054768,5054768,5984730
5054974,5054974,5984730
5054992,5054992,5984730
5054995,5054995,5984730
5055460,5055460,5984730
5055661,5055661,5984730
5056430,5056430,5984730
5056915,5056915,5984730
5057139,5057139,5984730
5057469,5057469,5984730
5057478,5057478,5984730
5058531,5058531,5984730
5058739,5058739,5984730
5059138,5059138,5984730
5059188,5059188,5984730
5059716,5059716,5984730
5059948,5059948,5984730
5060043,5060043,5984730
5060171,5060171,5984730
5060868,5060868,5984730
5060901,5060901,5984730
5061050,5061050,5984730
5061063,5061063,5984730
5061376,5061376,5984730
5061461,5061461,5984730
5061956,5061956,5984730
5063653,5063653,5984730
5063872,5063872,5984730
5064438,5064438,5984730
5064835,5064835,5984730
5065468,5065468,5984730
5065801,5065801,5984730
5066383,5066383,5984730
5066425,5066425,5984730
5066982,5066982,5984730
5067784,5067784,5984730
5068056,5068056,5984730
5068674,5068674,5984730
5068913,5068913,5984730
5069030,5069030,5984730
5069048,5069048,5984730
5069102,5069102,5984730
5069118,5069118,5984730
5069567,5069567,5984730
5069938,5069938,5984730
5070268,5070268,5984730
5070376,5070376,5984730
5070434,5070434,5984730
5070501,5070501,5984730
5070694,5070694,5984730
5071357,5071357,5984730
5071511,5071511,5984730
5071542,5071542,5984730
5071851,5071851,5984730
5072323,5072323,5984730
5072370,5072370,5984730
5072378,5072378,5984730
5072695,5072695,5984730
5072798,5072798,5984730
5072894,5072894,5984730
5072902,5072902,5984730
5073098,5073098,5984730
5073233,5073233,5984730
5073300,5073300,5984730
5073320,5073320,5984730
5073457,5073457,5984730
5073468,5073468,5984730
5073647,5073647,5984730
5073661,5073661,5984730
5073691,5073691,5984730
5073795,5073795,5984730
5073880,5073880,5984730
5074185,5074185,5984730
5074510,5074510,5984730
5074599,5074599,5984730
5074956,5074956,5984730
5075067,5075067,5984730
5075743,5075743,5984730
5076159,5076159,5984730
5076162,5076162,5984730
5077389,5077389,5984730
5077799,5077799,5984730
5078262,5078262,5984730
5078552,5078552,5984730
5078652,5078652,5984730
5078872,5078872,5984730
5079043,5079043,5984730
5079098,5079098,5984730
5079127,5079127,5984730
5079200,5079200,5984730
5079318,5079318,5984730
5079530,5079530,5984730
5079701,5079701,5984730
5079737,5079737,5984730
5079906,5079906,5984730
5079959,5079959,5984730
5080164,5080164,5984730
5080502,5080502,5984730
5080787,5080787,5984730
5081187,5081187,5984730
5081203,5081203,5984730
5081217,5081217,5984730
5081281,5081281,5984730
5081603,5081603,5984730
5081662,5081662,5984730
5081965,5081965,5984730
5082063,5082063,5984730
5082396,5082396,5984730
5082401,5082401,5984730
5082957,5082957,5984730
5082982,5082982,5984730
5083369,5083369,5984730
5083684,5083684,5984730
5083850,5083850,5984730
5084081,5084081,5984730
5084352,5084352,5984730
5084368,5084368,5984730
5084510,5084510,5984730
5084746,5084746,5984730
5084845,5084845,5984730
5084985,5084985,5984730
5085162,5085162,5984730
5085185,5085185,5984730
5085267,5085267,5984730
5085291,5085291,5984730
5085447,5085447,5984730
5085626,5085626,5984730
5085638,5085638,5984730
5086017,5086017,5984730
5086129,5086129,5984730
5086585,5086585,5984730
5087037,5087037,5984730
5087315,5087315,5984730
5087446,5087446,5984730
5087564,5087564,5984730
5087895,5087895,5984730
5088549,5088549,5984730
5088743,5088743,5984730
5088993,5088993,5984730
5089366,5089366,5984730
5089629,5089629,5984730
5089632,5089632,5984730
5089762,5089762,5984730
5090369,5090369,5984730
5090504,5090504,5984730
5090551,5090551,5984730
5090578,5090578,5984730
5090980,5090980,5984730
5090982,5090982,5984730
5091029,5091029,5984730
5091049,5091049,5984730
5092026,5092026,5984730
5092066,5092066,5984730
5092218,5092218,5984730
5092559,5092559,5984730
5092772,5092772,5984730
5092963,5092963,5984730
5093210,5093210,5984730
5093614,5093614,5984730
5094762,5094762,5984730
5094792,5094792,5984730
5095031,5095031,5984730
5096307,5096307,5984730
5096389,5096389,5984730
5096415,5096415,5984730
5096968,5096968,5984730
5097003,5097003,5984730
5097371,5097371,5984730
5097462,5097462,5984730
5098092,5098092,5984730
5098126,5098126,5984730
5098147,5098147,5984730
5098245,5098245,5984730
5098922,5098922,5984730
5099400,5099400,5984730
5099846,5099846,5984730
5099902,5099902,5984730
5099906,5099906,5984730
5100361,5100361,5984730
5100662,5100662,5984730
5101675,5101675,5984730
5101871,5101871,5984730
5101927,5101927,5984730
5101959,5101959,5984730
5101986,5101986,5984730
5102100,5102100,5984730
5102344,5102344,5984730
5102603,5102603,5984730
5103033,5103033,5984730
5103202,5103202,5984730
5103269,5103269,5984730
5103371,5103371,5984730
5103463,5103463,5984730
5103781,5103781,5984730
5103797,5103797,5984730
5104286,5104286,5984730
5104527,5104527,5984730
5104594,5104594,5984730
5104670,5104670,5984730
5104981,5104981,5984730
5105120,5105120,5984730
5105174,5105174,5984730
5105433,5105433,5984730
5105614,5105614,5984730
5105845,5105845,5984730
5105849,5105849,5984730
5106069,5106069,5984730
5106360,5106360,5984730
5106602,5106602,5984730
5106664,5106664,5984730
5106982,5106982,5984730
5107421,5107421,5984730
5108095,5108095,5984730
5108216,5108216,5984730
5108287,5108287,5984730
5108813,5108813,5984730
5109023,5109023,5984730
5109321,5109321,5984730
5109499,5109499,5984730
5109708,5109708,5984730
5110178,5110178,5984730
5110361,5110361,5984730
5110880,5110880,5984730
5111172,5111172,5984730
5111508,5111508,5984730
5112047,5112047,5984730
5112111,5112111,5984730
5112116,5112116,5984730
5112523,5112523,5984730
5112921,5112921,5984730
5113313,5113313,5984730
5113494,5113494,5984730
5114203,5114203,5984730
5114713,5114713,5984730
5114757,5114757,5984730
5114781,5114781,5984730
5114816,5114816,5984730
5115266,5115266,5984730
5115805,5115805,5984730
5116103,5116103,5984730
5116480,5116480,5984730
5116876,5116876,5984730
5116935,5116935,5984730
5117101,5117101,5984730
5117174,5117174,5984730
5117232,5117232,5984730
5117386,5117386,5984730
5117456,5117456,5984730
5117616,5117616,5984730
5117777,5117777,5984730
5117890,5117890,5984730
5118333,5118333,5984730
5118556,5118556,5984730
5118720,5118720,5984730
5118826,5118826,5984730
5118840,5118840,5984730
5118933,5118933,5984730
5119129,5119129,5984730
5119193,5119193,5984730
5119500,5119500,5984730
5119562,5119562,5984730
5119933,5119933,5984730
5119948,5119948,5984730
5120324,5120324,5984730
5120362,5120362,5984730
5120456,5120456,5984730
5120533,5120533,5984730
5120977,5120977,5984730
5121147,5121147,5984730
5121168,5121168,5984730
5121191,5121191,5984730
5121254,5121254,5984730
5121271,5121271,5984730
5121517,5121517,5984730
5121903,5121903,5984730
5121921,5121921,5984730
5122481,5122481,5984730
5122518,5122518,5984730
5122539,5122539,5984730
5122644,5122644,5984730
5122657,5122657,5984730
5122857,5122857,5984730
5123522,5123522,5984730
5123711,5123711,5984730
5123827,5123827,5984730
5123878,5123878,5984730
5124494,5124494,5984730
5124789,5124789,5984730
5124894,5124894,5984730
5125123,5125123,5984730
5125238,5125238,5984730
5125261,5125261,5984730
5125307,5125307,5984730
5125489,5125489,5984730
5125733,5125733,5984730
5126123,5126123,5984730
5126431,5126431,5984730
5126913,5126913,5984730
5126984,5126984,5984730
5127102,5127102,5984730
5127466,5127466,5984730
5127473,5127473,5984730
5127699,5127699,5984730
5127864,5127864,5984730
5128059,5128059,5984730
5128298,5128298,5984730
5128630,5128630,5984730
5128972,5128972,5984730
5128973,5128973,5984730
5129133,5129133,5984730
5129287,5129287,5984730
5129513,5129513,5984730
5129734,5129734,5984730
5130432,5130432,5984730
5130679,5130679,5984730
5130749,5130749,5984730
5130765,5130765,5984730
5130819,5130819,5984730
5131188,5131188,5984730
5131260,5131260,5984730
5131426,5131426,5984730
5131466,5131466,5984730
5131494,5131494,5984730
5131537,5131537,5984730
5131747,5131747,5984730
5131748,5131748,5984730
5132183,5132183,5984730
5132243,5132243,5984730
5132406,5132406,5984730
5132480,5132480,5984730
5132777,5132777,5984730
5132963,5132963,5984730
5133125,5133125,5984730
5133149,5133149,5984730
5133281,5133281,5984730
5133803,5133803,5984730
5134289,5134289,5984730
5134407,5134407,5984730
5134499,5134499,5984730
5134517,5134517,5984730
5134754,5134754,5984730
5134955,5134955,5984730
5134964,5134964,5984730
5135085,5135085,5984730
5135139,5135139,5984730
5135457,5135457,5984730
5135588,5135588,5984730
5135627,5135627,5984730
5135721,5135721,5984730
5135781,5135781,5984730
5136004,5136004,5984730
5136118,5136118,5984730
5136293,5136293,5984730
5137005,5137005,5984730
5137421,5137421,5984730
5138011,5138011,5984730
5138326,5138326,5984730
5138642,5138642,5984730
5138643,5138643,5984730
5139555,5139555,5984730
5140077,5140077,5984730
5140386,5140386,5984730
5140553,5140553,5984730
5140658,5140658,5984730
5140767,5140767,5984730
5140772,5140772,5984730
5140897,5140897,5984730
5140976,5140976,5984730
5140988,5140988,5984730
5141432,5141432,5984730
5141886,5141886,5984730
5142285,5142285,5984730
5142466,5142466,5984730
5142627,5142627,5984730
5142661,5142661,5984730
5142938,5142938,5984730
5142969,5142969,5984730
5143093,5143093,5984730
5143420,5143420,5984730
5143430,5143430,5984730
5143707,5143707,5984730
5143815,5143815,5984730
5144253,5144253,5984730
5144288,5144288,5984730
5144412,5144412,5984730
5144675,5144675,5984730
5145076,5145076,5984730
5145260,5145260,5984730
5146092,5146092,5984730
5146165,5146165,5984730
5146639,5146639,5984730
5146682,5146682,5984730
5147439,5147439,5984730
5147875,5147875,5984730
5147934,5147934,5984730
5148610,5148610,5984730
5148616,5148616,5984730
5148622,5148622,5984730
5148644,5148644,5984730
5148986,5148986,5984730
5149048,5149048,5984730
5149123,5149123,5984730
5149253,5149253,5984730
5149265,5149265,5984730
5149604,5149604,5984730
5150291,5150291,5984730
5150366,5150366,5984730
5150447,5150447,5984730
5151090,5151090,5984730
5151254,5151254,5984730
5151402,5151402,5984730
5151441,5151441,5984730
5151981,5151981,5984730
5152132,5152132,5984730
5152332,5152332,5984730
5152801,5152801,5984730
5152980,5152980,5984730
5153221,5153221,5984730
5153433,5153433,5984730
5153600,5153600,5984730
5153636,5153636,5984730
5153681,5153681,5984730
5153855,5153855,5984730
5153918,5153918,5984730
5154651,5154651,5984730
5154903,5154903,5984730
5154935,5154935,5984730
5155025,5155025,5984730
5156287,5156287,5984730
5156701,5156701,5984730
5157268,5157268,5984730
5157347,5157347,5984730
5157438,5157438,5984730
5158004,5158004,5984730
5158144,5158144,5984730
5158796,5158796,5984730
5159625,5159625,5984730
5160297,5160297,5984730
5160360,5160360,5984730
5160412,5160412,5984730
5160518,5160518,5984730
5160822,5160822,5984730
5160844,5160844,5984730
5160983,5160983,5984730
5161168,5161168,5984730
5161561,5161561,5984730
5161787,5161787,5984730
5162165,5162165,5984730
5162321,5162321,5984730
5162469,5162469,5984730
5162666,5162666,5984730
5162683,5162683,5984730
5162748,5162748,5984730
5162810,5162810,5984730
5163122,5163122,5984730
5163484,5163484,5984730
5163502,5163502,5984730
5163534,5163534,5984730
5163716,5163716,5984730
5164117,5164117,5984730
5164442,5164442,5984730
5164602,5164602,5984730
5165033,5165033,5984730
5165065,5165065,5984730
5165175,5165175,5984730
5165220,5165220,5984730
5165616,5165616,5984730
5165628,5165628,5984730
5165846,5165846,5984730
5166481,5166481,5984730
5166551,5166551,5984730
5167288,5167288,5984730
5167511,5167511,5984730
5167547,5167547,5984730
5167864,5167864,5984730
5167962,5167962,5984730
5168130,5168130,5984730
5168401,5168401,5984730
5168471,5168471,5984730
5168640,5168640,5984730
5168804,5168804,5984730
5169021,5169021,5984730
5169227,5169227,5984730
5169471,5169471,5984730
5169997,5169997,5984730
5170052,5170052,5984730
5170166,5170166,5984730
5170323,5170323,5984730
5170681,5170681,5984730
5171465,5171465,5984730
5171657,5171657,5984730
5171815,5171815,5984730
5172054,5172054,5984730
5172124,5172124,5984730
5172200,5172200,5984730
5172206,5172206,5984730
5172218,5172218,5984730
5172301,5172301,5984730
5172766,5172766,5984730
5172831,5172831,5984730
5172844,5172844,5984730
5173601,5173601,5984730
5173647,5173647,5984730
5173717,5173717,5984730
5174543,5174543,5984730
5174728,5174728,5984730
5175716,5175716,5984730
5175762,5175762,5984730
5175831,5175831,5984730
5176047,5176047,5984730
5176489,5176489,5984730
5176678,5176678,5984730
5176777,5176777,5984730
5176945,5176945,5984730
5177775,5177775,5984730
5177861,5177861,5984730
5177883,5177883,5984730
5178089,5178089,5984730
5178118,5178118,5984730
5178287,5178287,5984730
5178556,5178556,5984730
5178741,5178741,5984730
5178839,5178839,5984730
5178880,5178880,5984730
5179149,5179149,5984730
5179273,5179273,5984730
5179447,5179447,5984730
5180286,5180286,5984730
5180314,5180314,5984730
5180431,5180431,5984730
5180647,5180647,5984730
5181158,5181158,5984730
5181314,5181314,5984730
5181317,5181317,5984730
5181624,5181624,5984730
5181666,5181666,5984730
5181697,5181697,5984730
5182102,5182102,5984730
5182425,5182425,5984730
5182691,5182691,5984730
5182962,5182962,5984730
5183227,5183227,5984730
5183228,5183228,5984730
5183448,5183448,5984730
5183816,5183816,5984730
5183833,5183833,5984730
5183899,5183899,5984730
5184049,5184049,5984730
5184050,5184050,5984730
5184135,5184135,5984730
5184346,5184346,5984730
5184836,5184836,5984730
5185351,5185351,5984730
5186490,5186490,5984730
5186536,5186536,5984730
5186908,5186908,5984730
5187193,5187193,5984730
5187264,5187264,5984730
5187459,5187459,5984730
5187543,5187543,5984730
5187738,5187738,5984730
5188163,5188163,5984730
5188223,5188223,5984730
5188694,5188694,5984730
5188924,5188924,5984730
5189143,5189143,5984730
5189164,5189164,5984730
5189546,5189546,5984730
5189704,5189704,5984730
5189881,5189881,5984730
5189886,5189886,5984730
5190653,5190653,5984730
5190681,5190681,5984730
5190774,5190774,5984730
5191028,5191028,5984730
5191255,5191255,5984730
5191461,5191461,5984730
5191486,5191486,5984730
5192352,5192352,5984730
5192361,5192361,5984730
5192374,5192374,5984730
5192398,5192398,5984730
5192483,5192483,5984730
5192565,5192565,5984730
5192743,5192743,5984730
5192863,5192863,5984730
5192939,5192939,5984730
5192993,5192993,5984730
5193039,5193039,5984730
5193209,5193209,5984730
5193240,5193240,5984730
5193372,5193372,5984730
5193659,5193659,5984730
5193757,5193757,5984730
5194067,5194067,5984730
5195332,5195332,5984730
5195951,5195951,5984730
5196009,5196009,5984730
5196543,5196543,5984730
5196566,5196566,5984730
5196598,5196598,5984730
5197047,5197047,5984730
5197406,5197406,5984730
5197667,5197667,5984730
5197884,5197884,5984730
5198023,5198023,5984730
5198042,5198042,5984730
5198628,5198628,5984730
5198718,5198718,5984730
5198744,5198744,5984730
5198824,5198824,5984730
5199189,5199189,5984730
5199360,5199360,5984730
5199443,5199443,5984730
5199698,5199698,5984730
5200382,5200382,5984730
5201158,5201158,5984730
5201276,5201276,5984730
5201469,5201469,5984730
5201500,5201500,5984730
5201527,5201527,5984730
5201755,5201755,5984730
5201887,5201887,5984730
5201958,5201958,5984730
5201979,5201979,5984730
5201996,5201996,5984730
5202704,5202704,5984730
5202915,5202915,5984730
5203697,5203697,5984730
5203763,5203763,5984730
5204118,5204118,5984730
5204899,5204899,5984730
5205049,5205049,5984730
5205291,5205291,5984730
5205636,5205636,5984730
5206192,5206192,5984730
5206529,5206529,5984730
5206638,5206638,5984730
5207138,5207138,5984730
5207607,5207607,5984730
5207641,5207641,5984730
5208040,5208040,5984730
5208602,5208602,5984730
5208844,5208844,5984730
5208865,5208865,5984730
5208917,5208917,5984730
5209444,5209444,5984730
5209537,5209537,5984730
5209959,5209959,5984730
5210010,5210010,5984730
5210218,5210218,5984730
5210638,5210638,5984730
5210723,5210723,5984730
5210927,5210927,5984730
5211304,5211304,5984730
5211512,5211512,5984730
5212426,5212426,5984730
5213479,5213479,5984730
5213553,5213553,5984730
5213688,5213688,5984730
5213699,5213699,5984730
5213823,5213823,5984730
5214371,5214371,5984730
5214535,5214535,5984730
5215064,5215064,5984730
5215401,5215401,5984730
5215457,5215457,5984730
5215500,5215500,5984730
5215668,5215668,5984730
5215797,5215797,5984730
5216051,5216051,5984730
5216241,5216241,5984730
5216266,5216266,5984730
5216341,5216341,5984730
5216418,5216418,5984730
5216431,5216431,5984730
5217043,5217043,5984730
5217355,5217355,5984730
5217501,5217501,5984730
5217664,5217664,5984730
5218168,5218168,5984730
5218180,5218180,5984730
5218182,5218182,5984730
5218462,5218462,5984730
5218717,5218717,5984730
5218788,5218788,5984730
5218969,5218969,5984730
5219010,5219010,5984730
5219418,5219418,5984730
5219501,5219501,5984730
5219801,5219801,5984730
5219904,5219904,5984730
5220615,5220615,5984730
5220660,5220660,5984730
5220697,5220697,5984730
5220707,5220707,5984730
5220798,5220798,5984730
5220848,5220848,5984730
5221329,5221329,5984730
5221401,5221401,5984730
5221597,5221597,5984730
5221676,5221676,5984730
5222132,5222132,5984730
5222262,5222262,5984730
5222356,5222356,5984730
5222651,5222651,5984730
5222748,5222748,5984730
5222846,5222846,5984730
5223665,5223665,5984730
5223774,5223774,5984730
5223826,5223826,5984730
5224142,5224142,5984730
5224193,5224193,5984730
5224246,5224246,5984730
5224858,5224858,5984730
5225162,5225162,5984730
5225209,5225209,5984730
5225788,5225788,5984730
5225852,5225852,5984730
5225885,5225885,5984730
5226473,5226473,5984730
5226550,5226550,5984730
5226589,5226589,5984730
5226626,5226626,5984730
5226643,5226643,5984730
5226898,5226898,5984730
5226914,5226914,5984730
5226945,5226945,5984730
5228020,5228020,5984730
5228084,5228084,5984730
5228315,5228315,5984730
5228660,5228660,5984730
5229126,5229126,5984730
5229207,5229207,5984730
5229788,5229788,5984730
5230566,5230566,5984730
5230699,5230699,5984730
5230719,5230719,5984730
5231279,5231279,5984730
5231493,5231493,5984730
5231500,5231500,5984730
5231743,5231743,5984730
5231823,5231823,5984730
5231875,5231875,5984730
5232039,5232039,5984730
5232110,5232110,5984730
5232458,5232458,5984730
5233080,5233080,5984730
5233399,5233399,5984730
5233414,5233414,5984730
5233548,5233548,5984730
5233905,5233905,5984730
5233946,5233946,5984730
5234026,5234026,5984730
5234285,5234285,5984730
5234653,5234653,5984730
5234815,5234815,5984730
5234893,5234893,5984730
5234956,5234956,5984730
5235154,5235154,5984730
5235333,5235333,5984730
5235518,5235518,5984730
5235656,5235656,5984730
5235712,5235712,5984730
5236143,5236143,5984730
5236347,5236347,5984730
5236550,5236550,5984730
5236866,5236866,5984730
5236896,5236896,5984730
5237593,5237593,5984730
5237852,5237852,5984730
5238147,5238147,5984730
5238197,5238197,5984730
5238505,5238505,5984730
5238746,5238746,5984730
5239202,5239202,5984730
5239285,5239285,5984730
5239478,5239478,5984730
5239522,5239522,5984730
5239995,5239995,5984730
5240116,5240116,5984730
5240133,5240133,5984730
5240141,5240141,5984730
5240346,5240346,5984730
5240663,5240663,5984730
5240936,5240936,5984730
5241221,5241221,5984730
5241976,5241976,5984730
5242087,5242087,5984730
5242240,5242240,5984730
5242262,5242262,5984730
5242754,5242754,5984730
5243267,5243267,5984730
5243362,5243362,5984730
5243604,5243604,5984730
5244129,5244129,5984730
5244398,5244398,5984730
5244875,5244875,5984730
5245581,5245581,5984730
5245672,5245672,5984730
5245714,5245714,5984730
5245912,5245912,5984730
5246018,5246018,5984730
5246869,5246869,5984730
5247564,5247564,5984730
5247886,5247886,5984730
5247931,5247931,5984730
5248307,5248307,5984730
5248769,5248769,5984730
5249061,5249061,5984730
5249943,5249943,5984730
5251025,5251025,5984730
5251034,5251034,5984730
5251184,5251184,5984730
5251400,5251400,5984730
5251673,5251673,5984730
5252054,5252054,5984730
5252113,5252113,5984730
5252299,5252299,5984730
5253067,5253067,5984730
5253075,5253075,5984730
5253220,5253220,5984730
5253372,5253372,5984730
5253479,5253479,5984730
5253488,5253488,5984730
5253699,5253699,5984730
5254249,5254249,5984730
5254509,5254509,5984730
5254560,5254560,5984730
5254809,5254809,5984730
5255472,5255472,5984730
5255693,5255693,5984730
5255717,5255717,5984730
5255786,5255786,5984730
5255934,5255934,5984730
5256556,5256556,5984730
5257438,5257438,5984730
5257644,5257644,5984730
5257666,5257666,5984730
5257766,5257766,5984730
5257990,5257990,5984730
5257997,5257997,5984730
5258019,5258019,5984730
5258503,5258503,5984730
5258804,5258804,5984730
5258915,5258915,5984730
5258940,5258940,5984730
5259085,5259085,5984730
5259096,5259096,5984730
5259359,5259359,5984730
5259399,5259399,5984730
5259471,5259471,5984730
5259923,5259923,5984730
5259979,5259979,5984730
5260107,5260107,5984730
5260130,5260130,5984730
5260501,5260501,5984730
5260793,5260793,5984730
5261244,5261244,5984730
5261438,5261438,5984730
5261520,5261520,5984730
5262394,5262394,5984730
5262464,5262464,5984730
5262635,5262635,5984730
5262691,5262691,5984730
5262754,5262754,5984730
5262971,5262971,5984730
5263281,5263281,5984730
5263619,5263619,5984730
5263875,5263875,5984730
5264052,5264052,5984730
5264073,5264073,5984730
5264638,5264638,5984730
5264987,5264987,5984730
5265167,5265167,5984730
5265281,5265281,5984730
5265601,5265601,5984730
5265645,5265645,5984730
5266086,5266086,5984730
5266091,5266091,5984730
5266190,5266190,5984730
5266579,5266579,5984730
5267164,5267164,5984730
5267495,5267495,5984730
5267541,5267541,5984730
5267595,5267595,5984730
5267819,5267819,5984730
5268158,5268158,5984730
5268166,5268166,5984730
5268298,5268298,5984730
5268384,5268384,5984730
5268589,5268589,5984730
5268592,5268592,5984730
5268595,5268595,5984730
5268795,5268795,5984730
5268946,5268946,5984730
5269067,5269067,5984730
5269191,5269191,5984730
5269539,5269539,5984730
5269637,5269637,5984730
5270019,5270019,5984730
5270103,5270103,5984730
5270130,5270130,5984730
5270144,5270144,5984730
5270266,5270266,5984730
5270952,5270952,5984730
5271680,5271680,5984730
5271796,5271796,5984730
5272128,5272128,5984730
5272482,5272482,5984730
5273086,5273086,5984730
5273300,5273300,5984730
5273366,5273366,5984730
5273629,5273629,5984730
5273844,5273844,5984730
5273854,5273854,5984730
5274185,5274185,5984730
5274400,5274400,5984730
5274534,5274534,5984730
5274572,5274572,5984730
5274624,5274624,5984730
5274805,5274805,5984730
5274927,5274927,5984730
5275192,5275192,5984730
5275831,5275831,5984730
5275844,5275844,5984730
5275893,5275893,5984730
5276585,5276585,5984730
5277032,5277032,5984730
5277189,5277189,5984730
5277208,5277208,5984730
5277262,5277262,5984730
5277440,5277440,5984730
5278101,5278101,5984730
5278103,5278103,5984730
5278412,5278412,5984730
5278469,5278469,5984730
5278594,5278594,5984730
5279219,5279219,5984730
5279342,5279342,5984730
5279376,5279376,5984730
5279751,5279751,5984730
5279980,5279980,5984730
5280108,5280108,5984730
5280208,5280208,5984730
5280830,5280830,5984730
5280908,5280908,5984730
5281063,5281063,5984730
5281267,5281267,5984730
5281523,5281523,5984730
5281953,5281953,5984730
5281980,5281980,5984730
5282323,5282323,5984730
5282543,5282543,5984730
5282706,5282706,5984730
5283079,5283079,5984730
5283173,5283173,5984730
5283278,5283278,5984730
5283371,5283371,5984730
5283551,5283551,5984730
5283785,5283785,5984730
5283905,5283905,5984730
5284167,5284167,5984730
5284180,5284180,5984730
5284273,5284273,5984730
5284303,5284303,5984730
5284554,5284554,5984730
5284716,5284716,5984730
5284928,5284928,5984730
5285065,5285065,5984730
5286597,5286597,5984730
5286623,5286623,5984730
5287020,5287020,5984730
5287027,5287027,5984730
5287314,5287314,5984730
5287680,5287680,5984730
5287767,5287767,5984730
5288466,5288466,5984730
5288921,5288921,5984730
5288960,5288960,5984730
5289076,5289076,5984730
5289133,5289133,5984730
5289195,5289195,5984730
5289614,5289614,5984730
5289712,5289712,5984730
5289951,5289951,5984730
5289982,5289982,5984730
5290513,5290513,5984730
5291099,5291099,5984730
5291254,5291254,5984730
5291865,5291865,5984730
5292086,5292086,5984730
5292210,5292210,5984730
5292217,5292217,5984730
5292266,5292266,5984730
5292381,5292381,5984730
5292912,5292912,5984730
5293464,5293464,5984730
5293596,5293596,5984730
5293951,5293951,5984730
5294239,5294239,5984730
5294328,5294328,5984730
5294578,5294578,5984730
5294628,5294628,5984730
5295202,5295202,5984730
5295345,5295345,5984730
5295384,5295384,5984730
5295964,5295964,5984730
5295984,5295984,5984730
5296304,5296304,5984730
5296325,5296325,5984730
5296420,5296420,5984730
5297262,5297262,5984730
5297536,5297536,5984730
5297728,5297728,5984730
5297888,5297888,5984730
5298076,5298076,5984730
5298161,5298161,5984730
5299536,5299536,5984730
5299852,5299852,5984730
5299969,5299969,5984730
5299991,5299991,5984730
5300669,5300669,5984730
5300791,5300791,5984730
5301134,5301134,5984730
5301138,5301138,5984730
5301140,5301140,5984730
5301839,5301839,5984730
5301849,5301849,5984730
5301891,5301891,5984730
5301892,5301892,5984730
5302081,5302081,5984730
5302830,5302830,5984730
5303383,5303383,5984730
5304185,5304185,5984730
5304662,5304662,5984730
5304728,5304728,5984730
5304958,5304958,5984730
5305577,5305577,5984730
5305756,5305756,5984730
5305925,5305925,5984730
5306065,5306065,5984730
5306308,5306308,5984730
5306346,5306346,5984730
5306464,5306464,5984730
5306614,5306614,5984730
5306669,5306669,5984730
5306850,5306850,5984730
5307667,5307667,5984730
5307736,5307736,5984730
5307748,5307748,5984730
5307954,5307954,5984730
5308183,5308183,5984730
5308312,5308312,5984730
5308575,5308575,5984730
5308852,5308852,5984730
5308865,5308865,5984730
5308868,5308868,5984730
5309123,5309123,5984730
5309247,5309247,5984730
5309358,5309358,5984730
5309492,5309492,5984730
5309580,5309580,5984730
5309767,5309767,5984730
5310092,5310092,5984730
5310239,5310239,5984730
5310451,5310451,5984730
5310724,5310724,5984730
5310809,5310809,5984730
5310972,5310972,5984730
5311053,5311053,5984730
5311350,5311350,5984730
5311381,5311381,5984730
5311432,5311432,5984730
5311590,5311590,5984730
5311672,5311672,5984730
5311920,5311920,5984730
5311964,5311964,5984730
5312639,5312639,5984730
5312676,5312676,5984730
5313080,5313080,5984730
5313157,5313157,5984730
5313284,5313284,5984730
5313358,5313358,5984730
5314001,5314001,5984730
5314114,5314114,5984730
5314130,5314130,5984730
5314402,5314402,5984730
5314786,5314786,5984730
5315329,5315329,5984730
5315336,5315336,5984730
5315460,5315460,5984730
5315690,5315690,5984730
5315910,5315910,5984730
5315948,5315948,5984730
5316167,5316167,5984730
5316770,5316770,5984730
5316788,5316788,5984730
5316831,5316831,5984730
5316953,5316953,5984730
5317246,5317246,5984730
5317293,5317293,5984730
5317432,5317432,5984730
5317442,5317442,5984730
5317526,5317526,5984730
5317593,5317593,5984730
5317662,5317662,5984730
5317816,5317816,5984730
5317852,5317852,5984730
5317996,5317996,5984730
5318038,5318038,5984730
5318202,5318202,5984730
5318467,5318467,5984730
5318654,5318654,5984730
5318910,5318910,5984730
5319466,5319466,5984730
5319860,5319860,5984730
5320153,5320153,5984730
5320402,5320402,5984730
5320934,5320934,5984730
5320960,5320960,5984730
5321270,5321270,5984730
5321457,5321457,5984730
5321561,5321561,5984730
5321769,5321769,5984730
5321790,5321790,5984730
5321832,5321832,5984730
5321989,5321989,5984730
5322175,5322175,5984730
5322444,5322444,5984730
5322462,5322462,5984730
5322625,5322625,5984730
5322652,5322652,5984730
5322911,5322911,5984730
5323220,5323220,5984730
5323281,5323281,5984730
5323540,5323540,5984730
5323976,5323976,5984730
5324142,5324142,5984730
5324172,5324172,5984730
5324303,5324303,5984730
5324323,5324323,5984730
5324521,5324521,5984730
5324550,5324550,5984730
5325346,5325346,5984730
5325500,5325500,5984730
5325505,5325505,5984730
5325787,5325787,5984730
5326080,5326080,5984730
5326470,5326470,5984730
5326744,5326744,5984730
5326953,5326953,5984730
5327035,5327035,5984730
5327544,5327544,5984730
5327573,5327573,5984730
5327653,5327653,5984730
5327898,5327898,5984730
5327937,5327937,5984730
5328059,5328059,5984730
5328305,5328305,5984730
5328693,5328693,5984730
5328754,5328754,5984730
5329180,5329180,5984730
5329189,5329189,5984730
5329280,5329280,5984730
5329437,5329437,5984730
5329495,5329495,5984730
5329711,5329711,5984730
5329731,5329731,5984730
5329817,5329817,5984730
5330007,5330007,5984730
5330076,5330076,5984730
5330562,5330562,5984730
5330599,5330599,5984730
5331217,5331217,5984730
5331459,5331459,5984730
5332788,5332788,5984730
5333319,5333319,5984730
5333457,5333457,5984730
5333497,5333497,5984730
5333562,5333562,5984730
5334193,5334193,5984730
5334251,5334251,5984730
5335496,5335496,5984730
5335556,5335556,5984730
5335734,5335734,5984730
5336135,5336135,5984730
5336209,5336209,5984730
5336308,5336308,5984730
5336336,5336336,5984730
5336403,5336403,5984730
5337206,5337206,5984730
5337390,5337390,5984730
5337981,5337981,5984730
5338062,5338062,5984730
5338156,5338156,5984730
5338343,5338343,5984730
5338475,5338475,5984730
5338642,5338642,5984730
5338816,5338816,5984730
5338850,5338850,5984730
5338936,5338936,5984730
5338970,5338970,5984730
5338993,5338993,5984730
5339193,5339193,5984730
5339273,5339273,5984730
5340138,5340138,5984730
5340145,5340145,5984730
5340205,5340205,5984730
5340218,5340218,5984730
5340322,5340322,5984730
5340508,5340508,5984730
5340598,5340598,5984730
5341226,5341226,5984730
5341754,5341754,5984730
5342464,5342464,5984730
5342853,5342853,5984730
5343397,5343397,5984730
5343644,5343644,5984730
5343915,5343915,5984730
5344033,5344033,5984730
5344202,5344202,5984730
5344417,5344417,5984730
5344790,5344790,5984730
5345047,5345047,5984730
5345169,5345169,5984730
5345645,5345645,5984730
5345710,5345710,5984730
5345789,5345789,5984730
5346173,5346173,5984730
5346698,5346698,5984730
5346958,5346958,5984730
5346976,5346976,5984730
5347005,5347005,5984730
5347262,5347262,5984730
5347369,5347369,5984730
5347749,5347749,5984730
5348014,5348014,5984730
5348653,5348653,5984730
5348659,5348659,5984730
5348731,5348731,5984730
5348840,5348840,5984730
5348931,5348931,5984730
5349497,5349497,5984730
5349549,5349549,5984730
5349765,5349765,5984730
5349786,5349786,5984730
5349831,5349831,5984730
5350273,5350273,5984730
5350518,5350518,5984730
5350625,5350625,5984730
5351055,5351055,5984730
5351231,5351231,5984730
5351566,5351566,5984730
5351647,5351647,5984730
5351725,5351725,5984730
5352107,5352107,5984730
5352494,5352494,5984730
5352708,5352708,5984730
5352736,5352736,5984730
5352835,5352835,5984730
5352913,5352913,5984730
5352925,5352925,5984730
5353094,5353094,5984730
5353362,5353362,5984730
5353586,5353586,5984730
5354213,5354213,5984730
5354557,5354557,5984730
5354676,5354676,5984730
5354753,5354753,5984730
5355318,5355318,5984730
5355360,5355360,5984730
5355370,5355370,5984730
5355516,5355516,5984730
5355717,5355717,5984730
5355935,5355935,5984730
5355956,5355956,5984730
5355972,5355972,5984730
5357080,5357080,5984730
5357555,5357555,5984730
5357573,5357573,5984730
5357656,5357656,5984730
5357888,5357888,5984730
5357978,5357978,5984730
5358565,5358565,5984730
5358591,5358591,5984730
5358931,5358931,5984730
5359418,5359418,5984730
5360113,5360113,5984730
5360521,5360521,5984730
5360579,5360579,5984730
5360711,5360711,5984730
5361000,5361000,5984730
5361666,5361666,5984730
5362023,5362023,5984730
5362168,5362168,5984730
5362389,5362389,5984730
5362494,5362494,5984730
5362689,5362689,5984730
5362821,5362821,5984730
5362898,5362898,5984730
5363049,5363049,5984730
5363371,5363371,5984730
5363831,5363831,5984730
5363897,5363897,5984730
5363906,5363906,5984730
5364780,5364780,5984730
5364831,5364831,5984730
5365070,5365070,5984730
5365216,5365216,5984730
5365589,5365589,5984730
5365602,5365602,5984730
5366071,5366071,5984730
5366191,5366191,5984730
5366647,5366647,5984730
5366673,5366673,5984730
5367100,5367100,5984730
5367151,5367151,5984730
5367277,5367277,5984730
5367510,5367510,5984730
5368188,5368188,5984730
5368241,5368241,5984730
5368284,5368284,5984730
5368329,5368329,5984730
5368376,5368376,5984730
5368601,5368601,5984730
5368862,5368862,5984730
5369262,5369262,5984730
5369552,5369552,5984730
5369881,5369881,5984730
5370497,5370497,5984730
5370634,5370634,5984730
5371274,5371274,5984730
5371283,5371283,5984730
5371549,5371549,5984730
5371664,5371664,5984730
5372053,5372053,5984730
5372179,5372179,5984730
5372191,5372191,5984730
5372289,5372289,5984730
5372765,5372765,5984730
5372985,5372985,5984730
5373278,5373278,5984730
5373591,5373591,5984730
5373691,5373691,5984730
5374354,5374354,5984730
5374437,5374437,5984730
5374681,5374681,5984730
5375705,5375705,5984730
5375950,5375950,5984730
5376090,5376090,5984730
5376129,5376129,5984730
5376292,5376292,5984730
5376562,5376562,5984730
5377226,5377226,5984730
5377486,5377486,5984730
5377528,5377528,5984730
5377613,5377613,5984730
5377623,5377623,5984730
5377862,5377862,5984730
5377936,5377936,5984730
5378025,5378025,5984730
5378247,5378247,5984730
5378507,5378507,5984730
5378508,5378508,5984730
5378608,5378608,5984730
5379897,5379897,5984730
5380099,5380099,5984730
5380279,5380279,5984730
5380942,5380942,5984730
5380963,5380963,5984730
5381103,5381103,5984730
5382492,5382492,5984730
5382700,5382700,5984730
5382952,5382952,5984730
5382983,5382983,5984730
5383661,5383661,5984730
5384062,5384062,5984730
5384376,5384376,5984730
5384387,5384387,5984730
5384495,5384495,5984730
5385210,5385210,5984730
5385815,5385815,5984730
5385836,5385836,5984730
5386346,5386346,5984730
5386408,5386408,5984730
5386527,5386527,5984730
5386748,5386748,5984730
5386961,5386961,5984730
5387552,5387552,5984730
5387756,5387756,5984730
5388215,5388215,5984730
5388834,5388834,5984730
5389638,5389638,5984730
5389697,5389697,5984730
5390003,5390003,5984730
5390036,5390036,5984730
5390052,5390052,5984730
5390057,5390057,5984730
5390244,5390244,5984730
5390577,5390577,5984730
5390630,5390630,5984730
5390805,5390805,5984730
5391461,5391461,5984730
5391505,5391505,5984730
5391928,5391928,5984730
5391942,5391942,5984730
5392341,5392341,5984730
5392378,5392378,5984730
5392387,5392387,5984730
5392417,5392417,5984730
5392673,5392673,5984730
5393338,5393338,5984730
5393339,5393339,5984730
5393701,5393701,5984730
5393947,5393947,5984730
5394378,5394378,5984730
5394692,5394692,5984730
5394852,5394852,5984730
5394928,5394928,5984730
5395251,5395251,5984730
5395426,5395426,5984730
5395698,5395698,5984730
5396309,5396309,5984730
5396649,5396649,5984730
5396681,5396681,5984730
5396695,5396695,5984730
5397110,5397110,5984730
5397230,5397230,5984730
5397372,5397372,5984730
5397616,5397616,5984730
5397653,5397653,5984730
5397774,5397774,5984730
5398062,5398062,5984730
5398123,5398123,5984730
5398273,5398273,5984730
5398494,5398494,5984730
5398560,5398560,5984730
5398633,5398633,5984730
5399022,5399022,5984730
5399300,5399300,5984730
5399317,5399317,5984730
5399972,5399972,5984730
5400164,5400164,5984730
5400274,5400274,5984730
5400466,5400466,5984730
5400504,5400504,5984730
5400594,5400594,5984730
5401307,5401307,5984730
5401358,5401358,5984730
5401793,5401793,5984730
5401875,5401875,5984730
5402042,5402042,5984730
5402362,5402362,5984730
5402385,5402385,5984730
5402419,5402419,5984730
5402849,5402849,5984730
5402877,5402877,5984730
5402895,5402895,5984730
5402946,5402946,5984730
5403017,5403017,5984730
5403214,5403214,5984730
5403703,5403703,5984730
5403860,5403860,5984730
5404001,5404001,5984730
5404146,5404146,5984730
5404181,5404181,5984730
5404404,5404404,5984730
5404455,5404455,5984730
5404703,5404703,5984730
5405599,5405599,5984730
5406003,5406003,5984730
5406006,5406006,5984730
5406012,5406012,5984730
5406555,5406555,5984730
5407407,5407407,5984730
5408064,5408064,5984730
5408557,5408557,5984730
5408995,5408995,5984730
5409622,5409622,5984730
5409661,5409661,5984730
5409733,5409733,5984730
5409932,5409932,5984730
5409943,5409943,5984730
5410052,5410052,5984730
5410208,5410208,5984730
5410353,5410353,5984730
5410972,5410972,5984730
5411191,5411191,5984730
5411942,5411942,5984730
5411985,5411985,5984730
5411996,5411996,5984730
5414131,5414131,5984730
5414250,5414250,5984730
5414475,5414475,5984730
5414546,5414546,5984730
5415595,5415595,5984730
5416306,5416306,5984730
5416387,5416387,5984730
5417339,5417339,5984730
5418347,5418347,5984730
5418613,5418613,5984730
5419248,5419248,5984730
5419347,5419347,5984730
5419368,5419368,5984730
5419497,5419497,5984730
5420032,5420032,5984730
5420172,5420172,5984730
5420626,5420626,5984730
5420655,5420655,5984730
5420691,5420691,5984730
5421433,5421433,5984730
5421462,5421462,5984730
5421643,5421643,5984730
5422134,5422134,5984730
5422720,5422720,5984730
5422820,5422820,5984730
5423221,5423221,5984730
5423668,5423668,5984730
5423671,5423671,5984730
5423984,5423984,5984730
5424331,5424331,5984730
5424503,5424503,5984730
5424989,5424989,5984730
5425160,5425160,5984730
5425263,5425263,5984730
5425942,5425942,5984730
5425975,5425975,5984730
5426379,5426379,5984730
5426506,5426506,5984730
5426625,5426625,5984730
5426931,5426931,5984730
5427110,5427110,5984730
5427239,5427239,5984730
5427658,5427658,5984730
5427821,5427821,5984730
5428170,5428170,5984730
5428424,5428424,5984730
5428591,5428591,5984730
5428651,5428651,5984730
5428747,5428747,5984730
5429101,5429101,5984730
5429705,5429705,5984730
5429707,5429707,5984730
5429745,5429745,5984730
5429755,5429755,5984730
5430190,5430190,5984730
5430263,5430263,5984730
5430444,5430444,5984730
5430492,5430492,5984730
5430636,5430636,5984730
5430815,5430815,5984730
5431482,5431482,5984730
5431723,5431723,5984730
5431740,5431740,5984730
5431833,5431833,5984730
5431979,5431979,5984730
5432150,5432150,5984730
5432522,5432522,5984730
5432531,5432531,5984730
5432551,5432551,5984730
5432576,5432576,5984730
5432582,5432582,5984730
5432672,5432672,5984730
5432903,5432903,5984730
5432968,5432968,5984730
5433056,5433056,5984730
5433459,5433459,5984730
5434498,5434498,5984730
5434525,5434525,5984730
5434625,5434625,5984730
5434787,5434787,5984730
5435260,5435260,5984730
5435327,5435327,5984730
5435750,5435750,5984730
5435808,5435808,5984730
5435910,5435910,5984730
5436197,5436197,5984730
5436513,5436513,5984730
5436638,5436638,5984730
5436808,5436808,5984730
5436983,5436983,5984730
5437386,5437386,5984730
5438063,5438063,5984730
5438143,5438143,5984730
5438315,5438315,5984730
5438522,5438522,5984730
5439631,5439631,5984730
5439757,5439757,5984730
5439758,5439758,5984730
5440005,5440005,5984730
5440254,5440254,5984730
5440338,5440338,5984730
5440392,5440392,5984730
5440575,5440575,5984730
5440654,5440654,5984730
5440688,5440688,5984730
5440730,5440730,5984730
5440850,5440850,5984730
5441283,5441283,5984730
5441328,5441328,5984730
5441521,5441521,5984730
5441592,5441592,5984730
5441699,5441699,5984730
5441811,5441811,5984730
5441824,5441824,5984730
5441953,5441953,5984730
5442115,5442115,5984730
5442196,5442196,5984730
5442387,5442387,5984730
5442457,5442457,5984730
5442470,5442470,5984730
5442500,5442500,5984730
5442657,5442657,5984730
5442778,5442778,5984730
5443894,5443894,5984730
5444146,5444146,5984730
5445538,5445538,5984730
5445604,5445604,5984730
5445632,5445632,5984730
5446308,5446308,5984730
5446755,5446755,5984730
5446831,5446831,5984730
5447125,5447125,5984730
5447953,5447953,5984730
5447986,5447986,5984730
5448165,5448165,5984730
5448570,5448570,5984730
5448575,5448575,5984730
5449014,5449014,5984730
5449458,5449458,5984730
5449974,5449974,5984730
5450265,5450265,5984730
5450275,5450275,5984730
5450658,5450658,5984730
5450665,5450665,5984730
5450681,5450681,5984730
5451312,5451312,5984730
5451514,5451514,5984730
5451537,5451537,5984730
5451641,5451641,5984730
5452535,5452535,5984730
5452778,5452778,5984730
5453122,5453122,5984730
5453292,5453292,5984730
5453405,5453405,5984730
5453659,5453659,5984730
5454260,5454260,5984730
5454356,5454356,5984730
5454783,5454783,5984730
5454802,5454802,5984730
5455594,5455594,5984730
5455710,5455710,5984730
5455992,5455992,5984730
5456263,5456263,5984730
5456350,5456350,5984730
5456358,5456358,5984730
5456623,5456623,5984730
5456791,5456791,5984730
5457232,5457232,5984730
5457271,5457271,5984730
5457388,5457388,5984730
5457512,5457512,5984730
5457978,5457978,5984730
5458244,5458244,5984730
5458260,5458260,5984730
5458359,5458359,5984730
5458360,5458360,5984730
5458434,5458434,5984730
5458541,5458541,5984730
5458563,5458563,5984730
5458583,5458583,5984730
5459131,5459131,5984730
5459287,5459287,5984730
5459361,5459361,5984730
5459690,5459690,5984730
5460303,5460303,5984730
5460457,5460457,5984730
5460540,5460540,5984730
5460608,5460608,5984730
5460659,5460659,5984730
5461329,5461329,5984730
5461369,5461369,5984730
5461458,5461458,5984730
5461785,5461785,5984730
5461984,5461984,5984730
5462067,5462067,5984730
5462159,5462159,5984730
5462644,5462644,5984730
5462746,5462746,5984730
5463187,5463187,5984730
5463257,5463257,5984730
5463591,5463591,5984730
5463745,5463745,5984730
5463981,5463981,5984730
5464018,5464018,5984730
5464054,5464054,5984730
5464136,5464136,5984730
5464510,5464510,5984730
5464697,5464697,5984730
5465756,5465756,5984730
5465785,5465785,5984730
5465941,5465941,5984730
5466091,5466091,5984730
5466203,5466203,5984730
5466927,5466927,5984730
5467083,5467083,5984730
5467527,5467527,5984730
5467628,5467628,5984730
5467690,5467690,5984730
5467695,5467695,5984730
5467700,5467700,5984730
5467963,5467963,5984730
5468102,5468102,5984730
5468195,5468195,5984730
5468377,5468377,5984730
5468945,5468945,5984730
5469678,5469678,5984730
5469803,5469803,5984730
5470627,5470627,5984730
5470830,5470830,5984730
5470840,5470840,5984730
5471204,5471204,5984730
5471800,5471800,5984730
5471887,5471887,5984730
5472352,5472352,5984730
5472358,5472358,5984730
5472689,5472689,5984730
5472875,5472875,5984730
5472907,5472907,5984730
5472966,5472966,5984730
5473157,5473157,5984730
5473620,5473620,5984730
5474554,5474554,5984730
5474568,5474568,5984730
5474850,5474850,5984730
5475582,5475582,5984730
5475635,5475635,5984730
5475707,5475707,5984730
5475746,5475746,5984730
5476090,5476090,5984730
5476319,5476319,5984730
5476717,5476717,5984730
5477720,5477720,5984730
5479103,5479103,5984730
5479182,5479182,5984730
5480806,5480806,5984730
5481114,5481114,5984730
5481172,5481172,5984730
5481250,5481250,5984730
5481498,5481498,5984730
5481689,5481689,5984730
5482130,5482130,5984730
5482360,5482360,5984730
5482751,5482751,5984730
5482760,5482760,5984730
5482825,5482825,5984730
5483909,5483909,5984730
5483975,5483975,5984730
5484183,5484183,5984730
5484331,5484331,5984730
5484435,5484435,5984730
5484884,5484884,5984730
5484959,5484959,5984730
5485116,5485116,5984730
5485907,5485907,5984730
5486028,5486028,5984730
5486195,5486195,5984730
5486339,5486339,5984730
5486379,5486379,5984730
5486419,5486419,5984730
5486492,5486492,5984730
5486866,5486866,5984730
5487149,5487149,5984730
5487215,5487215,5984730
5487310,5487310,5984730
5487680,5487680,5984730
5487763,5487763,5984730
5488144,5488144,5984730
5488533,5488533,5984730
5488790,5488790,5984730
5488800,5488800,5984730
5488832,5488832,5984730
5489060,5489060,5984730
5489268,5489268,5984730
5489347,5489347,5984730
5489475,5489475,5984730
5490094,5490094,5984730
5490517,5490517,5984730
5490838,5490838,5984730
5492069,5492069,5984730
5492162,5492162,5984730
5492492,5492492,5984730
5492759,5492759,5984730
5493184,5493184,5984730
5493297,5493297,5984730
5493306,5493306,5984730
5493324,5493324,5984730
5493372,5493372,5984730
5493856,5493856,5984730
5493892,5493892,5984730
5494600,5494600,5984730
5494936,5494936,5984730
5495565,5495565,5984730
5495849,5495849,5984730
5496360,5496360,5984730
5496701,5496701,5984730
5497307,5497307,5984730
5498202,5498202,5984730
5498203,5498203,5984730
5498285,5498285,5984730
5498415,5498415,5984730
5498567,5498567,5984730
5499159,5499159,5984730
5499306,5499306,5984730
5499496,5499496,5984730
5500778,5500778,5984730
5501048,5501048,5984730
5501752,5501752,5984730
5502627,5502627,5984730
5502815,5502815,5984730
5502971,5502971,5984730
5503270,5503270,5984730
5503933,5503933,5984730
5504047,5504047,5984730
5504160,5504160,5984730
5504161,5504161,5984730
5504366,5504366,5984730
5504668,5504668,5984730
5504733,5504733,5984730
5505005,5505005,5984730
5505024,5505024,5984730
5505314,5505314,5984730
5505729,5505729,5984730
5506704,5506704,5984730
5506794,5506794,5984730
5506917,5506917,5984730
5507327,5507327,5984730
5507396,5507396,5984730
5507684,5507684,5984730
5508125,5508125,5984730
5508201,5508201,5984730
5508228,5508228,5984730
5508587,5508587,5984730
5508939,5508939,5984730
5509151,5509151,5984730
5509180,5509180,5984730
5509270,5509270,5984730
5510496,5510496,5984730
5510615,5510615,5984730
5510809,5510809,5984730
5510856,5510856,5984730
5510892,5510892,5984730
5510922,5510922,5984730
5511010,5511010,5984730
5511758,5511758,5984730
5512270,5512270,5984730
5512472,5512472,5984730
5512710,5512710,5984730
5512736,5512736,5984730
5513161,5513161,5984730
5513165,5513165,5984730
5513480,5513480,5984730
5513724,5513724,5984730
5513752,5513752,5984730
5514984,5514984,5984730
5515250,5515250,5984730
5515423,5515423,5984730
5515947,5515947,5984730
5515972,5515972,5984730
5515973,5515973,5984730
5516019,5516019,5984730
5516958,5516958,5984730
5516981,5516981,5984730
5517155,5517155,5984730
5517327,5517327,5984730
5517365,5517365,5984730
5517650,5517650,5984730
5518187,5518187,5984730
5518299,5518299,5984730
5518347,5518347,5984730
5518449,5518449,5984730
5518483,5518483,5984730
5518516,5518516,5984730
5518602,5518602,5984730
5518614,5518614,5984730
5518998,5518998,5984730
5519363,5519363,5984730
5519926,5519926,5984730
5520142,5520142,5984730
5520165,5520165,5984730
5520248,5520248,5984730
5520488,5520488,5984730
5520802,5520802,5984730
5521237,5521237,5984730
5521454,5521454,5984730
5522227,5522227,5984730
5522285,5522285,5984730
5522574,5522574,5984730
5523372,5523372,5984730
5523414,5523414,5984730
5523486,5523486,5984730
5523936,5523936,5984730
5524434,5524434,5984730
5524485,5524485,5984730
5524622,5524622,5984730
5524663,5524663,5984730
5524779,5524779,5984730
5524882,5524882,5984730
5525586,5525586,5984730
5525697,5525697,5984730
5526146,5526146,5984730
5526172,5526172,5984730
5526256,5526256,5984730
5526264,5526264,5984730
5527515,5527515,5984730
5527519,5527519,5984730
5527658,5527658,5984730
5527735,5527735,5984730
5527927,5527927,5984730
5528457,5528457,5984730
5528757,5528757,5984730
5528827,5528827,5984730
5529859,5529859,5984730
5530002,5530002,5984730
5530363,5530363,5984730
5530563,5530563,5984730
5530666,5530666,5984730
5531257,5531257,5984730
5531314,5531314,5984730
5531665,5531665,5984730
5531724,5531724,5984730
5531847,5531847,5984730
5532158,5532158,5984730
5532305,5532305,5984730
5532839,5532839,5984730
5533042,5533042,5984730
5533337,5533337,5984730
5533479,5533479,5984730
5534154,5534154,5984730
5534295,5534295,5984730
5534328,5534328,5984730
5534536,5534536,5984730
5534690,5534690,5984730
5534872,5534872,5984730
5535056,5535056,5984730
5535314,5535314,5984730
5535315,5535315,5984730
5535567,5535567,5984730
5536310,5536310,5984730
5536512,5536512,5984730
5536543,5536543,5984730
5536609,5536609,5984730
5536618,5536618,5984730
5536831,5536831,5984730
5537495,5537495,5984730
5537529,5537529,5984730
5537789,5537789,5984730
5537816,5537816,5984730
5537830,5537830,5984730
5537926,5537926,5984730
5537996,5537996,5984730
5538038,5538038,5984730
5539345,5539345,5984730
5539903,5539903,5984730
5539943,5539943,5984730
5540129,5540129,5984730
5540461,5540461,5984730
5540612,5540612,5984730
5540903,5540903,5984730
5540999,5540999,5984730
5541180,5541180,5984730
5541543,5541543,5984730
5541743,5541743,5984730
5541830,5541830,5984730
5542138,5542138,5984730
5542150,5542150,5984730
5542306,5542306,5984730
5542599,5542599,5984730
5542663,5542663,5984730
5542997,5542997,5984730
5543644,5543644,5984730
5544307,5544307,5984730
5544337,5544337,5984730
5544403,5544403,5984730
5544692,5544692,5984730
5545007,5545007,5984730
5545337,5545337,5984730
5546408,5546408,5984730
5546488,5546488,5984730
5546539,5546539,5984730
5546849,5546849,5984730
5547002,5547002,5984730
5547066,5547066,5984730
5547129,5547129,5984730
5547191,5547191,5984730
5547706,5547706,5984730
5547825,5547825,5984730
5548101,5548101,5984730
5548110,5548110,5984730
5548353,5548353,5984730
5548370,5548370,5984730
5548654,5548654,5984730
5548924,5548924,5984730
5549305,5549305,5984730
5549584,5549584,5984730
5549687,5549687,5984730
5550043,5550043,5984730
5550216,5550216,5984730
5550225,5550225,5984730
5550396,5550396,5984730
5551321,5551321,5984730
5551667,5551667,5984730
5551712,5551712,5984730
5551746,5551746,5984730
5551915,5551915,5984730
5552083,5552083,5984730
5552134,5552134,5984730
5552371,5552371,5984730
5552577,5552577,5984730
5552815,5552815,5984730
5552831,5552831,5984730
5553044,5553044,5984730
5553161,5553161,5984730
5553360,5553360,5984730
5553390,5553390,5984730
5553549,5553549,5984730
5553570,5553570,5984730
5553640,5553640,5984730
5553906,5553906,5984730
5554009,5554009,5984730
5554095,5554095,5984730
5554887,5554887,5984730
5555133,5555133,5984730
5555458,5555458,5984730
5555890,5555890,5984730
5556105,5556105,5984730
5556391,5556391,5984730
5556432,5556432,5984730
5556501,5556501,5984730
5556575,5556575,5984730
5557188,5557188,5984730
5557625,5557625,5984730
5558126,5558126,5984730
5558139,5558139,5984730
5558395,5558395,5984730
5558539,5558539,5984730
5558567,5558567,5984730
5558595,5558595,5984730
5558705,5558705,5984730
5559153,5559153,5984730
5559173,5559173,5984730
5559279,5559279,5984730
5559306,5559306,5984730
5559326,5559326,5984730
5559468,5559468,5984730
5559477,5559477,5984730
5559799,5559799,5984730
5559814,5559814,5984730
5559818,5559818,5984730
5560144,5560144,5984730
5560166,5560166,5984730
5560190,5560190,5984730
5560256,5560256,5984730
5561068,5561068,5984730
5561259,5561259,5984730
5561503,5561503,5984730
5561565,5561565,5984730
5561908,5561908,5984730
5562069,5562069,5984730
5562213,5562213,5984730
5562267,5562267,5984730
5562673,5562673,5984730
5563198,5563198,5984730
5563506,5563506,5984730
5563522,5563522,5984730
5563531,5563531,5984730
5563808,5563808,5984730
5564107,5564107,5984730
5564631,5564631,5984730
5564701,5564701,5984730
5565002,5565002,5984730
5565119,5565119,5984730
5565260,5565260,5984730
5565958,5565958,5984730
5566078,5566078,5984730
5566261,5566261,5984730
5566396,5566396,5984730
5566577,5566577,5984730
5566792,5566792,5984730
5567056,5567056,5984730
5567141,5567141,5984730
5567168,5567168,5984730
5567362,5567362,5984730
5567523,5567523,5984730
5567889,5567889,5984730
5568009,5568009,5984730
5568221,5568221,5984730
5568363,5568363,5984730
5568909,5568909,5984730
5568969,5568969,5984730
5569331,5569331,5984730
5569467,5569467,5984730
5569926,5569926,5984730
5570212,5570212,5984730
5570573,5570573,5984730
5570887,5570887,5984730
5570930,5570930,5984730
5570987,5570987,5984730
5571011,5571011,5984730
5571080,5571080,5984730
5571472,5571472,5984730
5571611,5571611,5984730
5571883,5571883,5984730
5571946,5571946,5984730
5572254,5572254,5984730
5572532,5572532,5984730
5572599,5572599,5984730
5572936,5572936,5984730
5573588,5573588,5984730
5573677,5573677,5984730
5573693,5573693,5984730
5573751,5573751,5984730
5574305,5574305,5984730
5574430,5574430,5984730
5574612,5574612,5984730
5574677,5574677,5984730
5574790,5574790,5984730
5574897,5574897,5984730
5574949,5574949,5984730
5574951,5574951,5984730
5574999,5574999,5984730
5575357,5575357,5984730
5575454,5575454,5984730
5576475,5576475,5984730
5576546,5576546,5984730
5576588,5576588,5984730
5576706,5576706,5984730
5576718,5576718,5984730
5576791,5576791,5984730
5578155,5578155,5984730
5578255,5578255,5984730
5578357,5578357,5984730
5578519,5578519,5984730
5578736,5578736,5984730
5578823,5578823,5984730
5579166,5579166,5984730
5579472,5579472,5984730
5579889,5579889,5984730
5580356,5580356,5984730
5580851,5580851,5984730
5581290,5581290,5984730
5581920,5581920,5984730
5582038,5582038,5984730
5582087,5582087,5984730
5582226,5582226,5984730
5582346,5582346,5984730
5582432,5582432,5984730
5582610,5582610,5984730
5583362,5583362,5984730
5583630,5583630,5984730
5583814,5583814,5984730
5584012,5584012,5984730
5584158,5584158,5984730
5584407,5584407,5984730
5584627,5584627,5984730
5584920,5584920,5984730
5585009,5585009,5984730
5585238,5585238,5984730
5585374,5585374,5984730
5585783,5585783,5984730
5585907,5585907,5984730
5585917,5585917,5984730
5586942,5586942,5984730
5587440,5587440,5984730
5587666,5587666,5984730
5587737,5587737,5984730
5588466,5588466,5984730
5588675,5588675,5984730
5588690,5588690,5984730
5589022,5589022,5984730
5589177,5589177,5984730
5589331,5589331,5984730
5589804,5589804,5984730
5589835,5589835,5984730
5589995,5589995,5984730
5590463,5590463,5984730
5590648,5590648,5984730
5590870,5590870,5984730
5591187,5591187,5984730
5591414,5591414,5984730
5591503,5591503,5984730
5591625,5591625,5984730
5591687,5591687,5984730
5591829,5591829,5984730
5592085,5592085,5984730
5592716,5592716,5984730
5592745,5592745,5984730
5592789,5592789,5984730
5592879,5592879,5984730
5593306,5593306,5984730
5593354,5593354,5984730
5593392,5593392,5984730
5593796,5593796,5984730
5594058,5594058,5984730
5594065,5594065,5984730
5594251,5594251,5984730
5594480,5594480,5984730
5594777,5594777,5984730
5595051,5595051,5984730
5595698,5595698,5984730
5595922,5595922,5984730
5596549,5596549,5984730
5597100,5597100,5984730
5597128,5597128,5984730
5597383,5597383,5984730
5597991,5597991,5984730
5598036,5598036,5984730
5598161,5598161,5984730
5598471,5598471,5984730
5598541,5598541,5984730
5598720,5598720,5984730
5598920,5598920,5984730
5599356,5599356,5984730
5599640,5599640,5984730
5599686,5599686,5984730
5599903,5599903,5984730
5600567,5600567,5984730
5600722,5600722,5984730
5600735,5600735,5984730
5601200,5601200,5984730
5601604,5601604,5984730
5601648,5601648,5984730
5601740,5601740,5984730
5601934,5601934,5984730
5601987,5601987,5984730
5602170,5602170,5984730
5602495,5602495,5984730
5603040,5603040,5984730
5603091,5603091,5984730
5603321,5603321,5984730
5603355,5603355,5984730
5604375,5604375,5984730
5604499,5604499,5984730
5604634,5604634,5984730
5604794,5604794,5984730
5605071,5605071,5984730
5605317,5605317,5984730
5605348,5605348,5984730
5605374,5605374,5984730
5605391,5605391,5984730
5605903,5605903,5984730
5605953,5605953,5984730
5605968,5605968,5984730
5606235,5606235,5984730
5606485,5606485,5984730
5606617,5606617,5984730
5606950,5606950,5984730
5607024,5607024,5984730
5607350,5607350,5984730
5607567,5607567,5984730
5607574,5607574,5984730
5607750,5607750,5984730
5608473,5608473,5984730
5608809,5608809,5984730
5608879,5608879,5984730
5609081,5609081,5984730
5609098,5609098,5984730
5609597,5609597,5984730
5610053,5610053,5984730
5610133,5610133,5984730
5610332,5610332,5984730
5610606,5610606,5984730
5610612,5610612,5984730
5610679,5610679,5984730
5610700,5610700,5984730
5611801,5611801,5984730
5611947,5611947,5984730
5612140,5612140,5984730
5612924,5612924,5984730
5613143,5613143,5984730
5613509,5613509,5984730
5613520,5613520,5984730
5613763,5613763,5984730
5613930,5613930,5984730
5614302,5614302,5984730
5614317,5614317,5984730
5614585,5614585,5984730
5614748,5614748,5984730
5614908,5614908,5984730
5615127,5615127,5984730
5615209,5615209,5984730
5615523,5615523,5984730
5615589,5615589,5984730
5616394,5616394,5984730
5616719,5616719,5984730
5617575,5617575,5984730
5617793,5617793,5984730
5617817,5617817,5984730
5617924,5617924,5984730
5618035,5618035,5984730
5618064,5618064,5984730
5618498,5618498,5984730
5619232,5619232,5984730
5619511,5619511,5984730
5619592,5619592,5984730
5619611,5619611,5984730
5619729,5619729,5984730
5619764,5619764,5984730
5619818,5619818,5984730
5619979,5619979,5984730
5620213,5620213,5984730
5620497,5620497,5984730
5620618,5620618,5984730
5620645,5620645,5984730
5621158,5621158,5984730
5621216,5621216,5984730
5621455,5621455,5984730
5621685,5621685,5984730
5621876,5621876,5984730
5621880,5621880,5984730
5621906,5621906,5984730
5621956,5621956,5984730
5621992,5621992,5984730
5622059,5622059,5984730
5622407,5622407,5984730
5622450,5622450,5984730
5622920,5622920,5984730
5623018,5623018,5984730
5623430,5623430,5984730
5623914,5623914,5984730
5623945,5623945,5984730
5624248,5624248,5984730
5624683,5624683,5984730
5624962,5624962,5984730
5625151,5625151,5984730
5625161,5625161,5984730
5625312,5625312,5984730
5625360,5625360,5984730
5625416,5625416,5984730
5625759,5625759,5984730
5625807,5625807,5984730
5626014,5626014,5984730
5626039,5626039,5984730
5626236,5626236,5984730
5626854,5626854,5984730
5626951,5626951,5984730
5627099,5627099,5984730
5627175,5627175,5984730
5627365,5627365,5984730
5628299,5628299,5984730
5628590,5628590,5984730
5628858,5628858,5984730
5629085,5629085,5984730
5629130,5629130,5984730
5629399,5629399,5984730
5629684,5629684,5984730
5629711,5629711,5984730
5629848,5629848,5984730
5629916,5629916,5984730
5629926,5629926,5984730
5630581,5630581,5984730
5630623,5630623,5984730
5630891,5630891,5984730
5631030,5631030,5984730
5631293,5631293,5984730
5631369,5631369,5984730
5631928,5631928,5984730
5632082,5632082,5984730
5632138,5632138,5984730
5632425,5632425,5984730
5632517,5632517,5984730
5632689,5632689,5984730
5632756,5632756,5984730
5632895,5632895,5984730
5632914,5632914,5984730
5632955,5632955,5984730
5633125,5633125,5984730
5633227,5633227,5984730
5633399,5633399,5984730
5633474,5633474,5984730
5633492,5633492,5984730
5633790,5633790,5984730
5633847,5633847,5984730
5634070,5634070,5984730
5634153,5634153,5984730
5634160,5634160,5984730
5634180,5634180,5984730
5634349,5634349,5984730
5634542,5634542,5984730
5634560,5634560,5984730
5634685,5634685,5984730
5634814,5634814,5984730
5636307,5636307,5984730
5636885,5636885,5984730
5636969,5636969,5984730
5638142,5638142,5984730
5638183,5638183,5984730
5638244,5638244,5984730
5638320,5638320,5984730
5638565,5638565,5984730
5639132,5639132,5984730
5639176,5639176,5984730
5640015,5640015,5984730
5640120,5640120,5984730
5640150,5640150,5984730
5640202,5640202,5984730
5640334,5640334,5984730
5640394,5640394,5984730
5640480,5640480,5984730
5641007,5641007,5984730
5641385,5641385,5984730
5641525,5641525,5984730
5641527,5641527,5984730
5641640,5641640,5984730
5641814,5641814,5984730
5641871,5641871,5984730
5641927,5641927,5984730
5642113,5642113,5984730
5642121,5642121,5984730
5643050,5643050,5984730
5643469,5643469,5984730
5643994,5643994,5984730
5644060,5644060,5984730
5644426,5644426,5984730
5645758,5645758,5984730
5645760,5645760,5984730
5645972,5645972,5984730
5646919,5646919,5984730
5646947,5646947,5984730
5647418,5647418,5984730
5647450,5647450,5984730
5647568,5647568,5984730
5647755,5647755,5984730
5647922,5647922,5984730
5648035,5648035,5984730
5648673,5648673,5984730
5648737,5648737,5984730
5649121,5649121,5984730
5649371,5649371,5984730
5649468,5649468,5984730
5649515,5649515,5984730
5649654,5649654,5984730
5649669,5649669,5984730
5649694,5649694,5984730
5649751,5649751,5984730
5649838,5649838,5984730
5650138,5650138,5984730
5650747,5650747,5984730
5651033,5651033,5984730
5651279,5651279,5984730
5651303,5651303,5984730
5651374,5651374,5984730
5651568,5651568,5984730
5652231,5652231,5984730
5652370,5652370,5984730
5652906,5652906,5984730
5652946,5652946,5984730
5653193,5653193,5984730
5653299,5653299,5984730
5653681,5653681,5984730
5653825,5653825,5984730
5654150,5654150,5984730
5654865,5654865,5984730
5655196,5655196,5984730
5655269,5655269,5984730
5655614,5655614,5984730
5656063,5656063,5984730
5656418,5656418,5984730
5656576,5656576,5984730
5656675,5656675,5984730
5657022,5657022,5984730
5657085,5657085,5984730
5657129,5657129,5984730
5657262,5657262,5984730
5657298,5657298,5984730
5657417,5657417,5984730
5657502,5657502,5984730
5657502,5657502,5984730
5657620,5657620,5984730
5657645,5657645,5984730
5657897,5657897,5984730
5658071,5658071,5984730
5658181,5658181,5984730
5658278,5658278,5984730
5658548,5658548,5984730
5659529,5659529,5984730
5659765,5659765,5984730
5659807,5659807,5984730
5659915,5659915,5984730
5659938,5659938,5984730
5660075,5660075,5984730
5660280,5660280,5984730
5660318,5660318,5984730
5660324,5660324,5984730
5660449,5660449,5984730
5660567,5660567,5984730
5660758,5660758,5984730
5661061,5661061,5984730
5661087,5661087,5984730
5661687,5661687,5984730
5661735,5661735,5984730
5661773,5661773,5984730
5662434,5662434,5984730
5662595,5662595,5984730
5662760,5662760,5984730
5662782,5662782,5984730
5663100,5663100,5984730
5663689,5663689,5984730
5663948,5663948,5984730
5664895,5664895,5984730
5664910,5664910,5984730
5665178,5665178,5984730
5665256,5665256,5984730
5666369,5666369,5984730
5666649,5666649,5984730
5666970,5666970,5984730
5667131,5667131,5984730
5667394,5667394,5984730
5667487,5667487,5984730
5667536,5667536,5984730
5667656,5667656,5984730
5667852,5667852,5984730
5667911,5667911,5984730
5667929,5667929,5984730
5667960,5667960,5984730
5667977,5667977,5984730
5668472,5668472,5984730
5668757,5668757,5984730
5669055,5669055,5984730
5669073,5669073,5984730
5669203,5669203,5984730
5669489,5669489,5984730
5670070,5670070,5984730
5670759,5670759,5984730
5670901,5670901,5984730
5671242,5671242,5984730
5671555,5671555,5984730
5671697,5671697,5984730
5671985,5671985,5984730
5672256,5672256,5984730
5672274,5672274,5984730
5672436,5672436,5984730
5673237,5673237,5984730
5673448,5673448,5984730
5673816,5673816,5984730
5673913,5673913,5984730
5674109,5674109,5984730
5675025,5675025,5984730
5675251,5675251,5984730
5675448,5675448,5984730
5675801,5675801,5984730
5675953,5675953,5984730
5676102,5676102,5984730
5676105,5676105,5984730
5676146,5676146,5984730
5676174,5676174,5984730
5676447,5676447,5984730
5676542,5676542,5984730
5676543,5676543,5984730
5676717,5676717,5984730
5677051,5677051,5984730
5677058,5677058,5984730
5677113,5677113,5984730
5677152,5677152,5984730
5677189,5677189,5984730
5677286,5677286,5984730
5677365,5677365,5984730
5677390,5677390,5984730
5677461,5677461,5984730
5677590,5677590,5984730
5677822,5677822,5984730
5677830,5677830,5984730
5678013,5678013,5984730
5678073,5678073,5984730
5678342,5678342,5984730
5678399,5678399,5984730
5678423,5678423,5984730
5678427,5678427,5984730
5678733,5678733,5984730
5678753,5678753,5984730
5679052,5679052,5984730
5679142,5679142,5984730
5679913,5679913,5984730
5679990,5679990,5984730
5680083,5680083,5984730
5680200,5680200,5984730
5680264,5680264,5984730
5680374,5680374,5984730
5680747,5680747,5984730
5681619,5681619,5984730
5681826,5681826,5984730
5682261,5682261,5984730
5682275,5682275,5984730
5682397,5682397,5984730
5683109,5683109,5984730
5683170,5683170,5984730
5683259,5683259,5984730
5683449,5683449,5984730
5683717,5683717,5984730
5683823,5683823,5984730
5684205,5684205,5984730
5685135,5685135,5984730
5685567,5685567,5984730
5685805,5685805,5984730
5686000,5686000,5984730
5686023,5686023,5984730
5686496,5686496,5984730
5687340,5687340,5984730
5687523,5687523,5984730
5687715,5687715,5984730
5687737,5687737,5984730
5687741,5687741,5984730
5687797,5687797,5984730
5687826,5687826,5984730
5687952,5687952,5984730
5687990,5687990,5984730
5688271,5688271,5984730
5688429,5688429,5984730
5688452,5688452,5984730
5688488,5688488,5984730
5688801,5688801,5984730
5689448,5689448,5984730
5689538,5689538,5984730
5689936,5689936,5984730
5690127,5690127,5984730
5690195,5690195,5984730
5690483,5690483,5984730
5690588,5690588,5984730
5690629,5690629,5984730
5690922,5690922,5984730
5691151,5691151,5984730
5692018,5692018,5984730
5692128,5692128,5984730
5692155,5692155,5984730
5692393,5692393,5984730
5692616,5692616,5984730
5692952,5692952,5984730
5693444,5693444,5984730
5693524,5693524,5984730
5693583,5693583,5984730
5693816,5693816,5984730
5694574,5694574,5984730
5694851,5694851,5984730
5695126,5695126,5984730
5695158,5695158,5984730
5695496,5695496,5984730
5695549,5695549,5984730
5696265,5696265,5984730
5696557,5696557,5984730
5697099,5697099,5984730
5697109,5697109,5984730
5697144,5697144,5984730
5697531,5697531,5984730
5697610,5697610,5984730
5697633,5697633,5984730
5697933,5697933,5984730
5698033,5698033,5984730
5698188,5698188,5984730
5698308,5698308,5984730
5698798,5698798,5984730
5698884,5698884,5984730
5699080,5699080,5984730
5699204,5699204,5984730
5699500,5699500,5984730
5699914,5699914,5984730
5700168,5700168,5984730
5700325,5700325,5984730
5700371,5700371,5984730
5700680,5700680,5984730
5700817,5700817,5984730
5701980,5701980,5984730
5702051,5702051,5984730
5702060,5702060,5984730
5702133,5702133,5984730
5702249,5702249,5984730
5702664,5702664,5984730
5702797,5702797,5984730
5702977,5702977,5984730
5703188,5703188,5984730
5703200,5703200,5984730
5703403,5703403,5984730
5703635,5703635,5984730
5703755,5703755,5984730
5703893,5703893,5984730
5704073,5704073,5984730
5704819,5704819,5984730
5705059,5705059,5984730
5705258,5705258,5984730
5705554,5705554,5984730
5705982,5705982,5984730
5706131,5706131,5984730
5706354,5706354,5984730
5706403,5706403,5984730
5706610,5706610,5984730
5706692,5706692,5984730
5707013,5707013,5984730
5707054,5707054,5984730
5707206,5707206,5984730
5707635,5707635,5984730
5707676,5707676,5984730
5707809,5707809,5984730
5708052,5708052,5984730
5708280,5708280,5984730
5708295,5708295,5984730
5708441,5708441,5984730
5708732,5708732,5984730
5709162,5709162,5984730
5709507,5709507,5984730
5709575,5709575,5984730
5709606,5709606,5984730
5709982,5709982,5984730
5710900,5710900,5984730
5711444,5711444,5984730
5711978,5711978,5984730
5712277,5712277,5984730
5712444,5712444,5984730
5712706,5712706,5984730
5713148,5713148,5984730
5713443,5713443,5984730
5713682,5713682,5984730
5713869,5713869,5984730
5714132,5714132,5984730
5714160,5714160,5984730
5714244,5714244,5984730
5714252,5714252,5984730
5714292,5714292,5984730
5715315,5715315,5984730
5715417,5715417,5984730
5716113,5716113,5984730
5716420,5716420,5984730
5716503,5716503,5984730
5717301,5717301,5984730
5717453,5717453,5984730
5717932,5717932,5984730
5718020,5718020,5984730
5718730,5718730,5984730
5719943,5719943,5984730
5719962,5719962,5984730
5720196,5720196,5984730
5720840,5720840,5984730
5720898,5720898,5984730
5721556,5721556,5984730
5721830,5721830,5984730
5721912,5721912,5984730
5722109,5722109,5984730
5722587,5722587,5984730
5722983,5722983,5984730
5723365,5723365,5984730
5723948,5723948,5984730
5724117,5724117,5984730
5724119,5724119,5984730
5724190,5724190,5984730
5724245,5724245,5984730
5724286,5724286,5984730
5724886,5724886,5984730
5725280,5725280,5984730
5725527,5725527,5984730
5725694,5725694,5984730
5725953,5725953,5984730
5725969,5725969,5984730
5726127,5726127,5984730
5726552,5726552,5984730
5726801,5726801,5984730
5726824,5726824,5984730
5727201,5727201,5984730
5727358,5727358,5984730
5727382,5727382,5984730
5727907,5727907,5984730
5728371,5728371,5984730
5728792,5728792,5984730
5728890,5728890,5984730
5729041,5729041,5984730
5729198,5729198,5984730
5729214,5729214,5984730
5729227,5729227,5984730
5729330,5729330,5984730
5729555,5729555,5984730
5729569,5729569,5984730
5729626,5729626,5984730
5729722,5729722,5984730
5730021,5730021,5984730
5730030,5730030,5984730
5730316,5730316,5984730
5730347,5730347,5984730
5731181,5731181,5984730
5731270,5731270,5984730
5731813,5731813,5984730
5732231,5732231,5984730
5732985,5732985,5984730
5733105,5733105,5984730
5733148,5733148,5984730
5733192,5733192,5984730
5733274,5733274,5984730
5733868,5733868,5984730
5733956,5733956,5984730
5734184,5734184,5984730
5734397,5734397,5984730
5734516,5734516,5984730
5734951,5734951,5984730
5734998,5734998,5984730
5735206,5735206,5984730
5735859,5735859,5984730
5735891,5735891,5984730
5735908,5735908,5984730
5735990,5735990,5984730
5736238,5736238,5984730
5736454,5736454,5984730
5737538,5737538,5984730
5737721,5737721,5984730
5737991,5737991,5984730
5738068,5738068,5984730
5738162,5738162,5984730
5739049,5739049,5984730
5739243,5739243,5984730
5739503,5739503,5984730
5739583,5739583,5984730
5739695,5739695,5984730
5739705,5739705,5984730
5740634,5740634,5984730
5740665,5740665,5984730
5740820,5740820,5984730
5740849,5740849,5984730
5740983,5740983,5984730
5741615,5741615,5984730
5741690,5741690,5984730
5741994,5741994,5984730
5742133,5742133,5984730
5742296,5742296,5984730
5742353,5742353,5984730
5742376,5742376,5984730
5742707,5742707,5984730
5742788,5742788,5984730
5742982,5742982,5984730
5743352,5743352,5984730
5743612,5743612,5984730
5743978,5743978,5984730
5744099,5744099,5984730
5744207,5744207,5984730
5744227,5744227,5984730
5744410,5744410,5984730
5744613,5744613,5984730
5744800,5744800,5984730
5744887,5744887,5984730
5745153,5745153,5984730
5745183,5745183,5984730
5745202,5745202,5984730
5745351,5745351,5984730
5745631,5745631,5984730
5745640,5745640,5984730
5745661,5745661,5984730
5745706,5745706,5984730
5746319,5746319,5984730
5746572,5746572,5984730
5747137,5747137,5984730
5747419,5747419,5984730
5747583,5747583,5984730
5747845,5747845,5984730
5747846,5747846,5984730
5748177,5748177,5984730
5748994,5748994,5984730
5749083,5749083,5984730
5749196,5749196,5984730
5749318,5749318,5984730
5749823,5749823,5984730
5749986,5749986,5984730
5750080,5750080,5984730
5750097,5750097,5984730
5750603,5750603,5984730
5751082,5751082,5984730
5751137,5751137,5984730
5751259,5751259,5984730
5751269,5751269,5984730
5751318,5751318,5984730
5751620,5751620,5984730
5751790,5751790,5984730
5752008,5752008,5984730
5752178,5752178,5984730
5752205,5752205,5984730
5752425,5752425,5984730
5753076,5753076,5984730
5753313,5753313,5984730
5753463,5753463,5984730
5753967,5753967,5984730
5754521,5754521,5984730
5754592,5754592,5984730
5755488,5755488,5984730
5755738,5755738,5984730
5756984,5756984,5984730
5757137,5757137,5984730
5757320,5757320,5984730
5759499,5759499,5984730
5759823,5759823,5984730
5759915,5759915,5984730
5759930,5759930,5984730
5760124,5760124,5984730
5760240,5760240,5984730
5760298,5760298,5984730
5760403,5760403,5984730
5760437,5760437,5984730
5760576,5760576,5984730
5760682,5760682,5984730
5760691,5760691,5984730
5760768,5760768,5984730
5760980,5760980,5984730
5761403,5761403,5984730
5761515,5761515,5984730
5761921,5761921,5984730
5762019,5762019,5984730
5762719,5762719,5984730
5762793,5762793,5984730
5762950,5762950,5984730
5763087,5763087,5984730
5763247,5763247,5984730
5763254,5763254,5984730
5763293,5763293,5984730
5763951,5763951,5984730
5764356,5764356,5984730
5764406,5764406,5984730
5764425,5764425,5984730
5765357,5765357,5984730
5765812,5765812,5984730
5766267,5766267,5984730
5766627,5766627,5984730
5766631,5766631,5984730
5766642,5766642,5984730
5767219,5767219,5984730
5767294,5767294,5984730
5767946,5767946,5984730
5768048,5768048,5984730
5768218,5768218,5984730
5768600,5768600,5984730
5768745,5768745,5984730
5768868,5768868,5984730
5770450,5770450,5984730
5770454,5770454,5984730
5770528,5770528,5984730
5770621,5770621,5984730
5770723,5770723,5984730
5771143,5771143,5984730
5771404,5771404,5984730
5771473,5771473,5984730
5771959,5771959,5984730
5771962,5771962,5984730
5772120,5772120,5984730
5772408,5772408,5984730
5772506,5772506,5984730
5772527,5772527,5984730
5772902,5772902,5984730
5772990,5772990,5984730
5773087,5773087,5984730
5773182,5773182,5984730
5773884,5773884,5984730
5774119,5774119,5984730
5774600,5774600,5984730
5774686,5774686,5984730
5774813,5774813,5984730
5774820,5774820,5984730
5774921,5774921,5984730
5774985,5774985,5984730
5775834,5775834,5984730
5775885,5775885,5984730
5776305,5776305,5984730
5776361,5776361,5984730
5776641,5776641,5984730
5776745,5776745,5984730
5776917,5776917,5984730
5777298,5777298,5984730
5777436,5777436,5984730
5777477,5777477,5984730
5777561,5777561,5984730
5777569,5777569,5984730
5777570,5777570,5984730
5777584,5777584,5984730
5777700,5777700,5984730
5777784,5777784,5984730
5777865,5777865,5984730
5777872,5777872,5984730
5778047,5778047,5984730
5778451,5778451,5984730
5778593,5778593,5984730
5778657,5778657,5984730
5779129,5779129,5984730
5779208,5779208,5984730
5779779,5779779,5984730
5779913,5779913,5984730
5779962,5779962,5984730
5780057,5780057,5984730
5780469,5780469,5984730
5780790,5780790,5984730
5780944,5780944,5984730
5781134,5781134,5984730
5781766,5781766,5984730
5782058,5782058,5984730
5782764,5782764,5984730
5782765,5782765,5984730
5782929,5782929,5984730
5782940,5782940,5984730
5783034,5783034,5984730
5783059,5783059,5984730
5783113,5783113,5984730
5783161,5783161,5984730
5784178,5784178,5984730
5784622,5784622,5984730
5784842,5784842,5984730
5785264,5785264,5984730
5785639,5785639,5984730
5786719,5786719,5984730
5786853,5786853,5984730
5787051,5787051,5984730
5787079,5787079,5984730
5787405,5787405,5984730
5787559,5787559,5984730
5787689,5787689,5984730
5788361,5788361,5984730
5788484,5788484,5984730
5788723,5788723,5984730
5788977,5788977,5984730
5789955,5789955,5984730
5790056,5790056,5984730
5790308,5790308,5984730
5790406,5790406,5984730
5791217,5791217,5984730
5791229,5791229,5984730
5791521,5791521,5984730
5791970,5791970,5984730
5792264,5792264,5984730
5792307,5792307,5984730
5792325,5792325,5984730
5792716,5792716,5984730
5792788,5792788,5984730
5793207,5793207,5984730
5793466,5793466,5984730
5793636,5793636,5984730
5793994,5793994,5984730
5794111,5794111,5984730
5794118,5794118,5984730
5794369,5794369,5984730
5794570,5794570,5984730
5794627,5794627,5984730
5794632,5794632,5984730
5794931,5794931,5984730
5795166,5795166,5984730
5795315,5795315,5984730
5795717,5795717,5984730
5795903,5795903,5984730
5796322,5796322,5984730
5796353,5796353,5984730
5796886,5796886,5984730
5797453,5797453,5984730
5797489,5797489,5984730
5797605,5797605,5984730
5797696,5797696,5984730
5797938,5797938,5984730
5797939,5797939,5984730
5799190,5799190,5984730
5799518,5799518,5984730
5799778,5799778,5984730
5799976,5799976,5984730
5800491,5800491,5984730
5800522,5800522,5984730
5800526,5800526,5984730
5800751,5800751,5984730
5800788,5800788,5984730
5800966,5800966,5984730
5801112,5801112,5984730
5801294,5801294,5984730
5801420,5801420,5984730
5801641,5801641,5984730
5801729,5801729,5984730
5801806,5801806,5984730
5801806,5801806,5984730
5802127,5802127,5984730
5802427,5802427,5984730
5802882,5802882,5984730
5803317,5803317,5984730
5803444,5803444,5984730
5803619,5803619,5984730
5803686,5803686,5984730
5803695,5803695,5984730
5803748,5803748,5984730
5803930,5803930,5984730
5804169,5804169,5984730
5804171,5804171,5984730
5804268,5804268,5984730
5805772,5805772,5984730
5806147,5806147,5984730
5806336,5806336,5984730
5806394,5806394,5984730
5806658,5806658,5984730
5806884,5806884,5984730
5807429,5807429,5984730
5807588,5807588,5984730
5807634,5807634,5984730
5807689,5807689,5984730
5807827,5807827,5984730
5808899,5808899,5984730
5809714,5809714,5984730
5810517,5810517,5984730
5811700,5811700,5984730
5811820,5811820,5984730
5811871,5811871,5984730
5811996,5811996,5984730
5812671,5812671,5984730
5812768,5812768,5984730
5813092,5813092,5984730
5813232,5813232,5984730
5813312,5813312,5984730
5813488,5813488,5984730
5813728,5813728,5984730
5813791,5813791,5984730
5813981,5813981,5984730
5813989,5813989,5984730
5814079,5814079,5984730
5814247,5814247,5984730
5814598,5814598,5984730
5814655,5814655,5984730
5814812,5814812,5984730
5814909,5814909,5984730
5815234,5815234,5984730
5815241,5815241,5984730
5815372,5815372,5984730
5815680,5815680,5984730
5815703,5815703,5984730
5815765,5815765,5984730
5815909,5815909,5984730
5816219,5816219,5984730
5816952,5816952,5984730
5817380,5817380,5984730
5817914,5817914,5984730
5818128,5818128,5984730
5818135,5818135,5984730
5818249,5818249,5984730
5818962,5818962,5984730
5819314,5819314,5984730
5819484,5819484,5984730
5819904,5819904,5984730
5820689,5820689,5984730
5820725,5820725,5984730
5821171,5821171,5984730
5821525,5821525,5984730
5821797,5821797,5984730
5821825,5821825,5984730
5821916,5821916,5984730
5822180,5822180,5984730
5822615,5822615,5984730
5822759,5822759,5984730
5822785,5822785,5984730
5823114,5823114,5984730
5823416,5823416,5984730
5823938,5823938,5984730
5823971,5823971,5984730
5824362,5824362,5984730
5824397,5824397,5984730
5824684,5824684,5984730
5826008,5826008,5984730
5826105,5826105,5984730
5826230,5826230,5984730
5826260,5826260,5984730
5826432,5826432,5984730
5826749,5826749,5984730
5826830,5826830,5984730
5827565,5827565,5984730
5827846,5827846,5984730
5828518,5828518,5984730
5828619,5828619,5984730
5829111,5829111,5984730
5829491,5829491,5984730
5829811,5829811,5984730
5829888,5829888,5984730
5830373,5830373,5984730
5830880,5830880,5984730
5831084,5831084,5984730
5831578,5831578,5984730
5831639,5831639,5984730
5832031,5832031,5984730
5832104,5832104,5984730
5832171,5832171,5984730
5832340,5832340,5984730
5832474,5832474,5984730
5832548,5832548,5984730
5832577,5832577,5984730
5832710,5832710,5984730
5832796,5832796,5984730
5833274,5833274,5984730
5833399,5833399,5984730
5833867,5833867,5984730
5834588,5834588,5984730
5834702,5834702,5984730
5834914,5834914,5984730
5834953,5834953,5984730
5835645,5835645,5984730
5836218,5836218,5984730
5836312,5836312,5984730
5837581,5837581,5984730
5837850,5837850,5984730
5837948,5837948,5984730
5837961,5837961,5984730
5838153,5838153,5984730
5838255,5838255,5984730
5838651,5838651,5984730
5839257,5839257,5984730
5839514,5839514,5984730
5839643,5839643,5984730
5839662,5839662,5984730
5839849,5839849,5984730
5840103,5840103,5984730
5840406,5840406,5984730
5840508,5840508,5984730
5840970,5840970,5984730
5841020,5841020,5984730
5841371,5841371,5984730
5841399,5841399,5984730
5841600,5841600,5984730
5842132,5842132,5984730
5843098,5843098,5984730
5843312,5843312,5984730
5843469,5843469,5984730
5843626,5843626,5984730
5843889,5843889,5984730
5843968,5843968,5984730
5844087,5844087,5984730
5844203,5844203,5984730
5844434,5844434,5984730
5844591,5844591,5984730
5845023,5845023,5984730
5845044,5845044,5984730
5845758,5845758,5984730
5846127,5846127,5984730
5846357,5846357,5984730
5846533,5846533,5984730
5846587,5846587,5984730
5846919,5846919,5984730
5847367,5847367,5984730
5847736,5847736,5984730
5847789,5847789,5984730
5847982,5847982,5984730
5848612,5848612,5984730
5848817,5848817,5984730
5848937,5848937,5984730
5849059,5849059,5984730
5849295,5849295,5984730
5850186,5850186,5984730
5850525,5850525,5984730
5850545,5850545,5984730
5850682,5850682,5984730
5850712,5850712,5984730
5850793,5850793,5984730
5851455,5851455,5984730
5852602,5852602,5984730
5852952,5852952,5984730
5853063,5853063,5984730
5853115,5853115,5984730
5853479,5853479,5984730
5853566,5853566,5984730
5853764,5853764,5984730
5853906,5853906,5984730
5853913,5853913,5984730
5854212,5854212,5984730
5854453,5854453,5984730
5854861,5854861,5984730
5855249,5855249,5984730
5855252,5855252,5984730
5855679,5855679,5984730
5855999,5855999,5984730
5856281,5856281,5984730
5856610,5856610,5984730
5856656,5856656,5984730
5856727,5856727,5984730
5856992,5856992,5984730
5857049,5857049,5984730
5857415,5857415,5984730
5857465,5857465,5984730
5857643,5857643,5984730
5857974,5857974,5984730
5858833,5858833,5984730
5859314,5859314,5984730
5859537,5859537,5984730
5859842,5859842,5984730
5860736,5860736,5984730
5860977,5860977,5984730
5861206,5861206,5984730
5861306,5861306,5984730
5861355,5861355,5984730
5861910,5861910,5984730
5862031,5862031,5984730
5862117,5862117,5984730
5863256,5863256,5984730
5863357,5863357,5984730
5863693,5863693,5984730
5863955,5863955,5984730
5864075,5864075,5984730
5864306,5864306,5984730
5864465,5864465,5984730
5865435,5865435,5984730
5865583,5865583,5984730
5865886,5865886,5984730
5866135,5866135,5984730
5866547,5866547,5984730
5866586,5866586,5984730
5866927,5866927,5984730
5866967,5866967,5984730
5867078,5867078,5984730
5867186,5867186,5984730
5867590,5867590,5984730
5868419,5868419,5984730
5868430,5868430,5984730
5868909,5868909,5984730
5869081,5869081,5984730
5869332,5869332,5984730
5869518,5869518,5984730
5869536,5869536,5984730
5869547,5869547,5984730
5869594,5869594,5984730
5869930,5869930,5984730
5870449,5870449,5984730
5870699,5870699,5984730
5871233,5871233,5984730
5871510,5871510,5984730
5871539,5871539,5984730
5871768,5871768,5984730
5871935,5871935,5984730
5872214,5872214,5984730
5872618,5872618,5984730
5873156,5873156,5984730
5873413,5873413,5984730
5873887,5873887,5984730
5874019,5874019,5984730
5874054,5874054,5984730
5874302,5874302,5984730
5874371,5874371,5984730
5874530,5874530,5984730
5874901,5874901,5984730
5875116,5875116,5984730
5875285,5875285,5984730
5875773,5875773,5984730
5875793,5875793,5984730
5875958,5875958,5984730
5876018,5876018,5984730
5876053,5876053,5984730
5876130,5876130,5984730
5876337,5876337,5984730
5876395,5876395,5984730
5876396,5876396,5984730
5876822,5876822,5984730
5877028,5877028,5984730
5877171,5877171,5984730
5877350,5877350,5984730
5877548,5877548,5984730
5877664,5877664,5984730
5877668,5877668,5984730
5877741,5877741,5984730
5877905,5877905,5984730
5878024,5878024,5984730
5878162,5878162,5984730
5878199,5878199,5984730
5878453,5878453,5984730
5879031,5879031,5984730
5879115,5879115,5984730
5879307,5879307,5984730
5879446,5879446,5984730
5879652,5879652,5984730
5879767,5879767,5984730
5879948,5879948,5984730
5880019,5880019,5984730
5880596,5880596,5984730
5880728,5880728,5984730
5880891,5880891,5984730
5881289,5881289,5984730
5881362,5881362,5984730
5881388,5881388,5984730
5881414,5881414,5984730
5881693,5881693,5984730
5882502,5882502,5984730
5882625,5882625,5984730
5882907,5882907,5984730
5883007,5883007,5984730
5883344,5883344,5984730
5883671,5883671,5984730
5884212,5884212,5984730
5884446,5884446,5984730
5884617,5884617,5984730
5884649,5884649,5984730
5885015,5885015,5984730
5886340,5886340,5984730
5886358,5886358,5984730
5886796,5886796,5984730
5886892,5886892,5984730
5887332,5887332,5984730
5887393,5887393,5984730
5887527,5887527,5984730
5887629,5887629,5984730
5888180,5888180,5984730
5888244,5888244,5984730
5888481,5888481,5984730
5888605,5888605,5984730
5888686,5888686,5984730
5889285,5889285,5984730
5889401,5889401,5984730
5889483,5889483,5984730
5890310,5890310,5984730
5890576,5890576,5984730
5890932,5890932,5984730
5891041,5891041,5984730
5891305,5891305,5984730
5891685,5891685,5984730
5891747,5891747,5984730
5892065,5892065,5984730
5892162,5892162,5984730
5892217,5892217,5984730
5892565,5892565,5984730
5892726,5892726,5984730
5892735,5892735,5984730
5892781,5892781,5984730
5892921,5892921,5984730
5893014,5893014,5984730
5893152,5893152,5984730
5893217,5893217,5984730
5893324,5893324,5984730
5893834,5893834,5984730
5894413,5894413,5984730
5894426,5894426,5984730
5894618,5894618,5984730
5894656,5894656,5984730
5894668,5894668,5984730
5894975,5894975,5984730
5895392,5895392,5984730
5896221,5896221,5984730
5896741,5896741,5984730
5896855,5896855,5984730
5897089,5897089,5984730
5897782,5897782,5984730
5898974,5898974,5984730
5899063,5899063,5984730
5899102,5899102,5984730
5900123,5900123,5984730
5900456,5900456,5984730
5900495,5900495,5984730
5900648,5900648,5984730
5900907,5900907,5984730
5900927,5900927,5984730
5901297,5901297,5984730
5901972,5901972,5984730
5902134,5902134,5984730
5902433,5902433,5984730
5902472,5902472,5984730
5902639,5902639,5984730
5902750,5902750,5984730
5902930,5902930,5984730
5903058,5903058,5984730
5903510,5903510,5984730
5903747,5903747,5984730
5903835,5903835,5984730
5903895,5903895,5984730
5903926,5903926,5984730
5904241,5904241,5984730
5904409,5904409,5984730
5904782,5904782,5984730
5904829,5904829,5984730
5904997,5904997,5984730
5905309,5905309,5984730
5905378,5905378,5984730
5905560,5905560,5984730
5905624,5905624,5984730
5905681,5905681,5984730
5906288,5906288,5984730
5906453,5906453,5984730
5906918,5906918,5984730
5907104,5907104,5984730
5907188,5907188,5984730
5907360,5907360,5984730
5907561,5907561,5984730
5907645,5907645,5984730
5908320,5908320,5984730
5908488,5908488,5984730
5908665,5908665,5984730
5908715,5908715,5984730
5908923,5908923,5984730
5909392,5909392,5984730
5909470,5909470,5984730
5909547,5909547,5984730
5909745,5909745,5984730
5909973,5909973,5984730
5910154,5910154,5984730
5910216,5910216,5984730
5910359,5910359,5984730
5910704,5910704,5984730
5910795,5910795,5984730
5910883,5910883,5984730
5910938,5910938,5984730
5910947,5910947,5984730
5910964,5910964,5984730
5911344,5911344,5984730
5911492,5911492,5984730
5912611,5912611,5984730
5912746,5912746,5984730
5912835,5912835,5984730
5912901,5912901,5984730
5913005,5913005,5984730
5913309,5913309,5984730
5913797,5913797,5984730
5914585,5914585,5984730
5914784,5914784,5984730
5914946,5914946,5984730
5915281,5915281,5984730
5915462,5915462,5984730
5915641,5915641,5984730
5915644,5915644,5984730
5916272,5916272,5984730
5916665,5916665,5984730
5916782,5916782,5984730
5917170,5917170,5984730
5917217,5917217,5984730
5917344,5917344,5984730
5917691,5917691,5984730
5917695,5917695,5984730
5917896,5917896,5984730
5917963,5917963,5984730
5918034,5918034,5984730
5918289,5918289,5984730
5918394,5918394,5984730
5918720,5918720,5984730
5918730,5918730,5984730
5918873,5918873,5984730
5919046,5919046,5984730
5919110,5919110,5984730
5919245,5919245,5984730
5919254,5919254,5984730
5919368,5919368,5984730
5919839,5919839,5984730
5919852,5919852,5984730
5919859,5919859,5984730
5920763,5920763,5984730
5921021,5921021,5984730
5921292,5921292,5984730
5921304,5921304,5984730
5921558,5921558,5984730
5921677,5921677,5984730
5921731,5921731,5984730
5921780,5921780,5984730
5921836,5921836,5984730
5922254,5922254,5984730
5922309,5922309,5984730
5922428,5922428,5984730
5922431,5922431,5984730
5922680,5922680,5984730
5922800,5922800,5984730
5922978,5922978,5984730
5923079,5923079,5984730
5923132,5923132,5984730
5923786,5923786,5984730
5923910,5923910,5984730
5924378,5924378,5984730
5924384,5924384,5984730
5924604,5924604,5984730
5924841,5924841,5984730
5925468,5925468,5984730
5926104,5926104,5984730
5926185,5926185,5984730
5926836,5926836,5984730
5926986,5926986,5984730
5927584,5927584,5984730
5927954,5927954,5984730
5928187,5928187,5984730
5928257,5928257,5984730
5928267,5928267,5984730
5928547,5928547,5984730
5928614,5928614,5984730
5928760,5928760,5984730
5929087,5929087,5984730
5929338,5929338,5984730
5929737,5929737,5984730
5930213,5930213,5984730
5930462,5930462,5984730
5930721,5930721,5984730
5930755,5930755,5984730
5930956,5930956,5984730
5931126,5931126,5984730
5931770,5931770,5984730
5931809,5931809,5984730
5931887,5931887,5984730
5932392,5932392,5984730
5932640,5932640,5984730
5933760,5933760,5984730
5934150,5934150,5984730
5934926,5934926,5984730
5935408,5935408,5984730
5936086,5936086,5984730
5936704,5936704,5984730
5936718,5936718,5984730
5937014,5937014,5984730
5937040,5937040,5984730
5937545,5937545,5984730
5937965,5937965,5984730
5937989,5937989,5984730
5938104,5938104,5984730
5938415,5938415,5984730
5938475,5938475,5984730
5938513,5938513,5984730
5938611,5938611,5984730
5938648,5938648,5984730
5939890,5939890,5984730
5940177,5940177,5984730
5940401,5940401,5984730
5940622,5940622,5984730
5941068,5941068,5984730
5941554,5941554,5984730
5941682,5941682,5984730
5941712,5941712,5984730
5942083,5942083,5984730
5942210,5942210,5984730
5942686,5942686,5984730
5942759,5942759,5984730
5942833,5942833,5984730
5942958,5942958,5984730
5942963,5942963,5984730
5942970,5942970,5984730
5943091,5943091,5984730
5943162,5943162,5984730
5943408,5943408,5984730
5943803,5943803,5984730
5943994,5943994,5984730
5944506,5944506,5984730
5944548,5944548,5984730
5944819,5944819,5984730
5945110,5945110,5984730
5945180,5945180,5984730
5945447,5945447,5984730
5945472,5945472,5984730
5946048,5946048,5984730
5946049,5946049,5984730
5946239,5946239,5984730
5946890,5946890,5984730
5947255,5947255,5984730
5947479,5947479,5984730
5947742,5947742,5984730
5948132,5948132,5984730
5948191,5948191,5984730
5948266,5948266,5984730
5948396,5948396,5984730
5948742,5948742,5984730
5948855,5948855,5984730
5949089,5949089,5984730
5949191,5949191,5984730
5949687,5949687,5984730
5950613,5950613,5984730
5950829,5950829,5984730
5950963,5950963,5984730
5951480,5951480,5984730
5951701,5951701,5984730
5951718,5951718,5984730
5951740,5951740,5984730
5951951,5951951,5984730
5952370,5952370,5984730
5952465,5952465,5984730
5952823,5952823,5984730
5953124,5953124,5984730
5953325,5953325,5984730
5953521,5953521,5984730
5953714,5953714,5984730
5953854,5953854,5984730
5953893,5953893,5984730
5953936,5953936,5984730
5954002,5954002,5984730
5954008,5954008,5984730
5954136,5954136,5984730
5954214,5954214,5984730
5954268,5954268,5984730
5954403,5954403,5984730
5954656,5954656,5984730
5954663,5954663,5984730
5954943,5954943,5984730
5954979,5954979,5984730
5955115,5955115,5984730
5955139,5955139,5984730
5955702,5955702,5984730
5955833,5955833,5984730
5955867,5955867,5984730
5956357,5956357,5984730
5956448,5956448,5984730
5956978,5956978,5984730
5957042,5957042,5984730
5957441,5957441,5984730
5957804,5957804,5984730
5957839,5957839,5984730
5959026,5959026,5984730
5959090,5959090,5984730
5959308,5959308,5984730
5959570,5959570,5984730
5960939,5960939,5984730
5961418,5961418,5984730
5961697,5961697,5984730
5961822,5961822,5984730
5962084,5962084,5984730
5962363,5962363,5984730
5962576,5962576,5984730
5963027,5963027,5984730
5963137,5963137,5984730
5963266,5963266,5984730
5963832,5963832,5984730
5964077,5964077,5984730
5964083,5964083,5984730
5964220,5964220,5984730
5964626,5964626,5984730
5964674,5964674,5984730
5964893,5964893,5984730
5964999,5964999,5984730
5965041,5965041,5984730
5965103,5965103,5984730
5965727,5965727,5984730
5965951,5965951,5984730
5967403,5967403,5984730
5967549,5967549,5984730
5968196,5968196,5984730
5968236,5968236,5984730
5968530,5968530,5984730
5968535,5968535,5984730
5968866,5968866,5984730
5968895,5968895,5984730
5969162,5969162,5984730
5970240,5970240,5984730
5970331,5970331,5984730
5970462,5970462,5984730
5970567,5970567,5984730
5971015,5971015,5984730
5971203,5971203,5984730
5971927,5971927,5984730
5971944,5971944,5984730
5972345,5972345,5984730
5972762,5972762,5984730
5972962,5972962,5984730
5973055,5973055,5984730
5973319,5973319,5984730
5973325,5973325,5984730
5973731,5973731,5984730
5974316,5974316,5984730
5974508,5974508,5984730
5974585,5974585,5984730
5974946,5974946,5984730
5975242,5975242,5984730
5975537,5975537,5984730
5975618,5975618,5984730
5975804,5975804,5984730
5976214,5976214,5984730
5976542,5976542,5984730
5976911,5976911,5984730
5976912,5976912,5984730
5976913,5976913,5984730
5976926,5976926,5984730
5977303,5977303,5984730
5977494,5977494,5984730
5977895,5977895,5984730
5978178,5978178,5984730
5978338,5978338,5984730
5978535,5978535,5984730
5978863,5978863,5984730
5978956,5978956,5984730
5979020,5979020,5984730
5979466,5979466,5984730
5979987,5979987,5984730
5980070,5980070,5984730
5980115,5980115,5984730
5980119,5980119,5984730
5980283,5980283,5984730
5980702,5980702,5984730
5980869,5980869,5984730
5980887,5980887,5984730
5981041,5981041,5984730
5981259,5981259,5984730
5981391,5981391,5984730
5981493,5981493,5984730
5981512,5981512,5984730
5981825,5981825,5984730
5981971,5981971,5984730
5981994,5981994,5984730
5982110,5982110,5984730
5982312,5982312,5984730
5983172,5983172,5984730
5983191,5983191,5984730
5983195,5983195,5984730
5983480,5983480,5984730
5983650,5983650,5984730
5983839,5983839,5984730
5983853,5983853,5984730
5984156,5984156,5984730
5984474,5984474,5984730
5984566,5984566,5984730
5984635,5984635,5984730
5984709,5984709,5984730
5985793,5985793,6987836
5985875,5985875,6987836
5986035,5986035,6987836
5986120,5986120,6987836
5986466,5986466,6987836
5986642,5986642,6987836
5986693,5986693,6987836
5986946,5986946,6987836
5986988,5986988,6987836
5987180,5987180,6987836
5987325,5987325,6987836
5987879,5987879,6987836
5987989,5987989,6987836
5988049,5988049,6987836
5988194,5988194,6987836
5988212,5988212,6987836
5988582,5988582,6987836
5988611,5988611,6987836
5988688,5988688,6987836
5988704,5988704,6987836
5988830,5988830,6987836
5988983,5988983,6987836
5989159,5989159,6987836
5989190,5989190,6987836
5989516,5989516,6987836
5989608,5989608,6987836
5989653,5989653,6987836
5989756,5989756,6987836
5989865,5989865,6987836
5990072,5990072,6987836
5990129,5990129,6987836
5990387,5990387,6987836
5990470,5990470,6987836
5990805,5990805,6987836
5991281,5991281,6987836
5991309,5991309,6987836
5991595,5991595,6987836
5992238,5992238,6987836
5992748,5992748,6987836
5993306,5993306,6987836
5993353,5993353,6987836
5993369,5993369,6987836
5993374,5993374,6987836
5993531,5993531,6987836
5993554,5993554,6987836
5993634,5993634,6987836
5993813,5993813,6987836
5993961,5993961,6987836
5994071,5994071,6987836
5994149,5994149,6987836
5994433,5994433,6987836
5994452,5994452,6987836
5994559,5994559,6987836
5995158,5995158,6987836
5995158,5995158,6987836
5995400,5995400,6987836
5995519,5995519,6987836
5996175,5996175,6987836
5996820,5996820,6987836
5997136,5997136,6987836
5997186,5997186,6987836
5997233,5997233,6987836
5997285,5997285,6987836
5997294,5997294,6987836
5997410,5997410,6987836
5997431,5997431,6987836
5998159,5998159,6987836
5998332,5998332,6987836
5998546,5998546,6987836
5999288,5999288,6987836
5999660,5999660,6987836
5999810,5999810,6987836
6000062,6000062,6987836
6000501,6000501,6987836
6000828,6000828,6987836
6000883,6000883,6987836
6001668,6001668,6987836
6001751,6001751,6987836
6002966,6002966,6987836
6003382,6003382,6987836
6003518,6003518,6987836
6003554,6003554,6987836
6003983,6003983,6987836
6003990,6003990,6987836
6004045,6004045,6987836
6004427,6004427,6987836
6004720,6004720,6987836
6004825,6004825,6987836
6004878,6004878,6987836
6004913,6004913,6987836
6005162,6005162,6987836
6005700,6005700,6987836
6006006,6006006,6987836
6006057,6006057,6987836
6006212,6006212,6987836
6006942,6006942,6987836
6007091,6007091,6987836
6007770,6007770,6987836
6007891,6007891,6987836
6008343,6008343,6987836
6008353,6008353,6987836
6008367,6008367,6987836
6008386,6008386,6987836
6008559,6008559,6987836
6008843,6008843,6987836
6009319,6009319,6987836
6009323,6009323,6987836
6009728,6009728,6987836
6010037,6010037,6987836
6010080,6010080,6987836
6010185,6010185,6987836
6010383,6010383,6987836
6010581,6010581,6987836
6010938,6010938,6987836
6011175,6011175,6987836
6011183,6011183,6987836
6011187,6011187,6987836
6011355,6011355,6987836
6011412,6011412,6987836
6011638,6011638,6987836
6011963,6011963,6987836
6012164,6012164,6987836
6012443,6012443,6987836
6012521,6012521,6987836
6012601,6012601,6987836
6012958,6012958,6987836
6013109,6013109,6987836
6013143,6013143,6987836
6013517,6013517,6987836
6013643,6013643,6987836
6013751,6013751,6987836
6014076,6014076,6987836
6014149,6014149,6987836
6014209,6014209,6987836
6014397,6014397,6987836
6014496,6014496,6987836
6014899,6014899,6987836
6015492,6015492,6987836
6015661,6015661,6987836
6015938,6015938,6987836
6016000,6016000,6987836
6016183,6016183,6987836
6016320,6016320,6987836
6016506,6016506,6987836
6016807,6016807,6987836
6017087,6017087,6987836
6017101,6017101,6987836
6017439,6017439,6987836
6017698,6017698,6987836
6017911,6017911,6987836
6018166,6018166,6987836
6018263,6018263,6987836
6018941,6018941,6987836
6019373,6019373,6987836
6019534,6019534,6987836
6020060,6020060,6987836
6020317,6020317,6987836
6020433,6020433,6987836
6020959,6020959,6987836
6021015,6021015,6987836
6021060,6021060,6987836
6021846,6021846,6987836
6021992,6021992,6987836
6022337,6022337,6987836
6022473,6022473,6987836
6022503,6022503,6987836
6022876,6022876,6987836
6023155,6023155,6987836
6023670,6023670,6987836
6024293,6024293,6987836
6024424,6024424,6987836
6024524,6024524,6987836
6024645,6024645,6987836
6025064,6025064,6987836
6025092,6025092,6987836
6025172,6025172,6987836
6025317,6025317,6987836
6025360,6025360,6987836
6025391,6025391,6987836
6025594,6025594,6987836
6025643,6025643,6987836
6026256,6026256,6987836
6026633,6026633,6987836
6026735,6026735,6987836
6026757,6026757,6987836
6026880,6026880,6987836
6026979,6026979,6987836
6027006,6027006,6987836
6027505,6027505,6987836
6028022,6028022,6987836
6028198,6028198,6987836
6028597,6028597,6987836
6028634,6028634,6987836
6028784,6028784,6987836
6028959,6028959,6987836
6029485,6029485,6987836
6029530,6029530,6987836
6029770,6029770,6987836
6029927,6029927,6987836
6030109,6030109,6987836
6030166,6030166,6987836
6030171,6030171,6987836
6030337,6030337,6987836
6031302,6031302,6987836
6031556,6031556,6987836
6032098,6032098,6987836
6032424,6032424,6987836
6032567,6032567,6987836
6032636,6032636,6987836
6032748,6032748,6987836
6033645,6033645,6987836
6033774,6033774,6987836
6033868,6033868,6987836
6034095,6034095,6987836
6034497,6034497,6987836
6034988,6034988,6987836
6035045,6035045,6987836
6036659,6036659,6987836
6036709,6036709,6987836
6037232,6037232,6987836
6037412,6037412,6987836
6037863,6037863,6987836
6038278,6038278,6987836
6038560,6038560,6987836
6038614,6038614,6987836
6038730,6038730,6987836
6038955,6038955,6987836
6039434,6039434,6987836
6039958,6039958,6987836
6040207,6040207,6987836
6040227,6040227,6987836
6040825,6040825,6987836
6041062,6041062,6987836
6041123,6041123,6987836
6041155,6041155,6987836
6041317,6041317,6987836
6041637,6041637,6987836
6041797,6041797,6987836
6042238,6042238,6987836
6042285,6042285,6987836
6042392,6042392,6987836
6042881,6042881,6987836
6043051,6043051,6987836
6043061,6043061,6987836
6043504,6043504,6987836
6043538,6043538,6987836
6043905,6043905,6987836
6044745,6044745,6987836
6044916,6044916,6987836
6045089,6045089,6987836
6045318,6045318,6987836
6045594,6045594,6987836
6045637,6045637,6987836
6045686,6045686,6987836
6045820,6045820,6987836
6046118,6046118,6987836
6046131,6046131,6987836
6046270,6046270,6987836
6046325,6046325,6987836
6046623,6046623,6987836
6046863,6046863,6987836
6047187,6047187,6987836
6047304,6047304,6987836
6047362,6047362,6987836
6047909,6047909,6987836
6047918,6047918,6987836
6048532,6048532,6987836
6048562,6048562,6987836
6048823,6048823,6987836
6048895,6048895,6987836
6049213,6049213,6987836
6049486,6049486,6987836
6049666,6049666,6987836
6049746,6049746,6987836
6050082,6050082,6987836
6050311,6050311,6987836
6050415,6050415,6987836
6050545,6050545,6987836
6050852,6050852,6987836
6050915,6050915,6987836
6051233,6051233,6987836
6051328,6051328,6987836
6051864,6051864,6987836
6051878,6051878,6987836
6052062,6052062,6987836
6052788,6052788,6987836
6053218,6053218,6987836
6053340,6053340,6987836
6053565,6053565,6987836
6053873,6053873,6987836
6054312,6054312,6987836
6054404,6054404,6987836
6054969,6054969,6987836
6055071,6055071,6987836
6055266,6055266,6987836
6055285,6055285,6987836
6055477,6055477,6987836
6055799,6055799,6987836
6055820,6055820,6987836
6056464,6056464,6987836
6056517,6056517,6987836
6057335,6057335,6987836
6057686,6057686,6987836
6057765,6057765,6987836
6057810,6057810,6987836
6057867,6057867,6987836
6057940,6057940,6987836
6059361,6059361,6987836
6059669,6059669,6987836
6059971,6059971,6987836
6060582,6060582,6987836
6060647,6060647,6987836
6061346,6061346,6987836
6061787,6061787,6987836
6062852,6062852,6987836
6063104,6063104,6987836
6063209,6063209,6987836
6063434,6063434,6987836
6063551,6063551,6987836
6064028,6064028,6987836
6064130,6064130,6987836
6064202,6064202,6987836
6064219,6064219,6987836
6064263,6064263,6987836
6064378,6064378,6987836
6064485,6064485,6987836
6064968,6064968,6987836
6065559,6065559,6987836
6065873,6065873,6987836
6065881,6065881,6987836
6066116,6066116,6987836
6066204,6066204,6987836
6066523,6066523,6987836
6066868,6066868,6987836
6067020,6067020,6987836
6067163,6067163,6987836
6067482,6067482,6987836
6067969,6067969,6987836
6068078,6068078,6987836
6068129,6068129,6987836
6068169,6068169,6987836
6069115,6069115,6987836
6069289,6069289,6987836
6069595,6069595,6987836
6069767,6069767,6987836
6069833,6069833,6987836
6070297,6070297,6987836
6070567,6070567,6987836
6070906,6070906,6987836
6071241,6071241,6987836
6071306,6071306,6987836
6072595,6072595,6987836
6072694,6072694,6987836
6073098,6073098,6987836
6073347,6073347,6987836
6073394,6073394,6987836
6073544,6073544,6987836
6073568,6073568,6987836
6073689,6073689,6987836
6073833,6073833,6987836
6074785,6074785,6987836
6074892,6074892,6987836
6075037,6075037,6987836
6075293,6075293,6987836
6075746,6075746,6987836
6075825,6075825,6987836
6076066,6076066,6987836
6076329,6076329,6987836
6076461,6076461,6987836
6076574,6076574,6987836
6076612,6076612,6987836
6076890,6076890,6987836
6076952,6076952,6987836
6077005,6077005,6987836
6077016,6077016,6987836
6077103,6077103,6987836
6077176,6077176,6987836
6077677,6077677,6987836
6077806,6077806,6987836
6078082,6078082,6987836
6078101,6078101,6987836
6078177,6078177,6987836
6078506,6078506,6987836
6078738,6078738,6987836
6078802,6078802,6987836
6079136,6079136,6987836
6079237,6079237,6987836
6079288,6079288,6987836
6079359,6079359,6987836
6079606,6079606,6987836
6079764,6079764,6987836
6080238,6080238,6987836
6080871,6080871,6987836
6081367,6081367,6987836
6082066,6082066,6987836
6082280,6082280,6987836
6082489,6082489,6987836
6082590,6082590,6987836
6082707,6082707,6987836
6082869,6082869,6987836
6083396,6083396,6987836
6083888,6083888,6987836
6083981,6083981,6987836
6084438,6084438,6987836
6084983,6084983,6987836
6085192,6085192,6987836
6085243,6085243,6987836
6085304,6085304,6987836
6085384,6085384,6987836
6085543,6085543,6987836
6085715,6085715,6987836
6085846,6085846,6987836
6085910,6085910,6987836
6085931,6085931,6987836
6085996,6085996,6987836
6086034,6086034,6987836
6086162,6086162,6987836
6086188,6086188,6987836
6086211,6086211,6987836
6086313,6086313,6987836
6086721,6086721,6987836
6086806,6086806,6987836
6087162,6087162,6987836
6087178,6087178,6987836
6087390,6087390,6987836
6087986,6087986,6987836
6088088,6088088,6987836
6088207,6088207,6987836
6088248,6088248,6987836
6088303,6088303,6987836
6088600,6088600,6987836
6088810,6088810,6987836
6088948,6088948,6987836
6089256,6089256,6987836
6089444,6089444,6987836
6089864,6089864,6987836
6090775,6090775,6987836
6090790,6090790,6987836
6090965,6090965,6987836
6091126,6091126,6987836
6091166,6091166,6987836
6091979,6091979,6987836
6092318,6092318,6987836
6092326,6092326,6987836
6092450,6092450,6987836
6092602,6092602,6987836
6093201,6093201,6987836
6093304,6093304,6987836
6093429,6093429,6987836
6093503,6093503,6987836
6093624,6093624,6987836
6093661,6093661,6987836
6094294,6094294,6987836
6094306,6094306,6987836
6094358,6094358,6987836
6094745,6094745,6987836
6094790,6094790,6987836
6095277,6095277,6987836
6095452,6095452,6987836
6095896,6095896,6987836
6096654,6096654,6987836
6096718,6096718,6987836
6097014,6097014,6987836
6097079,6097079,6987836
6097163,6097163,6987836
6097174,6097174,6987836
6097594,6097594,6987836
6097741,6097741,6987836
6097756,6097756,6987836
6097896,6097896,6987836
6098221,6098221,6987836
6098968,6098968,6987836
6099301,6099301,6987836
6099559,6099559,6987836
6099706,6099706,6987836
6099919,6099919,6987836
6099920,6099920,6987836
6100130,6100130,6987836
6100145,6100145,6987836
6100169,6100169,6987836
6100185,6100185,6987836
6100233,6100233,6987836
6100771,6100771,6987836
6100852,6100852,6987836
6101060,6101060,6987836
6101356,6101356,6987836
6101373,6101373,6987836
6101463,6101463,6987836
6101769,6101769,6987836
6102105,6102105,6987836
6102170,6102170,6987836
6103018,6103018,6987836
6103025,6103025,6987836
6103378,6103378,6987836
6103484,6103484,6987836
6103488,6103488,6987836
6104133,6104133,6987836
6104251,6104251,6987836
6105290,6105290,6987836
6105333,6105333,6987836
6105784,6105784,6987836
6105877,6105877,6987836
6105902,6105902,6987836
6106133,6106133,6987836
6106251,6106251,6987836
6106437,6106437,6987836
6107661,6107661,6987836
6107698,6107698,6987836
6107972,6107972,6987836
6108375,6108375,6987836
6108631,6108631,6987836
6109783,6109783,6987836
6110465,6110465,6987836
6110500,6110500,6987836
6110594,6110594,6987836
6110769,6110769,6987836
6110831,6110831,6987836
6110930,6110930,6987836
6111038,6111038,6987836
6111049,6111049,6987836
6111332,6111332,6987836
6111481,6111481,6987836
6111551,6111551,6987836
6111577,6111577,6987836
6111867,6111867,6987836
6112237,6112237,6987836
6112516,6112516,6987836
6112549,6112549,6987836
6112757,6112757,6987836
6113016,6113016,6987836
6113536,6113536,6987836
6113546,6113546,6987836
6113593,6113593,6987836
6114169,6114169,6987836
6114216,6114216,6987836
6114264,6114264,6987836
6114687,6114687,6987836
6114755,6114755,6987836
6115049,6115049,6987836
6115088,6115088,6987836
6115177,6115177,6987836
6115381,6115381,6987836
6116020,6116020,6987836
6116250,6116250,6987836
6116905,6116905,6987836
6117573,6117573,6987836
6117750,6117750,6987836
6117880,6117880,6987836
6118195,6118195,6987836
6118280,6118280,6987836
6118727,6118727,6987836
6118789,6118789,6987836
6118906,6118906,6987836
6119262,6119262,6987836
6119519,6119519,6987836
6119779,6119779,6987836
6120050,6120050,6987836
6120279,6120279,6987836
6120317,6120317,6987836
6120665,6120665,6987836
6120804,6120804,6987836
6120814,6120814,6987836
6120829,6120829,6987836
6121048,6121048,6987836
6121466,6121466,6987836
6121651,6121651,6987836
6121910,6121910,6987836
6122697,6122697,6987836
6122990,6122990,6987836
6123506,6123506,6987836
6123539,6123539,6987836
6123568,6123568,6987836
6124166,6124166,6987836
6124206,6124206,6987836
6124258,6124258,6987836
6124510,6124510,6987836
6124886,6124886,6987836
6125407,6125407,6987836
6125495,6125495,6987836
6125606,6125606,6987836
6125630,6125630,6987836
6125874,6125874,6987836
6126145,6126145,6987836
6126710,6126710,6987836
6127313,6127313,6987836
6127337,6127337,6987836
6127349,6127349,6987836
6127428,6127428,6987836
6127543,6127543,6987836
6127811,6127811,6987836
6127823,6127823,6987836
6128446,6128446,6987836
6128457,6128457,6987836
6128537,6128537,6987836
6129140,6129140,6987836
6129604,6129604,6987836
6129750,6129750,6987836
6129883,6129883,6987836
6130055,6130055,6987836
6130209,6130209,6987836
6130310,6130310,6987836
6130720,6130720,6987836
6130788,6130788,6987836
6130950,6130950,6987836
6131172,6131172,6987836
6131408,6131408,6987836
6131505,6131505,6987836
6131677,6131677,6987836
6131778,6131778,6987836
6131894,6131894,6987836
6132132,6132132,6987836
6132144,6132144,6987836
6132263,6132263,6987836
6132281,6132281,6987836
6132288,6132288,6987836
6133437,6133437,6987836
6133474,6133474,6987836
6134077,6134077,6987836
6134214,6134214,6987836
6134524,6134524,6987836
6135614,6135614,6987836
6135948,6135948,6987836
6136051,6136051,6987836
6136163,6136163,6987836
6136187,6136187,6987836
6136189,6136189,6987836
6136676,6136676,6987836
6136774,6136774,6987836
6136819,6136819,6987836
6137250,6137250,6987836
6137622,6137622,6987836
6137780,6137780,6987836
6137843,6137843,6987836
6138065,6138065,6987836
6138933,6138933,6987836
6139637,6139637,6987836
6140127,6140127,6987836
6140169,6140169,6987836
6140595,6140595,6987836
6140891,6140891,6987836
6140940,6140940,6987836
6141714,6141714,6987836
6142010,6142010,6987836
6142016,6142016,6987836
6142172,6142172,6987836
6142320,6142320,6987836
6142686,6142686,6987836
6142700,6142700,6987836
6142844,6142844,6987836
6142883,6142883,6987836
6143101,6143101,6987836
6143127,6143127,6987836
6143274,6143274,6987836
6143481,6143481,6987836
6143806,6143806,6987836
6144143,6144143,6987836
6144675,6144675,6987836
6144701,6144701,6987836
6144716,6144716,6987836
6145488,6145488,6987836
6145523,6145523,6987836
6145650,6145650,6987836
6145657,6145657,6987836
6146143,6146143,6987836
6146222,6146222,6987836
6146339,6146339,6987836
6146475,6146475,6987836
6146704,6146704,6987836
6146761,6146761,6987836
6146855,6146855,6987836
6147403,6147403,6987836
6147474,6147474,6987836
6147847,6147847,6987836
6147952,6147952,6987836
6148581,6148581,6987836
6148728,6148728,6987836
6148860,6148860,6987836
6149088,6149088,6987836
6149221,6149221,6987836
6149572,6149572,6987836
6149598,6149598,6987836
6149828,6149828,6987836
6150647,6150647,6987836
6150921,6150921,6987836
6151449,6151449,6987836
6151462,6151462,6987836
6151770,6151770,6987836
6152487,6152487,6987836
6152515,6152515,6987836
6152575,6152575,6987836
6152654,6152654,6987836
6152868,6152868,6987836
6153007,6153007,6987836
6153405,6153405,6987836
6153572,6153572,6987836
6154069,6154069,6987836
6154195,6154195,6987836
6154488,6154488,6987836
6155043,6155043,6987836
6155117,6155117,6987836
6155788,6155788,6987836
6156187,6156187,6987836
6156607,6156607,6987836
6157106,6157106,6987836
6157161,6157161,6987836
6157325,6157325,6987836
6157379,6157379,6987836
6157480,6157480,6987836
6157880,6157880,6987836
6158464,6158464,6987836
6159169,6159169,6987836
6159753,6159753,6987836
6159823,6159823,6987836
6160039,6160039,6987836
6160475,6160475,6987836
6160499,6160499,6987836
6160556,6160556,6987836
6160599,6160599,6987836
6160760,6160760,6987836
6160780,6160780,6987836
6161086,6161086,6987836
6161090,6161090,6987836
6161286,6161286,6987836
6161296,6161296,6987836
6161315,6161315,6987836
6161696,6161696,6987836
6163115,6163115,6987836
6163419,6163419,6987836
6163523,6163523,6987836
6164543,6164543,6987836
6164603,6164603,6987836
6164746,6164746,6987836
6164751,6164751,6987836
6164905,6164905,6987836
6164930,6164930,6987836
6164997,6164997,6987836
6165059,6165059,6987836
6165546,6165546,6987836
6166195,6166195,6987836
6167279,6167279,6987836
6168654,6168654,6987836
6168668,6168668,6987836
6168706,6168706,6987836
6168797,6168797,6987836
6168858,6168858,6987836
6169105,6169105,6987836
6169106,6169106,6987836
6169520,6169520,6987836
6169791,6169791,6987836
6170453,6170453,6987836
6172455,6172455,6987836
6172781,6172781,6987836
6173208,6173208,6987836
6173277,6173277,6987836
6173405,6173405,6987836
6173871,6173871,6987836
6173939,6173939,6987836
6174146,6174146,6987836
6174336,6174336,6987836
6174639,6174639,6987836
6174705,6174705,6987836
6175208,6175208,6987836
6175377,6175377,6987836
6175809,6175809,6987836
6175881,6175881,6987836
6175979,6175979,6987836
6176048,6176048,6987836
6176367,6176367,6987836
6176374,6176374,6987836
6176400,6176400,6987836
6176413,6176413,6987836
6176518,6176518,6987836
6177054,6177054,6987836
6177532,6177532,6987836
6177652,6177652,6987836
6177829,6177829,6987836
6177998,6177998,6987836
6178505,6178505,6987836
6178666,6178666,6987836
6178975,6178975,6987836
6179048,6179048,6987836
6179520,6179520,6987836
6179712,6179712,6987836
6179770,6179770,6987836
6180190,6180190,6987836
6180429,6180429,6987836
6180464,6180464,6987836
6180834,6180834,6987836
6181081,6181081,6987836
6181585,6181585,6987836
6181635,6181635,6987836
6181649,6181649,6987836
6181868,6181868,6987836
6182160,6182160,6987836
6182299,6182299,6987836
6182482,6182482,6987836
6182543,6182543,6987836
6182545,6182545,6987836
6182647,6182647,6987836
6182870,6182870,6987836
6182893,6182893,6987836
6183231,6183231,6987836
6183474,6183474,6987836
6184043,6184043,6987836
6184137,6184137,6987836
6184504,6184504,6987836
6185119,6185119,6987836
6185123,6185123,6987836
6185127,6185127,6987836
6185153,6185153,6987836
6185366,6185366,6987836
6185640,6185640,6987836
6185972,6185972,6987836
6186947,6186947,6987836
6187350,6187350,6987836
6187805,6187805,6987836
6187878,6187878,6987836
6188091,6188091,6987836
6188289,6188289,6987836
6188850,6188850,6987836
6189172,6189172,6987836
6189418,6189418,6987836
6189606,6189606,6987836
6189799,6189799,6987836
6190289,6190289,6987836
6190852,6190852,6987836
6190903,6190903,6987836
6191598,6191598,6987836
6192011,6192011,6987836
6192022,6192022,6987836
6192145,6192145,6987836
6192238,6192238,6987836
6192660,6192660,6987836
6192994,6192994,6987836
6193283,6193283,6987836
6193676,6193676,6987836
6193952,6193952,6987836
6194157,6194157,6987836
6194646,6194646,6987836
6194773,6194773,6987836
6195032,6195032,6987836
6195042,6195042,6987836
6195086,6195086,6987836
6195264,6195264,6987836
6195441,6195441,6987836
6195498,6195498,6987836
6195571,6195571,6987836
6196687,6196687,6987836
6196937,6196937,6987836
6197349,6197349,6987836
6197613,6197613,6987836
6197991,6197991,6987836
6198159,6198159,6987836
6198168,6198168,6987836
6198324,6198324,6987836
6199240,6199240,6987836
6199328,6199328,6987836
6199712,6199712,6987836
6199855,6199855,6987836
6200321,6200321,6987836
6200725,6200725,6987836
6200912,6200912,6987836
6201624,6201624,6987836
6201849,6201849,6987836
6201897,6201897,6987836
6202013,6202013,6987836
6202180,6202180,6987836
6202616,6202616,6987836
6202664,6202664,6987836
6202848,6202848,6987836
6203615,6203615,6987836
6203665,6203665,6987836
6203832,6203832,6987836
6204073,6204073,6987836
6204215,6204215,6987836
6204374,6204374,6987836
6204520,6204520,6987836
6204557,6204557,6987836
6204607,6204607,6987836
6205330,6205330,6987836
6205943,6205943,6987836
6206155,6206155,6987836
6206467,6206467,6987836
6206763,6206763,6987836
6206957,6206957,6987836
6207272,6207272,6987836
6207362,6207362,6987836
6207423,6207423,6987836
6207775,6207775,6987836
6207862,6207862,6987836
6208004,6208004,6987836
6208163,6208163,6987836
6208239,6208239,6987836
6208453,6208453,6987836
6208635,6208635,6987836
6208669,6208669,6987836
6208749,6208749,6987836
6209110,6209110,6987836
6209320,6209320,6987836
6209556,6209556,6987836
6209824,6209824,6987836
6209887,6209887,6987836
6210035,6210035,6987836
6210262,6210262,6987836
6210264,6210264,6987836
6210608,6210608,6987836
6210806,6210806,6987836
6211343,6211343,6987836
6211752,6211752,6987836
6211765,6211765,6987836
6211986,6211986,6987836
6212104,6212104,6987836
6212106,6212106,6987836
6212517,6212517,6987836
6212632,6212632,6987836
6212682,6212682,6987836
6213036,6213036,6987836
6213275,6213275,6987836
6213376,6213376,6987836
6213665,6213665,6987836
6213995,6213995,6987836
6214326,6214326,6987836
6214367,6214367,6987836
6214734,6214734,6987836
6214866,6214866,6987836
6214895,6214895,6987836
6214938,6214938,6987836
6215271,6215271,6987836
6215424,6215424,6987836
6215471,6215471,6987836
6215607,6215607,6987836
6215664,6215664,6987836
6215743,6215743,6987836
6216267,6216267,6987836
6216270,6216270,6987836
6216514,6216514,6987836
6216675,6216675,6987836
6217065,6217065,6987836
6217238,6217238,6987836
6217327,6217327,6987836
6217514,6217514,6987836
6217566,6217566,6987836
6217635,6217635,6987836
6217860,6217860,6987836
6218159,6218159,6987836
6218308,6218308,6987836
6218545,6218545,6987836
6218729,6218729,6987836
6219629,6219629,6987836
6220210,6220210,6987836
6220521,6220521,6987836
6220721,6220721,6987836
6221050,6221050,6987836
6221169,6221169,6987836
6221736,6221736,6987836
6221780,6221780,6987836
6222265,6222265,6987836
6222284,6222284,6987836
6222333,6222333,6987836
6222337,6222337,6987836
6222827,6222827,6987836
6223297,6223297,6987836
6223302,6223302,6987836
6223964,6223964,6987836
6224350,6224350,6987836
6224529,6224529,6987836
6224798,6224798,6987836
6224841,6224841,6987836
6225102,6225102,6987836
6225104,6225104,6987836
6225829,6225829,6987836
6225865,6225865,6987836
6225912,6225912,6987836
6226025,6226025,6987836
6226317,6226317,6987836
6226920,6226920,6987836
6226964,6226964,6987836
6227158,6227158,6987836
6227415,6227415,6987836
6227479,6227479,6987836
6227620,6227620,6987836
6228085,6228085,6987836
6228396,6228396,6987836
6228859,6228859,6987836
6228984,6228984,6987836
6229200,6229200,6987836
6229535,6229535,6987836
6230583,6230583,6987836
6230694,6230694,6987836
6230786,6230786,6987836
6231357,6231357,6987836
6231693,6231693,6987836
6231699,6231699,6987836
6232455,6232455,6987836
6232781,6232781,6987836
6232938,6232938,6987836
6232964,6232964,6987836
6233477,6233477,6987836
6233781,6233781,6987836
6233884,6233884,6987836
6233974,6233974,6987836
6234441,6234441,6987836
6234756,6234756,6987836
6234968,6234968,6987836
6234980,6234980,6987836
6235420,6235420,6987836
6235764,6235764,6987836
6235827,6235827,6987836
6236318,6236318,6987836
6236948,6236948,6987836
6237062,6237062,6987836
6237160,6237160,6987836
6237319,6237319,6987836
6237789,6237789,6987836
6238025,6238025,6987836
6238486,6238486,6987836
6238662,6238662,6987836
6238958,6238958,6987836
6238983,6238983,6987836
6239323,6239323,6987836
6239478,6239478,6987836
6240296,6240296,6987836
6240348,6240348,6987836
6240527,6240527,6987836
6240941,6240941,6987836
6241101,6241101,6987836
6241116,6241116,6987836
6241445,6241445,6987836
6241893,6241893,6987836
6242266,6242266,6987836
6242394,6242394,6987836
6242452,6242452,6987836
6242801,6242801,6987836
6242959,6242959,6987836
6243357,6243357,6987836
6243455,6243455,6987836
6243848,6243848,6987836
6243924,6243924,6987836
6244520,6244520,6987836
6244591,6244591,6987836
6244765,6244765,6987836
6244905,6244905,6987836
6245168,6245168,6987836
6245226,6245226,6987836
6245728,6245728,6987836
6245929,6245929,6987836
6246088,6246088,6987836
6246411,6246411,6987836
6246519,6246519,6987836
6246610,6246610,6987836
6247102,6247102,6987836
6247650,6247650,6987836
6247737,6247737,6987836
6247808,6247808,6987836
6248102,6248102,6987836
6248245,6248245,6987836
6248365,6248365,6987836
6248575,6248575,6987836
6249243,6249243,6987836
6249668,6249668,6987836
6249918,6249918,6987836
6250043,6250043,6987836
6250292,6250292,6987836
6250979,6250979,6987836
6252135,6252135,6987836
6252415,6252415,6987836
6253508,6253508,6987836
6253513,6253513,6987836
6253592,6253592,6987836
6254108,6254108,6987836
6254934,6254934,6987836
6255165,6255165,6987836
6255394,6255394,6987836
6255949,6255949,6987836
6256210,6256210,6987836
6256439,6256439,6987836
6256460,6256460,6987836
6256479,6256479,6987836
6256547,6256547,6987836
6256852,6256852,6987836
6257251,6257251,6987836
6257463,6257463,6987836
6257878,6257878,6987836
6257946,6257946,6987836
6258208,6258208,6987836
6258526,6258526,6987836
6259650,6259650,6987836
6259678,6259678,6987836
6259985,6259985,6987836
6260150,6260150,6987836
6260177,6260177,6987836
6260283,6260283,6987836
6260695,6260695,6987836
6260724,6260724,6987836
6260756,6260756,6987836
6260983,6260983,6987836
6261073,6261073,6987836
6261144,6261144,6987836
6261186,6261186,6987836
6261503,6261503,6987836
6261635,6261635,6987836
6261721,6261721,6987836
6262116,6262116,6987836
6263148,6263148,6987836
6263266,6263266,6987836
6263597,6263597,6987836
6263812,6263812,6987836
6264015,6264015,6987836
6264291,6264291,6987836
6264346,6264346,6987836
6264939,6264939,6987836
6265070,6265070,6987836
6265103,6265103,6987836
6265339,6265339,6987836
6265546,6265546,6987836
6265696,6265696,6987836
6266759,6266759,6987836
6266913,6266913,6987836
6267691,6267691,6987836
6268087,6268087,6987836
6268514,6268514,6987836
6268754,6268754,6987836
6268839,6268839,6987836
6268881,6268881,6987836
6269041,6269041,6987836
6269185,6269185,6987836
6270580,6270580,6987836
6271169,6271169,6987836
6271345,6271345,6987836
6271764,6271764,6987836
6272480,6272480,6987836
6272760,6272760,6987836
6272906,6272906,6987836
6272911,6272911,6987836
6272995,6272995,6987836
6273345,6273345,6987836
6273677,6273677,6987836
6273881,6273881,6987836
6274053,6274053,6987836
6274512,6274512,6987836
6274712,6274712,6987836
6274717,6274717,6987836
6274777,6274777,6987836
6275177,6275177,6987836
6275328,6275328,6987836
6276137,6276137,6987836
6276579,6276579,6987836
6276819,6276819,6987836
6277260,6277260,6987836
6277487,6277487,6987836
6277647,6277647,6987836
6277731,6277731,6987836
6277823,6277823,6987836
6278235,6278235,6987836
6278365,6278365,6987836
6278465,6278465,6987836
6278736,6278736,6987836
6278831,6278831,6987836
6278919,6278919,6987836
6279225,6279225,6987836
6279399,6279399,6987836
6279847,6279847,6987836
6279990,6279990,6987836
6280510,6280510,6987836
6280566,6280566,6987836
6280642,6280642,6987836
6280708,6280708,6987836
6281318,6281318,6987836
6281502,6281502,6987836
6281798,6281798,6987836
6282125,6282125,6987836
6282315,6282315,6987836
6282397,6282397,6987836
6283445,6283445,6987836
6283563,6283563,6987836
6283633,6283633,6987836
6283792,6283792,6987836
6284298,6284298,6987836
6284753,6284753,6987836
6284844,6284844,6987836
6285076,6285076,6987836
6285633,6285633,6987836
6285976,6285976,6987836
6286167,6286167,6987836
6286277,6286277,6987836
6286479,6286479,6987836
6286590,6286590,6987836
6287136,6287136,6987836
6287330,6287330,6987836
6288018,6288018,6987836
6288097,6288097,6987836
6288903,6288903,6987836
6289165,6289165,6987836
6289271,6289271,6987836
6289517,6289517,6987836
6289525,6289525,6987836
6289720,6289720,6987836
6289754,6289754,6987836
6289851,6289851,6987836
6290129,6290129,6987836
6290190,6290190,6987836
6290957,6290957,6987836
6290999,6290999,6987836
6291066,6291066,6987836
6291325,6291325,6987836
6291869,6291869,6987836
6291925,6291925,6987836
6292052,6292052,6987836
6292060,6292060,6987836
6292432,6292432,6987836
6292479,6292479,6987836
6292481,6292481,6987836
6292717,6292717,6987836
6292760,6292760,6987836
6292830,6292830,6987836
6294144,6294144,6987836
6294202,6294202,6987836
6294309,6294309,6987836
6294409,6294409,6987836
6294526,6294526,6987836
6294759,6294759,6987836
6295022,6295022,6987836
6295894,6295894,6987836
6296265,6296265,6987836
6296820,6296820,6987836
6297042,6297042,6987836
6297075,6297075,6987836
6297360,6297360,6987836
6297376,6297376,6987836
6297734,6297734,6987836
6298259,6298259,6987836
6298277,6298277,6987836
6298472,6298472,6987836
6298528,6298528,6987836
6299025,6299025,6987836
6299260,6299260,6987836
6299613,6299613,6987836
6300321,6300321,6987836
6300502,6300502,6987836
6300849,6300849,6987836
6301194,6301194,6987836
6301415,6301415,6987836
6301843,6301843,6987836
6302067,6302067,6987836
6302260,6302260,6987836
6302341,6302341,6987836
6302406,6302406,6987836
6302464,6302464,6987836
6302828,6302828,6987836
6302885,6302885,6987836
6302972,6302972,6987836
6303127,6303127,6987836
6303170,6303170,6987836
6303571,6303571,6987836
6303576,6303576,6987836
6303611,6303611,6987836
6304345,6304345,6987836
6304964,6304964,6987836
6305126,6305126,6987836
6305241,6305241,6987836
6305473,6305473,6987836
6305554,6305554,6987836
6305887,6305887,6987836
6306018,6306018,6987836
6306402,6306402,6987836
6306796,6306796,6987836
6306871,6306871,6987836
6307307,6307307,6987836
6307431,6307431,6987836
6307474,6307474,6987836
6307519,6307519,6987836
6307677,6307677,6987836
6307843,6307843,6987836
6308439,6308439,6987836
6308725,6308725,6987836
6308912,6308912,6987836
6309267,6309267,6987836
6309276,6309276,6987836
6309469,6309469,6987836
6309770,6309770,6987836
6309807,6309807,6987836
6309807,6309807,6987836
6309813,6309813,6987836
6309888,6309888,6987836
6310640,6310640,6987836
6310859,6310859,6987836
6311244,6311244,6987836
6311679,6311679,6987836
6311997,6311997,6987836
6312518,6312518,6987836
6312554,6312554,6987836
6312732,6312732,6987836
6312849,6312849,6987836
6312851,6312851,6987836
6313003,6313003,6987836
6313195,6313195,6987836
6313954,6313954,6987836
6314094,6314094,6987836
6314267,6314267,6987836
6314440,6314440,6987836
6314838,6314838,6987836
6315264,6315264,6987836
6315423,6315423,6987836
6315507,6315507,6987836
6316013,6316013,6987836
6316064,6316064,6987836
6316067,6316067,6987836
6316372,6316372,6987836
6316533,6316533,6987836
6316608,6316608,6987836
6317167,6317167,6987836
6317310,6317310,6987836
6317710,6317710,6987836
6317881,6317881,6987836
6317891,6317891,6987836
6318015,6318015,6987836
6318382,6318382,6987836
6318590,6318590,6987836
6318680,6318680,6987836
6319082,6319082,6987836
6319145,6319145,6987836
6319296,6319296,6987836
6319526,6319526,6987836
6319789,6319789,6987836
6319844,6319844,6987836
6321357,6321357,6987836
6321433,6321433,6987836
6321461,6321461,6987836
6321551,6321551,6987836
6321980,6321980,6987836
6322015,6322015,6987836
6322110,6322110,6987836
6322338,6322338,6987836
6322677,6322677,6987836
6323155,6323155,6987836
6323457,6323457,6987836
6323797,6323797,6987836
6324465,6324465,6987836
6324729,6324729,6987836
6325346,6325346,6987836
6325385,6325385,6987836
6325577,6325577,6987836
6326043,6326043,6987836
6326490,6326490,6987836
6326627,6326627,6987836
6326746,6326746,6987836
6326840,6326840,6987836
6327031,6327031,6987836
6327064,6327064,6987836
6327076,6327076,6987836
6327801,6327801,6987836
6328011,6328011,6987836
6328167,6328167,6987836
6328688,6328688,6987836
6329245,6329245,6987836
6329414,6329414,6987836
6329472,6329472,6987836
6329535,6329535,6987836
6329728,6329728,6987836
6329729,6329729,6987836
6329897,6329897,6987836
6329965,6329965,6987836
6330069,6330069,6987836
6330769,6330769,6987836
6331100,6331100,6987836
6331210,6331210,6987836
6331317,6331317,6987836
6331430,6331430,6987836
6331518,6331518,6987836
6331563,6331563,6987836
6331915,6331915,6987836
6332555,6332555,6987836
6332652,6332652,6987836
6332674,6332674,6987836
6333687,6333687,6987836
6334157,6334157,6987836
6334560,6334560,6987836
6334645,6334645,6987836
6334811,6334811,6987836
6334826,6334826,6987836
6334959,6334959,6987836
6335428,6335428,6987836
6335801,6335801,6987836
6335923,6335923,6987836
6335951,6335951,6987836
6336235,6336235,6987836
6336584,6336584,6987836
6337303,6337303,6987836
6337708,6337708,6987836
6337786,6337786,6987836
6337926,6337926,6987836
6338087,6338087,6987836
6338171,6338171,6987836
6338276,6338276,6987836
6338325,6338325,6987836
6338881,6338881,6987836
6339023,6339023,6987836
6339773,6339773,6987836
6339962,6339962,6987836
6340100,6340100,6987836
6340277,6340277,6987836
6340485,6340485,6987836
6340501,6340501,6987836
6340604,6340604,6987836
6340658,6340658,6987836
6341038,6341038,6987836
6341057,6341057,6987836
6341769,6341769,6987836
6342011,6342011,6987836
6342266,6342266,6987836
6342270,6342270,6987836
6342828,6342828,6987836
6343190,6343190,6987836
6343390,6343390,6987836
6343629,6343629,6987836
6343713,6343713,6987836
6343763,6343763,6987836
6343789,6343789,6987836
6344294,6344294,6987836
6344365,6344365,6987836
6344474,6344474,6987836
6344654,6344654,6987836
6345088,6345088,6987836
6345543,6345543,6987836
6346149,6346149,6987836
6346235,6346235,6987836
6346455,6346455,6987836
6346481,6346481,6987836
6346583,6346583,6987836
6346602,6346602,6987836
6346821,6346821,6987836
6347048,6347048,6987836
6347182,6347182,6987836
6347215,6347215,6987836
6347452,6347452,6987836
6348402,6348402,6987836
6349056,6349056,6987836
6349211,6349211,6987836
6349230,6349230,6987836
6349311,6349311,6987836
6349428,6349428,6987836
6349563,6349563,6987836
6349853,6349853,6987836
6350574,6350574,6987836
6350589,6350589,6987836
6350966,6350966,6987836
6351474,6351474,6987836
6351626,6351626,6987836
6351757,6351757,6987836
6351759,6351759,6987836
6351779,6351779,6987836
6352226,6352226,6987836
6353023,6353023,6987836
6353041,6353041,6987836
6353148,6353148,6987836
6353199,6353199,6987836
6353226,6353226,6987836
6353517,6353517,6987836
6353558,6353558,6987836
6353985,6353985,6987836
6354044,6354044,6987836
6354085,6354085,6987836
6354221,6354221,6987836
6354245,6354245,6987836
6354340,6354340,6987836
6354515,6354515,6987836
6355300,6355300,6987836
6355740,6355740,6987836
6355859,6355859,6987836
6355918,6355918,6987836
6356132,6356132,6987836
6356740,6356740,6987836
6357279,6357279,6987836
6357302,6357302,6987836
6357315,6357315,6987836
6357318,6357318,6987836
6357604,6357604,6987836
6357631,6357631,6987836
6357888,6357888,6987836
6358333,6358333,6987836
6358664,6358664,6987836
6358838,6358838,6987836
6358949,6358949,6987836
6359133,6359133,6987836
6359270,6359270,6987836
6359652,6359652,6987836
6359662,6359662,6987836
6359738,6359738,6987836
6359828,6359828,6987836
6360031,6360031,6987836
6361481,6361481,6987836
6361550,6361550,6987836
6361567,6361567,6987836
6361572,6361572,6987836
6361740,6361740,6987836
6362426,6362426,6987836
6362634,6362634,6987836
6362855,6362855,6987836
6363089,6363089,6987836
6363501,6363501,6987836
6363802,6363802,6987836
6364137,6364137,6987836
6364141,6364141,6987836
6364154,6364154,6987836
6364156,6364156,6987836
6364697,6364697,6987836
6365450,6365450,6987836
6366112,6366112,6987836
6366368,6366368,6987836
6366684,6366684,6987836
6366715,6366715,6987836
6366763,6366763,6987836
6366794,6366794,6987836
6366832,6366832,6987836
6367563,6367563,6987836
6368106,6368106,6987836
6368251,6368251,6987836
6368378,6368378,6987836
6368516,6368516,6987836
6368615,6368615,6987836
6368860,6368860,6987836
6369078,6369078,6987836
6369081,6369081,6987836
6369468,6369468,6987836
6370241,6370241,6987836
6370255,6370255,6987836
6370325,6370325,6987836
6371012,6371012,6987836
6371377,6371377,6987836
6371786,6371786,6987836
6371929,6371929,6987836
6372162,6372162,6987836
6372253,6372253,6987836
6372867,6372867,6987836
6373129,6373129,6987836
6373489,6373489,6987836
6373541,6373541,6987836
6373547,6373547,6987836
6373794,6373794,6987836
6373804,6373804,6987836
6374211,6374211,6987836
6374442,6374442,6987836
6374482,6374482,6987836
6375103,6375103,6987836
6375514,6375514,6987836
6375551,6375551,6987836
6375572,6375572,6987836
6375615,6375615,6987836
6375692,6375692,6987836
6376126,6376126,6987836
6376396,6376396,6987836
6376575,6376575,6987836
6376750,6376750,6987836
6376886,6376886,6987836
6377098,6377098,6987836
6377212,6377212,6987836
6377296,6377296,6987836
6377431,6377431,6987836
6377580,6377580,6987836
6377767,6377767,6987836
6378116,6378116,6987836
6378237,6378237,6987836
6378280,6378280,6987836
6378653,6378653,6987836
6379159,6379159,6987836
6379851,6379851,6987836
6380629,6380629,6987836
6381286,6381286,6987836
6381381,6381381,6987836
6381732,6381732,6987836
6381807,6381807,6987836
6382034,6382034,6987836
6382110,6382110,6987836
6382342,6382342,6987836
6382694,6382694,6987836
6382838,6382838,6987836
6382915,6382915,6987836
6382974,6382974,6987836
6383179,6383179,6987836
6383550,6383550,6987836
6384203,6384203,6987836
6384313,6384313,6987836
6384577,6384577,6987836
6384780,6384780,6987836
6385069,6385069,6987836
6385473,6385473,6987836
6385608,6385608,6987836
6385815,6385815,6987836
6385941,6385941,6987836
6386200,6386200,6987836
6386206,6386206,6987836
6386398,6386398,6987836
6386656,6386656,6987836
6386783,6386783,6987836
6387000,6387000,6987836
6387396,6387396,6987836
6387432,6387432,6987836
6387445,6387445,6987836
6387568,6387568,6987836
6388057,6388057,6987836
6388403,6388403,6987836
6388412,6388412,6987836
6388490,6388490,6987836
6388490,6388490,6987836
6389086,6389086,6987836
6389212,6389212,6987836
6389638,6389638,6987836
6389654,6389654,6987836
6389681,6389681,6987836
6389787,6389787,6987836
6389981,6389981,6987836
6391067,6391067,6987836
6391289,6391289,6987836
6391355,6391355,6987836
6391433,6391433,6987836
6391610,6391610,6987836
6391674,6391674,6987836
6392018,6392018,6987836
6392083,6392083,6987836
6392246,6392246,6987836
6392327,6392327,6987836
6392330,6392330,6987836
6392378,6392378,6987836
6392502,6392502,6987836
6392992,6392992,6987836
6393020,6393020,6987836
6393095,6393095,6987836
6393102,6393102,6987836
6393203,6393203,6987836
6393271,6393271,6987836
6393526,6393526,6987836
6394155,6394155,6987836
6394385,6394385,6987836
6394527,6394527,6987836
6394765,6394765,6987836
6394947,6394947,6987836
6395198,6395198,6987836
6395203,6395203,6987836
6395756,6395756,6987836
6396280,6396280,6987836
6396776,6396776,6987836
6397118,6397118,6987836
6398267,6398267,6987836
6398330,6398330,6987836
6398604,6398604,6987836
6398813,6398813,6987836
6399285,6399285,6987836
6399287,6399287,6987836
6400307,6400307,6987836
6400460,6400460,6987836
6401191,6401191,6987836
6401209,6401209,6987836
6401579,6401579,6987836
6401887,6401887,6987836
6401905,6401905,6987836
6402092,6402092,6987836
6402791,6402791,6987836
6403318,6403318,6987836
6403554,6403554,6987836
6403766,6403766,6987836
6404399,6404399,6987836
6404547,6404547,6987836
6404624,6404624,6987836
6404678,6404678,6987836
6404873,6404873,6987836
6405081,6405081,6987836
6405240,6405240,6987836
6405254,6405254,6987836
6405532,6405532,6987836
6405567,6405567,6987836
6406287,6406287,6987836
6407156,6407156,6987836
6407249,6407249,6987836
6407288,6407288,6987836
6408004,6408004,6987836
6408052,6408052,6987836
6408651,6408651,6987836
6408683,6408683,6987836
6408930,6408930,6987836
6409011,6409011,6987836
6409217,6409217,6987836
6409277,6409277,6987836
6409370,6409370,6987836
6409376,6409376,6987836
6409425,6409425,6987836
6409513,6409513,6987836
6409553,6409553,6987836
6409720,6409720,6987836
6409917,6409917,6987836
6409967,6409967,6987836
6410405,6410405,6987836
6410906,6410906,6987836
6411218,6411218,6987836
6411547,6411547,6987836
6411688,6411688,6987836
6411979,6411979,6987836
6412134,6412134,6987836
6412417,6412417,6987836
6412473,6412473,6987836
6412681,6412681,6987836
6412715,6412715,6987836
6413345,6413345,6987836
6413597,6413597,6987836
6413900,6413900,6987836
6414112,6414112,6987836
6414187,6414187,6987836
6414479,6414479,6987836
6414515,6414515,6987836
6414918,6414918,6987836
6415007,6415007,6987836
6415119,6415119,6987836
6415283,6415283,6987836
6415562,6415562,6987836
6415615,6415615,6987836
6415777,6415777,6987836
6415914,6415914,6987836
6415925,6415925,6987836
6416048,6416048,6987836
6416432,6416432,6987836
6416542,6416542,6987836
6416817,6416817,6987836
6417403,6417403,6987836
6417636,6417636,6987836
6417794,6417794,6987836
6418082,6418082,6987836
6418593,6418593,6987836
6418818,6418818,6987836
6418952,6418952,6987836
6419156,6419156,6987836
6419173,6419173,6987836
6419380,6419380,6987836
6419571,6419571,6987836
6419990,6419990,6987836
6419999,6419999,6987836
6420027,6420027,6987836
6420337,6420337,6987836
6420700,6420700,6987836
6420854,6420854,6987836
6420923,6420923,6987836
6420960,6420960,6987836
6421234,6421234,6987836
6421654,6421654,6987836
6421787,6421787,6987836
6422026,6422026,6987836
6422290,6422290,6987836
6422315,6422315,6987836
6422777,6422777,6987836
6423009,6423009,6987836
6423036,6423036,6987836
6423038,6423038,6987836
6423448,6423448,6987836
6423804,6423804,6987836
6424135,6424135,6987836
6424264,6424264,6987836
6424589,6424589,6987836
6424795,6424795,6987836
6424867,6424867,6987836
6425015,6425015,6987836
6425135,6425135,6987836
6425386,6425386,6987836
6425536,6425536,6987836
6425665,6425665,6987836
6426274,6426274,6987836
6426351,6426351,6987836
6426534,6426534,6987836
6426645,6426645,6987836
6426711,6426711,6987836
6427098,6427098,6987836
6427163,6427163,6987836
6427475,6427475,6987836
6427514,6427514,6987836
6427616,6427616,6987836
6427636,6427636,6987836
6427643,6427643,6987836
6427987,6427987,6987836
6428303,6428303,6987836
6428595,6428595,6987836
6428639,6428639,6987836
6428953,6428953,6987836
6429566,6429566,6987836
6430129,6430129,6987836
6430141,6430141,6987836
6430267,6430267,6987836
6430475,6430475,6987836
6430710,6430710,6987836
6431071,6431071,6987836
6431138,6431138,6987836
6431452,6431452,6987836
6431637,6431637,6987836
6431645,6431645,6987836
6431684,6431684,6987836
6431739,6431739,6987836
6431871,6431871,6987836
6432213,6432213,6987836
6432301,6432301,6987836
6432638,6432638,6987836
6432895,6432895,6987836
6432971,6432971,6987836
6433494,6433494,6987836
6434573,6434573,6987836
6434730,6434730,6987836
6434738,6434738,6987836
6435001,6435001,6987836
6435184,6435184,6987836
6435265,6435265,6987836
6435287,6435287,6987836
6435315,6435315,6987836
6435471,6435471,6987836
6435743,6435743,6987836
6435831,6435831,6987836
6435950,6435950,6987836
6436122,6436122,6987836
6436182,6436182,6987836
6436184,6436184,6987836
6436213,6436213,6987836
6436329,6436329,6987836
6436799,6436799,6987836
6436955,6436955,6987836
6436968,6436968,6987836
6437221,6437221,6987836
6437353,6437353,6987836
6437361,6437361,6987836
6437554,6437554,6987836
6437562,6437562,6987836
6437786,6437786,6987836
6438145,6438145,6987836
6438250,6438250,6987836
6438353,6438353,6987836
6439323,6439323,6987836
6439335,6439335,6987836
6439875,6439875,6987836
6440086,6440086,6987836
6440292,6440292,6987836
6440346,6440346,6987836
6440392,6440392,6987836
6440503,6440503,6987836
6440619,6440619,6987836
6440669,6440669,6987836
6440815,6440815,6987836
6441066,6441066,6987836
6441903,6441903,6987836
6442070,6442070,6987836
6442528,6442528,6987836
6442581,6442581,6987836
6442642,6442642,6987836
6442855,6442855,6987836
6443029,6443029,6987836
6443413,6443413,6987836
6443668,6443668,6987836
6443696,6443696,6987836
6443900,6443900,6987836
6444000,6444000,6987836
6444114,6444114,6987836
6444141,6444141,6987836
6444231,6444231,6987836
6444416,6444416,6987836
6444597,6444597,6987836
6445150,6445150,6987836
6445329,6445329,6987836
6445525,6445525,6987836
6445689,6445689,6987836
6445895,6445895,6987836
6446099,6446099,6987836
6447057,6447057,6987836
6447156,6447156,6987836
6447164,6447164,6987836
6447361,6447361,6987836
6447415,6447415,6987836
6447625,6447625,6987836
6448047,6448047,6987836
6448791,6448791,6987836
6449498,6449498,6987836
6449595,6449595,6987836
6449654,6449654,6987836
6449964,6449964,6987836
6450027,6450027,6987836
6450246,6450246,6987836
6450285,6450285,6987836
6450306,6450306,6987836
6450891,6450891,6987836
6451164,6451164,6987836
6451563,6451563,6987836
6452219,6452219,6987836
6452380,6452380,6987836
6452562,6452562,6987836
6452603,6452603,6987836
6453129,6453129,6987836
6453354,6453354,6987836
6453730,6453730,6987836
6454351,6454351,6987836
6454721,6454721,6987836
6454909,6454909,6987836
6455280,6455280,6987836
6455399,6455399,6987836
6455454,6455454,6987836
6455458,6455458,6987836
6455642,6455642,6987836
6455707,6455707,6987836
6455850,6455850,6987836
6455910,6455910,6987836
6455996,6455996,6987836
6456298,6456298,6987836
6456961,6456961,6987836
6457050,6457050,6987836
6457280,6457280,6987836
6457519,6457519,6987836
6457555,6457555,6987836
6458353,6458353,6987836
6458558,6458558,6987836
6459105,6459105,6987836
6459143,6459143,6987836
6459188,6459188,6987836
6459324,6459324,6987836
6459659,6459659,6987836
6460268,6460268,6987836
6460287,6460287,6987836
6460454,6460454,6987836
6460489,6460489,6987836
6460522,6460522,6987836
6461180,6461180,6987836
6461605,6461605,6987836
6461606,6461606,6987836
6461947,6461947,6987836
6462714,6462714,6987836
6462744,6462744,6987836
6462831,6462831,6987836
6462938,6462938,6987836
6463787,6463787,6987836
6463865,6463865,6987836
6464868,6464868,6987836
6465072,6465072,6987836
6465809,6465809,6987836
6465880,6465880,6987836
6465951,6465951,6987836
6466002,6466002,6987836
6466116,6466116,6987836
6466257,6466257,6987836
6466418,6466418,6987836
6466958,6466958,6987836
6467114,6467114,6987836
6467218,6467218,6987836
6467866,6467866,6987836
6467921,6467921,6987836
6467938,6467938,6987836
6468020,6468020,6987836
6468302,6468302,6987836
6468729,6468729,6987836
6468935,6468935,6987836
6469503,6469503,6987836
6469603,6469603,6987836
6469897,6469897,6987836
6469902,6469902,6987836
6469923,6469923,6987836
6470186,6470186,6987836
6470291,6470291,6987836
6470409,6470409,6987836
6471456,6471456,6987836
6471531,6471531,6987836
6471547,6471547,6987836
6471790,6471790,6987836
6472167,6472167,6987836
6472224,6472224,6987836
6472416,6472416,6987836
6472866,6472866,6987836
6473565,6473565,6987836
6473770,6473770,6987836
6473823,6473823,6987836
6473939,6473939,6987836
6474067,6474067,6987836
6474295,6474295,6987836
6474816,6474816,6987836
6474818,6474818,6987836
6475198,6475198,6987836
6475245,6475245,6987836
6475433,6475433,6987836
6475781,6475781,6987836
6476281,6476281,6987836
6476715,6476715,6987836
6476824,6476824,6987836
6476961,6476961,6987836
6477153,6477153,6987836
6477521,6477521,6987836
6477794,6477794,6987836
6478350,6478350,6987836
6478852,6478852,6987836
6479046,6479046,6987836
6479158,6479158,6987836
6479668,6479668,6987836
6479844,6479844,6987836
6479855,6479855,6987836
6479867,6479867,6987836
6480110,6480110,6987836
6480128,6480128,6987836
6480209,6480209,6987836
6480574,6480574,6987836
6480681,6480681,6987836
6480700,6480700,6987836
6480904,6480904,6987836
6480952,6480952,6987836
6481204,6481204,6987836
6481815,6481815,6987836
6482414,6482414,6987836
6482601,6482601,6987836
6483162,6483162,6987836
6483295,6483295,6987836
6483348,6483348,6987836
6483547,6483547,6987836
6483566,6483566,6987836
6483666,6483666,6987836
6484175,6484175,6987836
6484420,6484420,6987836
6484499,6484499,6987836
6484950,6484950,6987836
6485002,6485002,6987836
6485513,6485513,6987836
6485837,6485837,6987836
6485886,6485886,6987836
6485937,6485937,6987836
6486943,6486943,6987836
6486951,6486951,6987836
6487164,6487164,6987836
6487242,6487242,6987836
6487398,6487398,6987836
6487790,6487790,6987836
6487833,6487833,6987836
6487851,6487851,6987836
6487896,6487896,6987836
6488091,6488091,6987836
6488267,6488267,6987836
6488445,6488445,6987836
6488645,6488645,6987836
6488778,6488778,6987836
6489348,6489348,6987836
6489370,6489370,6987836
6489453,6489453,6987836
6489622,6489622,6987836
6489771,6489771,6987836
6489892,6489892,6987836
6489944,6489944,6987836
6489960,6489960,6987836
6490190,6490190,6987836
6490920,6490920,6987836
6491035,6491035,6987836
6491436,6491436,6987836
6491526,6491526,6987836
6491981,6491981,6987836
6492239,6492239,6987836
6492276,6492276,6987836
6492288,6492288,6987836
6492418,6492418,6987836
6492619,6492619,6987836
6493176,6493176,6987836
6493193,6493193,6987836
6493308,6493308,6987836
6493313,6493313,6987836
6493814,6493814,6987836
6494089,6494089,6987836
6494352,6494352,6987836
6494386,6494386,6987836
6494552,6494552,6987836
6494720,6494720,6987836
6495085,6495085,6987836
6495201,6495201,6987836
6495236,6495236,6987836
6495484,6495484,6987836
6495611,6495611,6987836
6495747,6495747,6987836
6495869,6495869,6987836
6495993,6495993,6987836
6496006,6496006,6987836
6496151,6496151,6987836
6496174,6496174,6987836
6496550,6496550,6987836
6497495,6497495,6987836
6497879,6497879,6987836
6498683,6498683,6987836
6498729,6498729,6987836
6499021,6499021,6987836
6499488,6499488,6987836
6499885,6499885,6987836
6500232,6500232,6987836
6501422,6501422,6987836
6501489,6501489,6987836
6502255,6502255,6987836
6502380,6502380,6987836
6503093,6503093,6987836
6503209,6503209,6987836
6503392,6503392,6987836
6503464,6503464,6987836
6503496,6503496,6987836
6503790,6503790,6987836
6504318,6504318,6987836
6504367,6504367,6987836
6504496,6504496,6987836
6505511,6505511,6987836
6505647,6505647,6987836
6505649,6505649,6987836
6505718,6505718,6987836
6506181,6506181,6987836
6506314,6506314,6987836
6506707,6506707,6987836
6506791,6506791,6987836
6506802,6506802,6987836
6507012,6507012,6987836
6507097,6507097,6987836
6507138,6507138,6987836
6507254,6507254,6987836
6507633,6507633,6987836
6507929,6507929,6987836
6508362,6508362,6987836
6508446,6508446,6987836
6508596,6508596,6987836
6508674,6508674,6987836
6508752,6508752,6987836
6509966,6509966,6987836
6510023,6510023,6987836
6510337,6510337,6987836
6510727,6510727,6987836
6510809,6510809,6987836
6511135,6511135,6987836
6511288,6511288,6987836
6511309,6511309,6987836
6511958,6511958,6987836
6512057,6512057,6987836
6512143,6512143,6987836
6512376,6512376,6987836
6512389,6512389,6987836
6512523,6512523,6987836
6512624,6512624,6987836
6512745,6512745,6987836
6513388,6513388,6987836
6514137,6514137,6987836
6514239,6514239,6987836
6514398,6514398,6987836
6514572,6514572,6987836
6514821,6514821,6987836
6515386,6515386,6987836
6515549,6515549,6987836
6515681,6515681,6987836
6515753,6515753,6987836
6516423,6516423,6987836
6516517,6516517,6987836
6516869,6516869,6987836
6517153,6517153,6987836
6517302,6517302,6987836
6517320,6517320,6987836
6517394,6517394,6987836
6517407,6517407,6987836
6517517,6517517,6987836
6517647,6517647,6987836
6518290,6518290,6987836
6518710,6518710,6987836
6518876,6518876,6987836
6519042,6519042,6987836
6519240,6519240,6987836
6520208,6520208,6987836
6520729,6520729,6987836
6520826,6520826,6987836
6520874,6520874,6987836
6520886,6520886,6987836
6521174,6521174,6987836
6521710,6521710,6987836
6521827,6521827,6987836
6522234,6522234,6987836
6522359,6522359,6987836
6522458,6522458,6987836
6522478,6522478,6987836
6522864,6522864,6987836
6522958,6522958,6987836
6523010,6523010,6987836
6523052,6523052,6987836
6523406,6523406,6987836
6523557,6523557,6987836
6524633,6524633,6987836
6524920,6524920,6987836
6525140,6525140,6987836
6525319,6525319,6987836
6525396,6525396,6987836
6525440,6525440,6987836
6525483,6525483,6987836
6526192,6526192,6987836
6526369,6526369,6987836
6526433,6526433,6987836
6526659,6526659,6987836
6527175,6527175,6987836
6527944,6527944,6987836
6527999,6527999,6987836
6528278,6528278,6987836
6528327,6528327,6987836
6529236,6529236,6987836
6529570,6529570,6987836
6529676,6529676,6987836
6529977,6529977,6987836
6530321,6530321,6987836
6531060,6531060,6987836
6532110,6532110,6987836
6532359,6532359,6987836
6532577,6532577,6987836
6532585,6532585,6987836
6533361,6533361,6987836
6533368,6533368,6987836
6533375,6533375,6987836
6533505,6533505,6987836
6535183,6535183,6987836
6535429,6535429,6987836
6535582,6535582,6987836
6535628,6535628,6987836
6536046,6536046,6987836
6536376,6536376,6987836
6536852,6536852,6987836
6537018,6537018,6987836
6537538,6537538,6987836
6537579,6537579,6987836
6538313,6538313,6987836
6538563,6538563,6987836
6538715,6538715,6987836
6538731,6538731,6987836
6539168,6539168,6987836
6539351,6539351,6987836
6539546,6539546,6987836
6539767,6539767,6987836
6539898,6539898,6987836
6540073,6540073,6987836
6540643,6540643,6987836
6540939,6540939,6987836
6541043,6541043,6987836
6541173,6541173,6987836
6541749,6541749,6987836
6542059,6542059,6987836
6542112,6542112,6987836
6542603,6542603,6987836
6542832,6542832,6987836
6543321,6543321,6987836
6543438,6543438,6987836
6543645,6543645,6987836
6544158,6544158,6987836
6544327,6544327,6987836
6544580,6544580,6987836
6544586,6544586,6987836
6544855,6544855,6987836
6545002,6545002,6987836
6545181,6545181,6987836
6545277,6545277,6987836
6545421,6545421,6987836
6545634,6545634,6987836
6545680,6545680,6987836
6546431,6546431,6987836
6546530,6546530,6987836
6546807,6546807,6987836
6547552,6547552,6987836
6547706,6547706,6987836
6547964,6547964,6987836
6548314,6548314,6987836
6548503,6548503,6987836
6548838,6548838,6987836
6548861,6548861,6987836
6549121,6549121,6987836
6549229,6549229,6987836
6549331,6549331,6987836
6550057,6550057,6987836
6550315,6550315,6987836
6550553,6550553,6987836
6551022,6551022,6987836
6551396,6551396,6987836
6551426,6551426,6987836
6551481,6551481,6987836
6551514,6551514,6987836
6551863,6551863,6987836
6552048,6552048,6987836
6552078,6552078,6987836
6552157,6552157,6987836
6552159,6552159,6987836
6552681,6552681,6987836
6552962,6552962,6987836
6553673,6553673,6987836
6553906,6553906,6987836
6554305,6554305,6987836
6554399,6554399,6987836
6555112,6555112,6987836
6555415,6555415,6987836
6555742,6555742,6987836
6556144,6556144,6987836
6556519,6556519,6987836
6556954,6556954,6987836
6557012,6557012,6987836
6557727,6557727,6987836
6557840,6557840,6987836
6558521,6558521,6987836
6558552,6558552,6987836
6559292,6559292,6987836
6559460,6559460,6987836
6559861,6559861,6987836
6559993,6559993,6987836
6560173,6560173,6987836
6560410,6560410,6987836
6560757,6560757,6987836
6560811,6560811,6987836
6560898,6560898,6987836
6561304,6561304,6987836
6562015,6562015,6987836
6562068,6562068,6987836
6562086,6562086,6987836
6562205,6562205,6987836
6562611,6562611,6987836
6562626,6562626,6987836
6564274,6564274,6987836
6564552,6564552,6987836
6564630,6564630,6987836
6565097,6565097,6987836
6565148,6565148,6987836
6565179,6565179,6987836
6565604,6565604,6987836
6565999,6565999,6987836
6566114,6566114,6987836
6566261,6566261,6987836
6566378,6566378,6987836
6567082,6567082,6987836
6567263,6567263,6987836
6567338,6567338,6987836
6567354,6567354,6987836
6567483,6567483,6987836
6567522,6567522,6987836
6567600,6567600,6987836
6567832,6567832,6987836
6567987,6567987,6987836
6568181,6568181,6987836
6568663,6568663,6987836
6568752,6568752,6987836
6568763,6568763,6987836
6568997,6568997,6987836
6569709,6569709,6987836
6569947,6569947,6987836
6570234,6570234,6987836
6570399,6570399,6987836
6570457,6570457,6987836
6570677,6570677,6987836
6570979,6570979,6987836
6570995,6570995,6987836
6571002,6571002,6987836
6571452,6571452,6987836
6571573,6571573,6987836
6571688,6571688,6987836
6572213,6572213,6987836
6572497,6572497,6987836
6572748,6572748,6987836
6572982,6572982,6987836
6573030,6573030,6987836
6573448,6573448,6987836
6573567,6573567,6987836
6573677,6573677,6987836
6573852,6573852,6987836
6573915,6573915,6987836
6574186,6574186,6987836
6574198,6574198,6987836
6574220,6574220,6987836
6574605,6574605,6987836
6574615,6574615,6987836
6574948,6574948,6987836
6575627,6575627,6987836
6575789,6575789,6987836
6576129,6576129,6987836
6576228,6576228,6987836
6576570,6576570,6987836
6576827,6576827,6987836
6577273,6577273,6987836
6577433,6577433,6987836
6577466,6577466,6987836
6577483,6577483,6987836
6577860,6577860,6987836
6578010,6578010,6987836
6578824,6578824,6987836
6579071,6579071,6987836
6579072,6579072,6987836
6579549,6579549,6987836
6580088,6580088,6987836
6580183,6580183,6987836
6580216,6580216,6987836
6580307,6580307,6987836
6580395,6580395,6987836
6580450,6580450,6987836
6581005,6581005,6987836
6581335,6581335,6987836
6581405,6581405,6987836
6581619,6581619,6987836
6581636,6581636,6987836
6582113,6582113,6987836
6582196,6582196,6987836
6582199,6582199,6987836
6582476,6582476,6987836
6583888,6583888,6987836
6583922,6583922,6987836
6583984,6583984,6987836
6584339,6584339,6987836
6584614,6584614,6987836
6584850,6584850,6987836
6585469,6585469,6987836
6585802,6585802,6987836
6586461,6586461,6987836
6586805,6586805,6987836
6586895,6586895,6987836
6587068,6587068,6987836
6587288,6587288,6987836
6587328,6587328,6987836
6587465,6587465,6987836
6587836,6587836,6987836
6587837,6587837,6987836
6588361,6588361,6987836
6588466,6588466,6987836
6588616,6588616,6987836
6588619,6588619,6987836
6588706,6588706,6987836
6588722,6588722,6987836
6588843,6588843,6987836
6589772,6589772,6987836
6589979,6589979,6987836
6590083,6590083,6987836
6590181,6590181,6987836
6590287,6590287,6987836
6590410,6590410,6987836
6591002,6591002,6987836
6591231,6591231,6987836
6591683,6591683,6987836
6591801,6591801,6987836
6591857,6591857,6987836
6592031,6592031,6987836
6592263,6592263,6987836
6592416,6592416,6987836
6592937,6592937,6987836
6593137,6593137,6987836
6593148,6593148,6987836
6593542,6593542,6987836
6594262,6594262,6987836
6594993,6594993,6987836
6595335,6595335,6987836
6595357,6595357,6987836
6595423,6595423,6987836
6596215,6596215,6987836
6596226,6596226,6987836
6596400,6596400,6987836
6596475,6596475,6987836
6596503,6596503,6987836
6596692,6596692,6987836
6597004,6597004,6987836
6597175,6597175,6987836
6597307,6597307,6987836
6597335,6597335,6987836
6598541,6598541,6987836
6598686,6598686,6987836
6598775,6598775,6987836
6598832,6598832,6987836
6598914,6598914,6987836
6598917,6598917,6987836
6599097,6599097,6987836
6599098,6599098,6987836
6599464,6599464,6987836
6599764,6599764,6987836
6599786,6599786,6987836
6599853,6599853,6987836
6600099,6600099,6987836
6600263,6600263,6987836
6600331,6600331,6987836
6600453,6600453,6987836
6602118,6602118,6987836
6602381,6602381,6987836
6602813,6602813,6987836
6603150,6603150,6987836
6603259,6603259,6987836
6603524,6603524,6987836
6603611,6603611,6987836
6604138,6604138,6987836
6604172,6604172,6987836
6604301,6604301,6987836
6604593,6604593,6987836
6605339,6605339,6987836
6605427,6605427,6987836
6605531,6605531,6987836
6605536,6605536,6987836
6605754,6605754,6987836
6605759,6605759,6987836
6605830,6605830,6987836
6606531,6606531,6987836
6606959,6606959,6987836
6606988,6606988,6987836
6607002,6607002,6987836
6607109,6607109,6987836
6607438,6607438,6987836
6608039,6608039,6987836
6608230,6608230,6987836
6608574,6608574,6987836
6608923,6608923,6987836
6609155,6609155,6987836
6609166,6609166,6987836
6609822,6609822,6987836
6609885,6609885,6987836
6610014,6610014,6987836
6610093,6610093,6987836
6610161,6610161,6987836
6610498,6610498,6987836
6610845,6610845,6987836
6611200,6611200,6987836
6611319,6611319,6987836
6612474,6612474,6987836
6612951,6612951,6987836
6613338,6613338,6987836
6613603,6613603,6987836
6613673,6613673,6987836
6613952,6613952,6987836
6614603,6614603,6987836
6615741,6615741,6987836
6616080,6616080,6987836
6616322,6616322,6987836
6616363,6616363,6987836
6616526,6616526,6987836
6616697,6616697,6987836
6616833,6616833,6987836
6616991,6616991,6987836
6617046,6617046,6987836
6617366,6617366,6987836
6617544,6617544,6987836
6617789,6617789,6987836
6617843,6617843,6987836
6618100,6618100,6987836
6618312,6618312,6987836
6618621,6618621,6987836
6618919,6618919,6987836
6619789,6619789,6987836
6620140,6620140,6987836
6620160,6620160,6987836
6620268,6620268,6987836
6620553,6620553,6987836
6620920,6620920,6987836
6621067,6621067,6987836
6621450,6621450,6987836
6621532,6621532,6987836
6621622,6621622,6987836
6621704,6621704,6987836
6621778,6621778,6987836
6621922,6621922,6987836
6622203,6622203,6987836
6622672,6622672,6987836
6622851,6622851,6987836
6623256,6623256,6987836
6623573,6623573,6987836
6623581,6623581,6987836
6623611,6623611,6987836
6623789,6623789,6987836
6623826,6623826,6987836
6624091,6624091,6987836
6624216,6624216,6987836
6624489,6624489,6987836
6625302,6625302,6987836
6625776,6625776,6987836
6625842,6625842,6987836
6625859,6625859,6987836
6625974,6625974,6987836
6625975,6625975,6987836
6626676,6626676,6987836
6627103,6627103,6987836
6627953,6627953,6987836
6628459,6628459,6987836
6628474,6628474,6987836
6628590,6628590,6987836
6629111,6629111,6987836
6629393,6629393,6987836
6629538,6629538,6987836
6629709,6629709,6987836
6629784,6629784,6987836
6629971,6629971,6987836
6630057,6630057,6987836
6630447,6630447,6987836
6631124,6631124,6987836
6631160,6631160,6987836
6631514,6631514,6987836
6632098,6632098,6987836
6632749,6632749,6987836
6633004,6633004,6987836
6633067,6633067,6987836
6633068,6633068,6987836
6633198,6633198,6987836
6633593,6633593,6987836
6633905,6633905,6987836
6634888,6634888,6987836
6634981,6634981,6987836
6634982,6634982,6987836
6635853,6635853,6987836
6636023,6636023,6987836
6636231,6636231,6987836
6636638,6636638,6987836
6636906,6636906,6987836
6637060,6637060,6987836
6637941,6637941,6987836
6637984,6637984,6987836
6638103,6638103,6987836
6638336,6638336,6987836
6638787,6638787,6987836
6638821,6638821,6987836
6638883,6638883,6987836
6639401,6639401,6987836
6639847,6639847,6987836
6640563,6640563,6987836
6641098,6641098,6987836
6641250,6641250,6987836
6641701,6641701,6987836
6642847,6642847,6987836
6643020,6643020,6987836
6643210,6643210,6987836
6643281,6643281,6987836
6643315,6643315,6987836
6643601,6643601,6987836
6643957,6643957,6987836
6644255,6644255,6987836
6644539,6644539,6987836
6644558,6644558,6987836
6644562,6644562,6987836
6644674,6644674,6987836
6644989,6644989,6987836
6645094,6645094,6987836
6645243,6645243,6987836
6645508,6645508,6987836
6645511,6645511,6987836
6645923,6645923,6987836
6646188,6646188,6987836
6646218,6646218,6987836
6646368,6646368,6987836
6647559,6647559,6987836
6647704,6647704,6987836
6647746,6647746,6987836
6648793,6648793,6987836
6649038,6649038,6987836
6649085,6649085,6987836
6649355,6649355,6987836
6649643,6649643,6987836
6649710,6649710,6987836
6649850,6649850,6987836
6649880,6649880,6987836
6650139,6650139,6987836
6650300,6650300,6987836
6650490,6650490,6987836
6650524,6650524,6987836
6650638,6650638,6987836
6650670,6650670,6987836
6650795,6650795,6987836
6651257,6651257,6987836
6651474,6651474,6987836
6651588,6651588,6987836
6652284,6652284,6987836
6652798,6652798,6987836
6653170,6653170,6987836
6653252,6653252,6987836
6653375,6653375,6987836
6654080,6654080,6987836
6654356,6654356,6987836
6654777,6654777,6987836
6654959,6654959,6987836
6655347,6655347,6987836
6656121,6656121,6987836
6656863,6656863,6987836
6657020,6657020,6987836
6657072,6657072,6987836
6657392,6657392,6987836
6657901,6657901,6987836
6658034,6658034,6987836
6658377,6658377,6987836
6658608,6658608,6987836
6658669,6658669,6987836
6659574,6659574,6987836
6659669,6659669,6987836
6660156,6660156,6987836
6660648,6660648,6987836
6660726,6660726,6987836
6660973,6660973,6987836
6661501,6661501,6987836
6662241,6662241,6987836
6662417,6662417,6987836
6662727,6662727,6987836
6662821,6662821,6987836
6662873,6662873,6987836
6663037,6663037,6987836
6663290,6663290,6987836
6663396,6663396,6987836
6663555,6663555,6987836
6664210,6664210,6987836
6664495,6664495,6987836
6664733,6664733,6987836
6665024,6665024,6987836
6665540,6665540,6987836
6665557,6665557,6987836
6665852,6665852,6987836
6665967,6665967,6987836
6666205,6666205,6987836
6666291,6666291,6987836
6667535,6667535,6987836
6667971,6667971,6987836
6669228,6669228,6987836
6669518,6669518,6987836
6669795,6669795,6987836
6669954,6669954,6987836
6670216,6670216,6987836
6670230,6670230,6987836
6670801,6670801,6987836
6671582,6671582,6987836
6671614,6671614,6987836
6672089,6672089,6987836
6672178,6672178,6987836
6672590,6672590,6987836
6672753,6672753,6987836
6672823,6672823,6987836
6672874,6672874,6987836
6673011,6673011,6987836
6673102,6673102,6987836
6673374,6673374,6987836
6673477,6673477,6987836
6673785,6673785,6987836
6673842,6673842,6987836
6673886,6673886,6987836
6674563,6674563,6987836
6675689,6675689,6987836
6675921,6675921,6987836
6675944,6675944,6987836
6676312,6676312,6987836
6676469,6676469,6987836
6676733,6676733,6987836
6676930,6676930,6987836
6677014,6677014,6987836
6677051,6677051,6987836
6677853,6677853,6987836
6677942,6677942,6987836
6678060,6678060,6987836
6678435,6678435,6987836
6679704,6679704,6987836
6679795,6679795,6987836
6680372,6680372,6987836
6680529,6680529,6987836
6680565,6680565,6987836
6680910,6680910,6987836
6680934,6680934,6987836
6681137,6681137,6987836
6681177,6681177,6987836
6681178,6681178,6987836
6681424,6681424,6987836
6682239,6682239,6987836
6682703,6682703,6987836
6682751,6682751,6987836
6683282,6683282,6987836
6683750,6683750,6987836
6683764,6683764,6987836
6683883,6683883,6987836
6683992,6683992,6987836
6684121,6684121,6987836
6684256,6684256,6987836
6684370,6684370,6987836
6684759,6684759,6987836
6685122,6685122,6987836
6685228,6685228,6987836
6685676,6685676,6987836
6685728,6685728,6987836
6685845,6685845,6987836
6686009,6686009,6987836
6686484,6686484,6987836
6686766,6686766,6987836
6686885,6686885,6987836
6687068,6687068,6987836
6687395,6687395,6987836
6687480,6687480,6987836
6687487,6687487,6987836
6687488,6687488,6987836
6687682,6687682,6987836
6687696,6687696,6987836
6687813,6687813,6987836
6688042,6688042,6987836
6688164,6688164,6987836
6688398,6688398,6987836
6688627,6688627,6987836
6688661,6688661,6987836
6689106,6689106,6987836
6689782,6689782,6987836
6689801,6689801,6987836
6690285,6690285,6987836
6690455,6690455,6987836
6691037,6691037,6987836
6691245,6691245,6987836
6691282,6691282,6987836
6691292,6691292,6987836
6691593,6691593,6987836
6692346,6692346,6987836
6692467,6692467,6987836
6692619,6692619,6987836
6692640,6692640,6987836
6692677,6692677,6987836
6692761,6692761,6987836
6692820,6692820,6987836
6692857,6692857,6987836
6692875,6692875,6987836
6692960,6692960,6987836
6694142,6694142,6987836
6694434,6694434,6987836
6694506,6694506,6987836
6694547,6694547,6987836
6694872,6694872,6987836
6694939,6694939,6987836
6694995,6694995,6987836
6695061,6695061,6987836
6695478,6695478,6987836
6695707,6695707,6987836
6695837,6695837,6987836
6696277,6696277,6987836
6696725,6696725,6987836
6696809,6696809,6987836
6696952,6696952,6987836
6697119,6697119,6987836
6697128,6697128,6987836
6697609,6697609,6987836
6697791,6697791,6987836
6697871,6697871,6987836
6698272,6698272,6987836
6698370,6698370,6987836
6698947,6698947,6987836
6700430,6700430,6987836
6700491,6700491,6987836
6700589,6700589,6987836
6700911,6700911,6987836
6701103,6701103,6987836
6701309,6701309,6987836
6701391,6701391,6987836
6701727,6701727,6987836
6701804,6701804,6987836
6701808,6701808,6987836
6701825,6701825,6987836
6701861,6701861,6987836
6702379,6702379,6987836
6702578,6702578,6987836
6702775,6702775,6987836
6703028,6703028,6987836
6703031,6703031,6987836
6703101,6703101,6987836
6704130,6704130,6987836
6704843,6704843,6987836
6704906,6704906,6987836
6705211,6705211,6987836
6705503,6705503,6987836
6705519,6705519,6987836
6705685,6705685,6987836
6706093,6706093,6987836
6706129,6706129,6987836
6706744,6706744,6987836
6706917,6706917,6987836
6707019,6707019,6987836
6707330,6707330,6987836
6707489,6707489,6987836
6707759,6707759,6987836
6707862,6707862,6987836
6708190,6708190,6987836
6708201,6708201,6987836
6708284,6708284,6987836
6708350,6708350,6987836
6708379,6708379,6987836
6708427,6708427,6987836
6708446,6708446,6987836
6708602,6708602,6987836
6708691,6708691,6987836
6709072,6709072,6987836
6709179,6709179,6987836
6709259,6709259,6987836
6709511,6709511,6987836
6710009,6710009,6987836
6710123,6710123,6987836
6710286,6710286,6987836
6710788,6710788,6987836
6711331,6711331,6987836
6711342,6711342,6987836
6711450,6711450,6987836
6711853,6711853,6987836
6712116,6712116,6987836
6712359,6712359,6987836
6712371,6712371,6987836
6712677,6712677,6987836
6712853,6712853,6987836
6712997,6712997,6987836
6713294,6713294,6987836
6713569,6713569,6987836
6713857,6713857,6987836
6713970,6713970,6987836
6714331,6714331,6987836
6715212,6715212,6987836
6715962,6715962,6987836
6716080,6716080,6987836
6716145,6716145,6987836
6716617,6716617,6987836
6716637,6716637,6987836
6716715,6716715,6987836
6717040,6717040,6987836
6717193,6717193,6987836
6717197,6717197,6987836
6717937,6717937,6987836
6718316,6718316,6987836
6718317,6718317,6987836
6718610,6718610,6987836
6718983,6718983,6987836
6719134,6719134,6987836
6719444,6719444,6987836
6719587,6719587,6987836
6720064,6720064,6987836
6720503,6720503,6987836
6721182,6721182,6987836
6721394,6721394,6987836
6721883,6721883,6987836
6721966,6721966,6987836
6721975,6721975,6987836
6722241,6722241,6987836
6722311,6722311,6987836
6722345,6722345,6987836
6722624,6722624,6987836
6722822,6722822,6987836
6723738,6723738,6987836
6724268,6724268,6987836
6724313,6724313,6987836
6724702,6724702,6987836
6724830,6724830,6987836
6724970,6724970,6987836
6725798,6725798,6987836
6725932,6725932,6987836
6726021,6726021,6987836
6726077,6726077,6987836
6726079,6726079,6987836
6726551,6726551,6987836
6726981,6726981,6987836
6727054,6727054,6987836
6727137,6727137,6987836
6727620,6727620,6987836
6727672,6727672,6987836
6727678,6727678,6987836
6727801,6727801,6987836
6727838,6727838,6987836
6727882,6727882,6987836
6728102,6728102,6987836
6728121,6728121,6987836
6728122,6728122,6987836
6728533,6728533,6987836
6728734,6728734,6987836
6729013,6729013,6987836
6729084,6729084,6987836
6729302,6729302,6987836
6729528,6729528,6987836
6729545,6729545,6987836
6729769,6729769,6987836
6729797,6729797,6987836
6729826,6729826,6987836
6730563,6730563,6987836
6731362,6731362,6987836
6731587,6731587,6987836
6731864,6731864,6987836
6732450,6732450,6987836
6732753,6732753,6987836
6732959,6732959,6987836
6734037,6734037,6987836
6734997,6734997,6987836
6735064,6735064,6987836
6735329,6735329,6987836
6735767,6735767,6987836
6735828,6735828,6987836
6735859,6735859,6987836
6735952,6735952,6987836
6735993,6735993,6987836
6736007,6736007,6987836
6736030,6736030,6987836
6736372,6736372,6987836
6736528,6736528,6987836
6736586,6736586,6987836
6736634,6736634,6987836
6736900,6736900,6987836
6737123,6737123,6987836
6737307,6737307,6987836
6737812,6737812,6987836
6737871,6737871,6987836
6737938,6737938,6987836
6738533,6738533,6987836
6739133,6739133,6987836
6739269,6739269,6987836
6739571,6739571,6987836
6739726,6739726,6987836
6739928,6739928,6987836
6740206,6740206,6987836
6740471,6740471,6987836
6740576,6740576,6987836
6740639,6740639,6987836
6740743,6740743,6987836
6740746,6740746,6987836
6740802,6740802,6987836
6741071,6741071,6987836
6741263,6741263,6987836
6741373,6741373,6987836
6741684,6741684,6987836
6741794,6741794,6987836
6741837,6741837,6987836
6741872,6741872,6987836
6742037,6742037,6987836
6742119,6742119,6987836
6742144,6742144,6987836
6742495,6742495,6987836
6742631,6742631,6987836
6743371,6743371,6987836
6743442,6743442,6987836
6743582,6743582,6987836
6743676,6743676,6987836
6743783,6743783,6987836
6743907,6743907,6987836
6744007,6744007,6987836
6744187,6744187,6987836
6744363,6744363,6987836
6744677,6744677,6987836
6745200,6745200,6987836
6745385,6745385,6987836
6745715,6745715,6987836
6745893,6745893,6987836
6746015,6746015,6987836
6746030,6746030,6987836
6746338,6746338,6987836
6746386,6746386,6987836
6746572,6746572,6987836
6746975,6746975,6987836
6747184,6747184,6987836
6747231,6747231,6987836
6747440,6747440,6987836
6747566,6747566,6987836
6747581,6747581,6987836
6747721,6747721,6987836
6747761,6747761,6987836
6748016,6748016,6987836
6748358,6748358,6987836
6748728,6748728,6987836
6749156,6749156,6987836
6749185,6749185,6987836
6749442,6749442,6987836
6749631,6749631,6987836
6749854,6749854,6987836
6750047,6750047,6987836
6750166,6750166,6987836
6750321,6750321,6987836
6750440,6750440,6987836
6750524,6750524,6987836
6751118,6751118,6987836
6751149,6751149,6987836
6751330,6751330,6987836
6751352,6751352,6987836
6751698,6751698,6987836
6751865,6751865,6987836
6751928,6751928,6987836
6752157,6752157,6987836
6752601,6752601,6987836
6752612,6752612,6987836
6752653,6752653,6987836
6752755,6752755,6987836
6752843,6752843,6987836
6753009,6753009,6987836
6753281,6753281,6987836
6753301,6753301,6987836
6753414,6753414,6987836
6753476,6753476,6987836
6753976,6753976,6987836
6754146,6754146,6987836
6754336,6754336,6987836
6754362,6754362,6987836
6754449,6754449,6987836
6754529,6754529,6987836
6754829,6754829,6987836
6754856,6754856,6987836
6754945,6754945,6987836
6755443,6755443,6987836
6756319,6756319,6987836
6756351,6756351,6987836
6756522,6756522,6987836
6756905,6756905,6987836
6757204,6757204,6987836
6757628,6757628,6987836
6757790,6757790,6987836
6757892,6757892,6987836
6758195,6758195,6987836
6758345,6758345,6987836
6758387,6758387,6987836
6758454,6758454,6987836
6759360,6759360,6987836
6759664,6759664,6987836
6759672,6759672,6987836
6759745,6759745,6987836
6760059,6760059,6987836
6760090,6760090,6987836
6760558,6760558,6987836
6760829,6760829,6987836
6760884,6760884,6987836
6761184,6761184,6987836
6761276,6761276,6987836
6761283,6761283,6987836
6761687,6761687,6987836
6761839,6761839,6987836
6761908,6761908,6987836
6762744,6762744,6987836
6762845,6762845,6987836
6762970,6762970,6987836
6763290,6763290,6987836
6763371,6763371,6987836
6763402,6763402,6987836
6763930,6763930,6987836
6764067,6764067,6987836
6764360,6764360,6987836
6764459,6764459,6987836
6764691,6764691,6987836
6764788,6764788,6987836
6764893,6764893,6987836
6765143,6765143,6987836
6765420,6765420,6987836
6765785,6765785,6987836
6766204,6766204,6987836
6766506,6766506,6987836
6766767,6766767,6987836
6766895,6766895,6987836
6766973,6766973,6987836
6767297,6767297,6987836
6767343,6767343,6987836
6767947,6767947,6987836
6768118,6768118,6987836
6768276,6768276,6987836
6768344,6768344,6987836
6768485,6768485,6987836
6768500,6768500,6987836
6768510,6768510,6987836
6768628,6768628,6987836
6768877,6768877,6987836
6769310,6769310,6987836
6769377,6769377,6987836
6769906,6769906,6987836
6770107,6770107,6987836
6770155,6770155,6987836
6770201,6770201,6987836
6770436,6770436,6987836
6770757,6770757,6987836
6770990,6770990,6987836
6771138,6771138,6987836
6771447,6771447,6987836
6771471,6771471,6987836
6771501,6771501,6987836
6771946,6771946,6987836
6772081,6772081,6987836
6772521,6772521,6987836
6772998,6772998,6987836
6772999,6772999,6987836
6773136,6773136,6987836
6773654,6773654,6987836
6773996,6773996,6987836
6774100,6774100,6987836
6774235,6774235,6987836
6774333,6774333,6987836
6775304,6775304,6987836
6775425,6775425,6987836
6775428,6775428,6987836
6775447,6775447,6987836
6775992,6775992,6987836
6776169,6776169,6987836
6776300,6776300,6987836
6776362,6776362,6987836
6776481,6776481,6987836
6776648,6776648,6987836
6776835,6776835,6987836
6776861,6776861,6987836
6776984,6776984,6987836
6777102,6777102,6987836
6777202,6777202,6987836
6777402,6777402,6987836
6777857,6777857,6987836
6778368,6778368,6987836
6778393,6778393,6987836
6778675,6778675,6987836
6779144,6779144,6987836
6779168,6779168,6987836
6779996,6779996,6987836
6780342,6780342,6987836
6780400,6780400,6987836
6781331,6781331,6987836
6781416,6781416,6987836
6781606,6781606,6987836
6782039,6782039,6987836
6782129,6782129,6987836
6782226,6782226,6987836
6782468,6782468,6987836
6782807,6782807,6987836
6783288,6783288,6987836
6783442,6783442,6987836
6783925,6783925,6987836
6785113,6785113,6987836
6785608,6785608,6987836
6785631,6785631,6987836
6785802,6785802,6987836
6785805,6785805,6987836
6785889,6785889,6987836
6786015,6786015,6987836
6786267,6786267,6987836
6786366,6786366,6987836
6786371,6786371,6987836
6786435,6786435,6987836
6786649,6786649,6987836
6786657,6786657,6987836
6786962,6786962,6987836
6786967,6786967,6987836
6787012,6787012,6987836
6787139,6787139,6987836
6787308,6787308,6987836
6787780,6787780,6987836
6788111,6788111,6987836
6788392,6788392,6987836
6789095,6789095,6987836
6789556,6789556,6987836
6789626,6789626,6987836
6789934,6789934,6987836
6790211,6790211,6987836
6790935,6790935,6987836
6791410,6791410,6987836
6791508,6791508,6987836
6792653,6792653,6987836
6792783,6792783,6987836
6793406,6793406,6987836
6793483,6793483,6987836
6793536,6793536,6987836
6793866,6793866,6987836
6794759,6794759,6987836
6795060,6795060,6987836
6795440,6795440,6987836
6795783,6795783,6987836
6795994,6795994,6987836
6796115,6796115,6987836
6796871,6796871,6987836
6796950,6796950,6987836
6797047,6797047,6987836
6797106,6797106,6987836
6797234,6797234,6987836
6797887,6797887,6987836
6798054,6798054,6987836
6798091,6798091,6987836
6798814,6798814,6987836
6798920,6798920,6987836
6799104,6799104,6987836
6799167,6799167,6987836
6799620,6799620,6987836
6800443,6800443,6987836
6800632,6800632,6987836
6800782,6800782,6987836
6800931,6800931,6987836
6801199,6801199,6987836
6802251,6802251,6987836
6802291,6802291,6987836
6802397,6802397,6987836
6803107,6803107,6987836
6803337,6803337,6987836
6803353,6803353,6987836
6803825,6803825,6987836
6803907,6803907,6987836
6803938,6803938,6987836
6804124,6804124,6987836
6804163,6804163,6987836
6804482,6804482,6987836
6804696,6804696,6987836
6804850,6804850,6987836
6805406,6805406,6987836
6805650,6805650,6987836
6806019,6806019,6987836
6806151,6806151,6987836
6806236,6806236,6987836
6806554,6806554,6987836
6806891,6806891,6987836
6807084,6807084,6987836
6808248,6808248,6987836
6808279,6808279,6987836
6808321,6808321,6987836
6808651,6808651,6987836
6808697,6808697,6987836
6809060,6809060,6987836
6809095,6809095,6987836
6809119,6809119,6987836
6809755,6809755,6987836
6809812,6809812,6987836
6810305,6810305,6987836
6810385,6810385,6987836
6811299,6811299,6987836
6811705,6811705,6987836
6811753,6811753,6987836
6812151,6812151,6987836
6812338,6812338,6987836
6812710,6812710,6987836
6813162,6813162,6987836
6813330,6813330,6987836
6813345,6813345,6987836
6813422,6813422,6987836
6813651,6813651,6987836
6813738,6813738,6987836
6813765,6813765,6987836
6813817,6813817,6987836
6814092,6814092,6987836
6814354,6814354,6987836
6814798,6814798,6987836
6814926,6814926,6987836
6815261,6815261,6987836
6815549,6815549,6987836
6815905,6815905,6987836
6815994,6815994,6987836
6816589,6816589,6987836
6816935,6816935,6987836
6817027,6817027,6987836
6817150,6817150,6987836
6817262,6817262,6987836
6817560,6817560,6987836
6817598,6817598,6987836
6817710,6817710,6987836
6817856,6817856,6987836
6818005,6818005,6987836
6818392,6818392,6987836
6818726,6818726,6987836
6819011,6819011,6987836
6819445,6819445,6987836
6819803,6819803,6987836
6820450,6820450,6987836
6821935,6821935,6987836
6821990,6821990,6987836
6822138,6822138,6987836
6822643,6822643,6987836
6823466,6823466,6987836
6823486,6823486,6987836
6823601,6823601,6987836
6824239,6824239,6987836
6824313,6824313,6987836
6824429,6824429,6987836
6824571,6824571,6987836
6824815,6824815,6987836
6825187,6825187,6987836
6825485,6825485,6987836
6825849,6825849,6987836
6825859,6825859,6987836
6826586,6826586,6987836
6826958,6826958,6987836
6826968,6826968,6987836
6827460,6827460,6987836
6827546,6827546,6987836
6827854,6827854,6987836
6828713,6828713,6987836
6829977,6829977,6987836
6830068,6830068,6987836
6830146,6830146,6987836
6830540,6830540,6987836
6830546,6830546,6987836
6830654,6830654,6987836
6830764,6830764,6987836
6831121,6831121,6987836
6831225,6831225,6987836
6831306,6831306,6987836
6831436,6831436,6987836
6831540,6831540,6987836
6831952,6831952,6987836
6832324,6832324,6987836
6832732,6832732,6987836
6832918,6832918,6987836
6833129,6833129,6987836
6833159,6833159,6987836
6833469,6833469,6987836
6833768,6833768,6987836
6834168,6834168,6987836
6834271,6834271,6987836
6834357,6834357,6987836
6834400,6834400,6987836
6834565,6834565,6987836
6834639,6834639,6987836
6835084,6835084,6987836
6835348,6835348,6987836
6835422,6835422,6987836
6835520,6835520,6987836
6835608,6835608,6987836
6835777,6835777,6987836
6835897,6835897,6987836
6835911,6835911,6987836
6836721,6836721,6987836
6836824,6836824,6987836
6836847,6836847,6987836
6836883,6836883,6987836
6836943,6836943,6987836
6837175,6837175,6987836
6837849,6837849,6987836
6838002,6838002,6987836
6838283,6838283,6987836
6838421,6838421,6987836
6838428,6838428,6987836
6838490,6838490,6987836
6838514,6838514,6987836
6839029,6839029,6987836
6839064,6839064,6987836
6839186,6839186,6987836
6839315,6839315,6987836
6839908,6839908,6987836
6840369,6840369,6987836
6840605,6840605,6987836
6840706,6840706,6987836
6841136,6841136,6987836
6841188,6841188,6987836
6841551,6841551,6987836
6841751,6841751,6987836
6841774,6841774,6987836
6842002,6842002,6987836
6842099,6842099,6987836
6842455,6842455,6987836
6843384,6843384,6987836
6843581,6843581,6987836
6844184,6844184,6987836
6844494,6844494,6987836
6844672,6844672,6987836
6844906,6844906,6987836
6845110,6845110,6987836
6846031,6846031,6987836
6846597,6846597,6987836
6846670,6846670,6987836
6846954,6846954,6987836
6847214,6847214,6987836
6847342,6847342,6987836
6847460,6847460,6987836
6847487,6847487,6987836
6848013,6848013,6987836
6848240,6848240,6987836
6848667,6848667,6987836
6848879,6848879,6987836
6849157,6849157,6987836
6849839,6849839,6987836
6849992,6849992,6987836
6850351,6850351,6987836
6850389,6850389,6987836
6850493,6850493,6987836
6850651,6850651,6987836
6850907,6850907,6987836
6850960,6850960,6987836
6851190,6851190,6987836
6851334,6851334,6987836
6851729,6851729,6987836
6851886,6851886,6987836
6852034,6852034,6987836
6852225,6852225,6987836
6852536,6852536,6987836
6853009,6853009,6987836
6853133,6853133,6987836
6853544,6853544,6987836
6854460,6854460,6987836
6854615,6854615,6987836
6854859,6854859,6987836
6855236,6855236,6987836
6855392,6855392,6987836
6855494,6855494,6987836
6856210,6856210,6987836
6856486,6856486,6987836
6856787,6856787,6987836
6857210,6857210,6987836
6857271,6857271,6987836
6857346,6857346,6987836
6857360,6857360,6987836
6857656,6857656,6987836
6858025,6858025,6987836
6858233,6858233,6987836
6858370,6858370,6987836
6858495,6858495,6987836
6858525,6858525,6987836
6858552,6858552,6987836
6858720,6858720,6987836
6858734,6858734,6987836
6858752,6858752,6987836
6858793,6858793,6987836
6858927,6858927,6987836
6858930,6858930,6987836
6859116,6859116,6987836
6859467,6859467,6987836
6859666,6859666,6987836
6860106,6860106,6987836
6860502,6860502,6987836
6861588,6861588,6987836
6861777,6861777,6987836
6861877,6861877,6987836
6862175,6862175,6987836
6862218,6862218,6987836
6862253,6862253,6987836
6862364,6862364,6987836
6862482,6862482,6987836
6862904,6862904,6987836
6863078,6863078,6987836
6863637,6863637,6987836
6863789,6863789,6987836
6863819,6863819,6987836
6864047,6864047,6987836
6864238,6864238,6987836
6864344,6864344,6987836
6864612,6864612,6987836
6865459,6865459,6987836
6865602,6865602,6987836
6865789,6865789,6987836
6865825,6865825,6987836
6865892,6865892,6987836
6866137,6866137,6987836
6866445,6866445,6987836
6866485,6866485,6987836
6867173,6867173,6987836
6867292,6867292,6987836
6867358,6867358,6987836
6867486,6867486,6987836
6867560,6867560,6987836
6867660,6867660,6987836
6867806,6867806,6987836
6867890,6867890,6987836
6867958,6867958,6987836
6868313,6868313,6987836
6868986,6868986,6987836
6869164,6869164,6987836
6869691,6869691,6987836
6869859,6869859,6987836
6870735,6870735,6987836
6871383,6871383,6987836
6871507,6871507,6987836
6871890,6871890,6987836
6872300,6872300,6987836
6872315,6872315,6987836
6872460,6872460,6987836
6872746,6872746,6987836
6872994,6872994,6987836
6873697,6873697,6987836
6874100,6874100,6987836
6874351,6874351,6987836
6874489,6874489,6987836
6875403,6875403,6987836
6875466,6875466,6987836
6875518,6875518,6987836
6875524,6875524,6987836
6875760,6875760,6987836
6875897,6875897,6987836
6876049,6876049,6987836
6876165,6876165,6987836
6876250,6876250,6987836
6876391,6876391,6987836
6876548,6876548,6987836
6876725,6876725,6987836
6876773,6876773,6987836
6876821,6876821,6987836
6877139,6877139,6987836
6877269,6877269,6987836
6877443,6877443,6987836
6877584,6877584,6987836
6878023,6878023,6987836
6878148,6878148,6987836
6878352,6878352,6987836
6878491,6878491,6987836
6878711,6878711,6987836
6878734,6878734,6987836
6878891,6878891,6987836
6879652,6879652,6987836
6880017,6880017,6987836
6880098,6880098,6987836
6880252,6880252,6987836
6880300,6880300,6987836
6880704,6880704,6987836
6880728,6880728,6987836
6880941,6880941,6987836
6881299,6881299,6987836
6881817,6881817,6987836
6881994,6881994,6987836
6882427,6882427,6987836
6882673,6882673,6987836
6882897,6882897,6987836
6882918,6882918,6987836
6883292,6883292,6987836
6883700,6883700,6987836
6884032,6884032,6987836
6884082,6884082,6987836
6884576,6884576,6987836
6884794,6884794,6987836
6885213,6885213,6987836
6885248,6885248,6987836
6885512,6885512,6987836
6885961,6885961,6987836
6886375,6886375,6987836
6887287,6887287,6987836
6887695,6887695,6987836
6887932,6887932,6987836
6888579,6888579,6987836
6888782,6888782,6987836
6889578,6889578,6987836
6889804,6889804,6987836
6889865,6889865,6987836
6890416,6890416,6987836
6890756,6890756,6987836
6891474,6891474,6987836
6891535,6891535,6987836
6891979,6891979,6987836
6892211,6892211,6987836
6893050,6893050,6987836
6893167,6893167,6987836
6893543,6893543,6987836
6893645,6893645,6987836
6893745,6893745,6987836
6894096,6894096,6987836
6894811,6894811,6987836
6895214,6895214,6987836
6895287,6895287,6987836
6895761,6895761,6987836
6895796,6895796,6987836
6896154,6896154,6987836
6896182,6896182,6987836
6896213,6896213,6987836
6896409,6896409,6987836
6896412,6896412,6987836
6897129,6897129,6987836
6897229,6897229,6987836
6897320,6897320,6987836
6897397,6897397,6987836
6897515,6897515,6987836
6898146,6898146,6987836
6898236,6898236,6987836
6898658,6898658,6987836
6898733,6898733,6987836
6898916,6898916,6987836
6898988,6898988,6987836
6899530,6899530,6987836
6899881,6899881,6987836
6899908,6899908,6987836
6899979,6899979,6987836
6900119,6900119,6987836
6900446,6900446,6987836
6900641,6900641,6987836
6900702,6900702,6987836
6900784,6900784,6987836
6901374,6901374,6987836
6901508,6901508,6987836
6901614,6901614,6987836
6901707,6901707,6987836
6901811,6901811,6987836
6901858,6901858,6987836
6901926,6901926,6987836
6901989,6901989,6987836
6902011,6902011,6987836
6902130,6902130,6987836
6902385,6902385,6987836
6902560,6902560,6987836
6902581,6902581,6987836
6902850,6902850,6987836
6903141,6903141,6987836
6904423,6904423,6987836
6904721,6904721,6987836
6904761,6904761,6987836
6905302,6905302,6987836
6905586,6905586,6987836
6905818,6905818,6987836
6905844,6905844,6987836
6905993,6905993,6987836
6906004,6906004,6987836
6906196,6906196,6987836
6906215,6906215,6987836
6906582,6906582,6987836
6907124,6907124,6987836
6907145,6907145,6987836
6907173,6907173,6987836
6907187,6907187,6987836
6907235,6907235,6987836
6907307,6907307,6987836
6907469,6907469,6987836
6907554,6907554,6987836
6907639,6907639,6987836
6907957,6907957,6987836
6907990,6907990,6987836
6908675,6908675,6987836
6908838,6908838,6987836
6909262,6909262,6987836
6909734,6909734,6987836
6909951,6909951,6987836
6910037,6910037,6987836
6910231,6910231,6987836
6910346,6910346,6987836
6910735,6910735,6987836
6910832,6910832,6987836
6911221,6911221,6987836
6911269,6911269,6987836
6911650,6911650,6987836
6911683,6911683,6987836
6912473,6912473,6987836
6912476,6912476,6987836
6912915,6912915,6987836
6913057,6913057,6987836
6913197,6913197,6987836
6913342,6913342,6987836
6913755,6913755,6987836
6914262,6914262,6987836
6914308,6914308,6987836
6914477,6914477,6987836
6914889,6914889,6987836
6915063,6915063,6987836
6915748,6915748,6987836
6916114,6916114,6987836
6916127,6916127,6987836
6916302,6916302,6987836
6916845,6916845,6987836
6916854,6916854,6987836
6916857,6916857,6987836
6916914,6916914,6987836
6917485,6917485,6987836
6917741,6917741,6987836
6917773,6917773,6987836
6918021,6918021,6987836
6918142,6918142,6987836
6918585,6918585,6987836
6919389,6919389,6987836
6919682,6919682,6987836
6919916,6919916,6987836
6919932,6919932,6987836
6920031,6920031,6987836
6920091,6920091,6987836
6920454,6920454,6987836
6921072,6921072,6987836
6921320,6921320,6987836
6921435,6921435,6987836
6921525,6921525,6987836
6921551,6921551,6987836
6921704,6921704,6987836
6921937,6921937,6987836
6922213,6922213,6987836
6922284,6922284,6987836
6922315,6922315,6987836
6922336,6922336,6987836
6922924,6922924,6987836
6923081,6923081,6987836
6923220,6923220,6987836
6923527,6923527,6987836
6923595,6923595,6987836
6923726,6923726,6987836
6924203,6924203,6987836
6924339,6924339,6987836
6924662,6924662,6987836
6924717,6924717,6987836
6924869,6924869,6987836
6925169,6925169,6987836
6925347,6925347,6987836
6925682,6925682,6987836
6925788,6925788,6987836
6925901,6925901,6987836
6926006,6926006,6987836
6926137,6926137,6987836
6926344,6926344,6987836
6926432,6926432,6987836
6926564,6926564,6987836
6926786,6926786,6987836
6926800,6926800,6987836
6926806,6926806,6987836
6927145,6927145,6987836
6927212,6927212,6987836
6927321,6927321,6987836
6927465,6927465,6987836
6927682,6927682,6987836
6927788,6927788,6987836
6927835,6927835,6987836
6927861,6927861,6987836
6927977,6927977,6987836
6928009,6928009,6987836
6928579,6928579,6987836
6928849,6928849,6987836
6928891,6928891,6987836
6929007,6929007,6987836
6929135,6929135,6987836
6929287,6929287,6987836
6930083,6930083,6987836
6930730,6930730,6987836
6930892,6930892,6987836
6930903,6930903,6987836
6931211,6931211,6987836
6931301,6931301,6987836
6931340,6931340,6987836
6932156,6932156,6987836
6932190,6932190,6987836
6932700,6932700,6987836
6932767,6932767,6987836
6932793,6932793,6987836
6932890,6932890,6987836
6932902,6932902,6987836
6933866,6933866,6987836
6934487,6934487,6987836
6934546,6934546,6987836
6934550,6934550,6987836
6934707,6934707,6987836
6934906,6934906,6987836
6935725,6935725,6987836
6935740,6935740,6987836
6935775,6935775,6987836
6936022,6936022,6987836
6936273,6936273,6987836
6936302,6936302,6987836
6936664,6936664,6987836
6936946,6936946,6987836
6937473,6937473,6987836
6937645,6937645,6987836
6937682,6937682,6987836
6937771,6937771,6987836
6937928,6937928,6987836
6938307,6938307,6987836
6938426,6938426,6987836
6938780,6938780,6987836
6938994,6938994,6987836
6939212,6939212,6987836
6939303,6939303,6987836
6939957,6939957,6987836
6939973,6939973,6987836
6940093,6940093,6987836
6940398,6940398,6987836
6940465,6940465,6987836
6940591,6940591,6987836
6940737,6940737,6987836
6941635,6941635,6987836
6941685,6941685,6987836
6941695,6941695,6987836
6941726,6941726,6987836
6942028,6942028,6987836
6942084,6942084,6987836
6942267,6942267,6987836
6942335,6942335,6987836
6942830,6942830,6987836
6942931,6942931,6987836
6943196,6943196,6987836
6943239,6943239,6987836
6943240,6943240,6987836
6943329,6943329,6987836
6943490,6943490,6987836
6943948,6943948,6987836
6944103,6944103,6987836
6944323,6944323,6987836
6944744,6944744,6987836
6944747,6944747,6987836
6944763,6944763,6987836
6944902,6944902,6987836
6945366,6945366,6987836
6945564,6945564,6987836
6945689,6945689,6987836
6945911,6945911,6987836
6946209,6946209,6987836
6946290,6946290,6987836
6946570,6946570,6987836
6946674,6946674,6987836
6946884,6946884,6987836
6947040,6947040,6987836
6947168,6947168,6987836
6947410,6947410,6987836
6947451,6947451,6987836
6948294,6948294,6987836
6948443,6948443,6987836
6948838,6948838,6987836
6949116,6949116,6987836
6949281,6949281,6987836
6949459,6949459,6987836
6949682,6949682,6987836
6949804,6949804,6987836
6949839,6949839,6987836
6949921,6949921,6987836
6949989,6949989,6987836
6950378,6950378,6987836
6950763,6950763,6987836
6950937,6950937,6987836
6950966,6950966,6987836
6950972,6950972,6987836
6950990,6950990,6987836
6951053,6951053,6987836
6951100,6951100,6987836
6951504,6951504,6987836
6951558,6951558,6987836
6951558,6951558,6987836
6952033,6952033,6987836
6952311,6952311,6987836
6952822,6952822,6987836
6953071,6953071,6987836
6953335,6953335,6987836
6953362,6953362,6987836
6953446,6953446,6987836
6953526,6953526,6987836
6953617,6953617,6987836
6953741,6953741,6987836
6953762,6953762,6987836
6953974,6953974,6987836
6954536,6954536,6987836
6954698,6954698,6987836
6955271,6955271,6987836
6955465,6955465,6987836
6955621,6955621,6987836
6955940,6955940,6987836
6956081,6956081,6987836
6956931,6956931,6987836
6957658,6957658,6987836
6957787,6957787,6987836
6957939,6957939,6987836
6958384,6958384,6987836
6958965,6958965,6987836
6959341,6959341,6987836
6959545,6959545,6987836
6959736,6959736,6987836
6959902,6959902,6987836
6960020,6960020,6987836
6960124,6960124,6987836
6960251,6960251,6987836
6960314,6960314,6987836
6960710,6960710,6987836
6960946,6960946,6987836
6960949,6960949,6987836
6961018,6961018,6987836
6961025,6961025,6987836
6961292,6961292,6987836
6961404,6961404,6987836
6962016,6962016,6987836
6962088,6962088,6987836
6962865,6962865,6987836
6963124,6963124,6987836
6963147,6963147,6987836
6963229,6963229,6987836
6963310,6963310,6987836
6963331,6963331,6987836
6963597,6963597,6987836
6963839,6963839,6987836
6964496,6964496,6987836
6965085,6965085,6987836
6965403,6965403,6987836
6965467,6965467,6987836
6965602,6965602,6987836
6965628,6965628,6987836
6965965,6965965,6987836
6966024,6966024,6987836
6966602,6966602,6987836
6966966,6966966,6987836
6967001,6967001,6987836
6968331,6968331,6987836
6968662,6968662,6987836
6968811,6968811,6987836
6968897,6968897,6987836
6969243,6969243,6987836
6969332,6969332,6987836
6969529,6969529,6987836
6969631,6969631,6987836
6969671,6969671,6987836
6969798,6969798,6987836
6970282,6970282,6987836
6970911,6970911,6987836
6971101,6971101,6987836
6971134,6971134,6987836
6971875,6971875,6987836
6972069,6972069,6987836
6973031,6973031,6987836
6973034,6973034,6987836
6973650,6973650,6987836
6973814,6973814,6987836
6973834,6973834,6987836
6974130,6974130,6987836
6974201,6974201,6987836
6975408,6975408,6987836
6975435,6975435,6987836
6975457,6975457,6987836
6975464,6975464,6987836
6975708,6975708,6987836
6976138,6976138,6987836
6976202,6976202,6987836
6976398,6976398,6987836
6976560,6976560,6987836
6976601,6976601,6987836
6977599,6977599,6987836
6977791,6977791,6987836
6977879,6977879,6987836
6977903,6977903,6987836
6977966,6977966,6987836
6978100,6978100,6987836
6979026,6979026,6987836
6979551,6979551,6987836
6979803,6979803,6987836
6980129,6980129,6987836
6980697,6980697,6987836
6980818,6980818,6987836
6980884,6980884,6987836
6981012,6981012,6987836
6981327,6981327,6987836
6981403,6981403,6987836
6981516,6981516,6987836
6981529,6981529,6987836
6981664,6981664,6987836
6981724,6981724,6987836
6981734,6981734,6987836
6982017,6982017,6987836
6982321,6982321,6987836
6982491,6982491,6987836
6983140,6983140,6987836
6983414,6983414,6987836
6983778,6983778,6987836
6984244,6984244,6987836
6984343,6984343,6987836
6984493,6984493,6987836
6984943,6984943,6987836
6985112,6985112,6987836
6985380,6985380,6987836
6985383,6985383,6987836
6985442,6985442,6987836
6985791,6985791,6987836
6986520,6986520,6987836
6987048,6987048,6987836
6987061,6987061,6987836
6987475,6987475,6987836
6987803,6987803,6987836
6988256,6988256,7987892
6988913,6988913,7987892
6989038,6989038,7987892
6989284,6989284,7987892
6989307,6989307,7987892
6989341,6989341,7987892
6989467,6989467,7987892
6989766,6989766,7987892
6990272,6990272,7987892
6990521,6990521,7987892
6990778,6990778,7987892
6991064,6991064,7987892
6991147,6991147,7987892
6991421,6991421,7987892
6991493,6991493,7987892
6991705,6991705,7987892
6991712,6991712,7987892
6991803,6991803,7987892
6991863,6991863,7987892
6992030,6992030,7987892
6992279,6992279,7987892
6992299,6992299,7987892
6992341,6992341,7987892
6992380,6992380,7987892
6992430,6992430,7987892
6992916,6992916,7987892
6993222,6993222,7987892
6993356,6993356,7987892
6993451,6993451,7987892
6993539,6993539,7987892
6994066,6994066,7987892
6994185,6994185,7987892
6994875,6994875,7987892
6994968,6994968,7987892
6995164,6995164,7987892
6995336,6995336,7987892
6995370,6995370,7987892
6996082,6996082,7987892
6996503,6996503,7987892
6996962,6996962,7987892
6997369,6997369,7987892
6997485,6997485,7987892
6997744,6997744,7987892
6997907,6997907,7987892
6998434,6998434,7987892
6998497,6998497,7987892
6998862,6998862,7987892
6998970,6998970,7987892
6999404,6999404,7987892
7000111,7000111,7987892
7000165,7000165,7987892
7000641,7000641,7987892
7000688,7000688,7987892
7000776,7000776,7987892
7000851,7000851,7987892
7000858,7000858,7987892
7001035,7001035,7987892
7001290,7001290,7987892
7001505,7001505,7987892
7001809,7001809,7987892
7001820,7001820,7987892
7001873,7001873,7987892
7001952,7001952,7987892
7001989,7001989,7987892
7002597,7002597,7987892
7002764,7002764,7987892
7003569,7003569,7987892
7003627,7003627,7987892
7004067,7004067,7987892
7004598,7004598,7987892
7004756,7004756,7987892
7005036,7005036,7987892
7005478,7005478,7987892
7005708,7005708,7987892
7005863,7005863,7987892
7005878,7005878,7987892
7006032,7006032,7987892
7006050,7006050,7987892
7006141,7006141,7987892
7006187,7006187,7987892
7006511,7006511,7987892
7006602,7006602,7987892
7006621,7006621,7987892
7006643,7006643,7987892
7006775,7006775,7987892
7007220,7007220,7987892
7007430,7007430,7987892
7008348,7008348,7987892
7008540,7008540,7987892
7008644,7008644,7987892
7008794,7008794,7987892
7008927,7008927,7987892
7008945,7008945,7987892
7009227,7009227,7987892
7009408,7009408,7987892
7009419,7009419,7987892
7009570,7009570,7987892
7009856,7009856,7987892
7009865,7009865,7987892
7010009,7010009,7987892
7010136,7010136,7987892
7010247,7010247,7987892
7010447,7010447,7987892
7010482,7010482,7987892
7010494,7010494,7987892
7011014,7011014,7987892
7011108,7011108,7987892
7011556,7011556,7987892
7011761,7011761,7987892
7011982,7011982,7987892
7012277,7012277,7987892
7012646,7012646,7987892
7013166,7013166,7987892
7013923,7013923,7987892
7014426,7014426,7987892
7014534,7014534,7987892
7014589,7014589,7987892
7014802,7014802,7987892
7015217,7015217,7987892
7015337,7015337,7987892
7015531,7015531,7987892
7015819,7015819,7987892
7016053,7016053,7987892
7016277,7016277,7987892
7017027,7017027,7987892
7017236,7017236,7987892
7017415,7017415,7987892
7017550,7017550,7987892
7017922,7017922,7987892
7018154,7018154,7987892
7018586,7018586,7987892
7018678,7018678,7987892
7018783,7018783,7987892
7018937,7018937,7987892
7018942,7018942,7987892
7019225,7019225,7987892
7019243,7019243,7987892
7019278,7019278,7987892
7019366,7019366,7987892
7019711,7019711,7987892
7020659,7020659,7987892
7020695,7020695,7987892
7020858,7020858,7987892
7020968,7020968,7987892
7021039,7021039,7987892
7021098,7021098,7987892
7021276,7021276,7987892
7021792,7021792,7987892
7022190,7022190,7987892
7022199,7022199,7987892
7022324,7022324,7987892
7022394,7022394,7987892
7023598,7023598,7987892
7023686,7023686,7987892
7023771,7023771,7987892
7024225,7024225,7987892
7024429,7024429,7987892
7024646,7024646,7987892
7024913,7024913,7987892
7025297,7025297,7987892
7025474,7025474,7987892
7025539,7025539,7987892
7025749,7025749,7987892
7025930,7025930,7987892
7026777,7026777,7987892
7026855,7026855,7987892
7027029,7027029,7987892
7027617,7027617,7987892
7027765,7027765,7987892
7028222,7028222,7987892
7028263,7028263,7987892
7028431,7028431,7987892
7028527,7028527,7987892
7028873,7028873,7987892
7029871,7029871,7987892
7030459,7030459,7987892
7030639,7030639,7987892
7031104,7031104,7987892
7031124,7031124,7987892
7031280,7031280,7987892
7031286,7031286,7987892
7031636,7031636,7987892
7032011,7032011,7987892
7032829,7032829,7987892
7033072,7033072,7987892
7033494,7033494,7987892
7033635,7033635,7987892
7034148,7034148,7987892
7034172,7034172,7987892
7034257,7034257,7987892
7034762,7034762,7987892
7035023,7035023,7987892
7035225,7035225,7987892
7035449,7035449,7987892
7035472,7035472,7987892
7035490,7035490,7987892
7035809,7035809,7987892
7035872,7035872,7987892
7035969,7035969,7987892
7036038,7036038,7987892
7036067,7036067,7987892
7036422,7036422,7987892
7036552,7036552,7987892
7036816,7036816,7987892
7037372,7037372,7987892
7037425,7037425,7987892
7037505,7037505,7987892
7037637,7037637,7987892
7037991,7037991,7987892
7038138,7038138,7987892
7038654,7038654,7987892
7039331,7039331,7987892
7039666,7039666,7987892
7039769,7039769,7987892
7040099,7040099,7987892
7040130,7040130,7987892
7040221,7040221,7987892
7040887,7040887,7987892
7041268,7041268,7987892
7041272,7041272,7987892
7041912,7041912,7987892
7042187,7042187,7987892
7042319,7042319,7987892
7042496,7042496,7987892
7042744,7042744,7987892
7042769,7042769,7987892
7042818,7042818,7987892
7043481,7043481,7987892
7043536,7043536,7987892
7043653,7043653,7987892
7043691,7043691,7987892
7043703,7043703,7987892
7043972,7043972,7987892
7044240,7044240,7987892
7044692,7044692,7987892
7044797,7044797,7987892
7044816,7044816,7987892
7044822,7044822,7987892
7045041,7045041,7987892
7045080,7045080,7987892
7045181,7045181,7987892
7045200,7045200,7987892
7045430,7045430,7987892
7045512,7045512,7987892
7045576,7045576,7987892
7045619,7045619,7987892
7045887,7045887,7987892
7046164,7046164,7987892
7046870,7046870,7987892
7047099,7047099,7987892
7047311,7047311,7987892
7047390,7047390,7987892
7047485,7047485,7987892
7047664,7047664,7987892
7048639,7048639,7987892
7048774,7048774,7987892
7048870,7048870,7987892
7049127,7049127,7987892
7049184,7049184,7987892
7049443,7049443,7987892
7049510,7049510,7987892
7049544,7049544,7987892
7049999,7049999,7987892
7050275,7050275,7987892
7050800,7050800,7987892
7050954,7050954,7987892
7051129,7051129,7987892
7051736,7051736,7987892
7052077,7052077,7987892
7052372,7052372,7987892
7052418,7052418,7987892
7052455,7052455,7987892
7052662,7052662,7987892
7052812,7052812,7987892
7053442,7053442,7987892
7053987,7053987,7987892
7054090,7054090,7987892
7054124,7054124,7987892
7054163,7054163,7987892
7054179,7054179,7987892
7054264,7054264,7987892
7054687,7054687,7987892
7054777,7054777,7987892
7055065,7055065,7987892
7055721,7055721,7987892
7056203,7056203,7987892
7056367,7056367,7987892
7056558,7056558,7987892
7056678,7056678,7987892
7057091,7057091,7987892
7057548,7057548,7987892
7057585,7057585,7987892
7057641,7057641,7987892
7058180,7058180,7987892
7058815,7058815,7987892
7058834,7058834,7987892
7058877,7058877,7987892
7058930,7058930,7987892
7059208,7059208,7987892
7059381,7059381,7987892
7059485,7059485,7987892
7060073,7060073,7987892
7060104,7060104,7987892
7060550,7060550,7987892
7060730,7060730,7987892
7061206,7061206,7987892
7061515,7061515,7987892
7061614,7061614,7987892
7061681,7061681,7987892
7061803,7061803,7987892
7061965,7061965,7987892
7062256,7062256,7987892
7062355,7062355,7987892
7062517,7062517,7987892
7062705,7062705,7987892
7062794,7062794,7987892
7062801,7062801,7987892
7062880,7062880,7987892
7063934,7063934,7987892
7063939,7063939,7987892
7063996,7063996,7987892
7064370,7064370,7987892
7064427,7064427,7987892
7064449,7064449,7987892
7064618,7064618,7987892
7064817,7064817,7987892
7065189,7065189,7987892
7065402,7065402,7987892
7065410,7065410,7987892
7065857,7065857,7987892
7066314,7066314,7987892
7066337,7066337,7987892
7066480,7066480,7987892
7066716,7066716,7987892
7066881,7066881,7987892
7067127,7067127,7987892
7067154,7067154,7987892
7067300,7067300,7987892
7067400,7067400,7987892
7067876,7067876,7987892
7067972,7067972,7987892
7068187,7068187,7987892
7068248,7068248,7987892
7068671,7068671,7987892
7068790,7068790,7987892
7068921,7068921,7987892
7069020,7069020,7987892
7069326,7069326,7987892
7069445,7069445,7987892
7069637,7069637,7987892
7069980,7069980,7987892
7070185,7070185,7987892
7070357,7070357,7987892
7070585,7070585,7987892
7070732,7070732,7987892
7070994,7070994,7987892
7071468,7071468,7987892
7072341,7072341,7987892
7072365,7072365,7987892
7072411,7072411,7987892
7072517,7072517,7987892
7072609,7072609,7987892
7073099,7073099,7987892
7073157,7073157,7987892
7073561,7073561,7987892
7073919,7073919,7987892
7074006,7074006,7987892
7074100,7074100,7987892
7074256,7074256,7987892
7074683,7074683,7987892
7074836,7074836,7987892
7074884,7074884,7987892
7075140,7075140,7987892
7075482,7075482,7987892
7075618,7075618,7987892
7075645,7075645,7987892
7076200,7076200,7987892
7076864,7076864,7987892
7076945,7076945,7987892
7077013,7077013,7987892
7077114,7077114,7987892
7077485,7077485,7987892
7077848,7077848,7987892
7077868,7077868,7987892
7078233,7078233,7987892
7078368,7078368,7987892
7078687,7078687,7987892
7079114,7079114,7987892
7079305,7079305,7987892
7079394,7079394,7987892
7079396,7079396,7987892
7079695,7079695,7987892
7080607,7080607,7987892
7081256,7081256,7987892
7081570,7081570,7987892
7081585,7081585,7987892
7081663,7081663,7987892
7081878,7081878,7987892
7082207,7082207,7987892
7082382,7082382,7987892
7082713,7082713,7987892
7083216,7083216,7987892
7083342,7083342,7987892
7083502,7083502,7987892
7083726,7083726,7987892
7083978,7083978,7987892
7084172,7084172,7987892
7084457,7084457,7987892
7084583,7084583,7987892
7084633,7084633,7987892
7085434,7085434,7987892
7085460,7085460,7987892
7085742,7085742,7987892
7085979,7085979,7987892
7086867,7086867,7987892
7087483,7087483,7987892
7087614,7087614,7987892
7087777,7087777,7987892
7087850,7087850,7987892
7087875,7087875,7987892
7088032,7088032,7987892
7088273,7088273,7987892
7088338,7088338,7987892
7088345,7088345,7987892
7088491,7088491,7987892
7088523,7088523,7987892
7088715,7088715,7987892
7088831,7088831,7987892
7088860,7088860,7987892
7089452,7089452,7987892
7089816,7089816,7987892
7090167,7090167,7987892
7090275,7090275,7987892
7090356,7090356,7987892
7090567,7090567,7987892
7091082,7091082,7987892
7091132,7091132,7987892
7091195,7091195,7987892
7091454,7091454,7987892
7091637,7091637,7987892
7091725,7091725,7987892
7091870,7091870,7987892
7092101,7092101,7987892
7092208,7092208,7987892
7092263,7092263,7987892
7092923,7092923,7987892
7093063,7093063,7987892
7093094,7093094,7987892
7093123,7093123,7987892
7093268,7093268,7987892
7093326,7093326,7987892
7093434,7093434,7987892
7094020,7094020,7987892
7095203,7095203,7987892
7095252,7095252,7987892
7095261,7095261,7987892
7095353,7095353,7987892
7095641,7095641,7987892
7095790,7095790,7987892
7095866,7095866,7987892
7096375,7096375,7987892
7096828,7096828,7987892
7096899,7096899,7987892
7096919,7096919,7987892
7097086,7097086,7987892
7097462,7097462,7987892
7097700,7097700,7987892
7097709,7097709,7987892
7097838,7097838,7987892
7098293,7098293,7987892
7098439,7098439,7987892
7098532,7098532,7987892
7098736,7098736,7987892
7098799,7098799,7987892
7098961,7098961,7987892
7098963,7098963,7987892
7099072,7099072,7987892
7099151,7099151,7987892
7099227,7099227,7987892
7099378,7099378,7987892
7099556,7099556,7987892
7099610,7099610,7987892
7100183,7100183,7987892
7100799,7100799,7987892
7100910,7100910,7987892
7102148,7102148,7987892
7102403,7102403,7987892
7102950,7102950,7987892
7103148,7103148,7987892
7103342,7103342,7987892
7103390,7103390,7987892
7103448,7103448,7987892
7103566,7103566,7987892
7103693,7103693,7987892
7104305,7104305,7987892
7104394,7104394,7987892
7104446,7104446,7987892
7105293,7105293,7987892
7105605,7105605,7987892
7105927,7105927,7987892
7106257,7106257,7987892
7106554,7106554,7987892
7106577,7106577,7987892
7106676,7106676,7987892
7106932,7106932,7987892
7107224,7107224,7987892
7107492,7107492,7987892
7107743,7107743,7987892
7108628,7108628,7987892
7108744,7108744,7987892
7108823,7108823,7987892
7108856,7108856,7987892
7109665,7109665,7987892
7110017,7110017,7987892
7110365,7110365,7987892
7110442,7110442,7987892
7110484,7110484,7987892
7110550,7110550,7987892
7110821,7110821,7987892
7110928,7110928,7987892
7111390,7111390,7987892
7111949,7111949,7987892
7111980,7111980,7987892
7113386,7113386,7987892
7113863,7113863,7987892
7114319,7114319,7987892
7114417,7114417,7987892
7114759,7114759,7987892
7114836,7114836,7987892
7115402,7115402,7987892
7115583,7115583,7987892
7116007,7116007,7987892
7116177,7116177,7987892
7116279,7116279,7987892
7116453,7116453,7987892
7116589,7116589,7987892
7116684,7116684,7987892
7116937,7116937,7987892
7117115,7117115,7987892
7117165,7117165,7987892
7117194,7117194,7987892
7117412,7117412,7987892
7117612,7117612,7987892
7117775,7117775,7987892
7118577,7118577,7987892
7118651,7118651,7987892
7118844,7118844,7987892
7118928,7118928,7987892
7119150,7119150,7987892
7119338,7119338,7987892
7119360,7119360,7987892
7119551,7119551,7987892
7119772,7119772,7987892
7121226,7121226,7987892
7121240,7121240,7987892
7121441,7121441,7987892
7121502,7121502,7987892
7121601,7121601,7987892
7121787,7121787,7987892
7121878,7121878,7987892
7122258,7122258,7987892
7122370,7122370,7987892
7122399,7122399,7987892
7123091,7123091,7987892
7123265,7123265,7987892
7123287,7123287,7987892
7123420,7123420,7987892
7123532,7123532,7987892
7123882,7123882,7987892
7124105,7124105,7987892
7124451,7124451,7987892
7124777,7124777,7987892
7125205,7125205,7987892
7125283,7125283,7987892
7125380,7125380,7987892
7125391,7125391,7987892
7126006,7126006,7987892
7126673,7126673,7987892
7126689,7126689,7987892
7127129,7127129,7987892
7128005,7128005,7987892
7128073,7128073,7987892
7128265,7128265,7987892
7129573,7129573,7987892
7129846,7129846,7987892
7130152,7130152,7987892
7130210,7130210,7987892
7130238,7130238,7987892
7130343,7130343,7987892
7130896,7130896,7987892
7130917,7130917,7987892
7130944,7130944,7987892
7131327,7131327,7987892
7131732,7131732,7987892
7131776,7131776,7987892
7132083,7132083,7987892
7132187,7132187,7987892
7132562,7132562,7987892
7133094,7133094,7987892
7133416,7133416,7987892
7133422,7133422,7987892
7133492,7133492,7987892
7133754,7133754,7987892
7133995,7133995,7987892
7134822,7134822,7987892
7135277,7135277,7987892
7135807,7135807,7987892
7135864,7135864,7987892
7135870,7135870,7987892
7135952,7135952,7987892
7135974,7135974,7987892
7136365,7136365,7987892
7136470,7136470,7987892
7137267,7137267,7987892
7137368,7137368,7987892
7137626,7137626,7987892
7137692,7137692,7987892
7137916,7137916,7987892
7138235,7138235,7987892
7138295,7138295,7987892
7138697,7138697,7987892
7139122,7139122,7987892
7139185,7139185,7987892
7139319,7139319,7987892
7139774,7139774,7987892
7140090,7140090,7987892
7140091,7140091,7987892
7140246,7140246,7987892
7140653,7140653,7987892
7141077,7141077,7987892
7141138,7141138,7987892
7141203,7141203,7987892
7141329,7141329,7987892
7141371,7141371,7987892
7141637,7141637,7987892
7141742,7141742,7987892
7142245,7142245,7987892
7142365,7142365,7987892
7142573,7142573,7987892
7142577,7142577,7987892
7142767,7142767,7987892
7142918,7142918,7987892
7142990,7142990,7987892
7143233,7143233,7987892
7143269,7143269,7987892
7143706,7143706,7987892
7143831,7143831,7987892
7143865,7143865,7987892
7143949,7143949,7987892
7144799,7144799,7987892
7144854,7144854,7987892
7145038,7145038,7987892
7145087,7145087,7987892
7145717,7145717,7987892
7146735,7146735,7987892
7146891,7146891,7987892
7146953,7146953,7987892
7147017,7147017,7987892
7147137,7147137,7987892
7147584,7147584,7987892
7147645,7147645,7987892
7148017,7148017,7987892
7148301,7148301,7987892
7148528,7148528,7987892
7148692,7148692,7987892
7148699,7148699,7987892
7148743,7148743,7987892
7149115,7149115,7987892
7149455,7149455,7987892
7149464,7149464,7987892
7149632,7149632,7987892
7149661,7149661,7987892
7149696,7149696,7987892
7149991,7149991,7987892
7150365,7150365,7987892
7150574,7150574,7987892
7150832,7150832,7987892
7151065,7151065,7987892
7151095,7151095,7987892
7151153,7151153,7987892
7151364,7151364,7987892
7151456,7151456,7987892
7151526,7151526,7987892
7151530,7151530,7987892
7151648,7151648,7987892
7151882,7151882,7987892
7152145,7152145,7987892
7152181,7152181,7987892
7152232,7152232,7987892
7152781,7152781,7987892
7153312,7153312,7987892
7154022,7154022,7987892
7154628,7154628,7987892
7154687,7154687,7987892
7154698,7154698,7987892
7154957,7154957,7987892
7155250,7155250,7987892
7155957,7155957,7987892
7156031,7156031,7987892
7156123,7156123,7987892
7156225,7156225,7987892
7156508,7156508,7987892
7156508,7156508,7987892
7156568,7156568,7987892
7156803,7156803,7987892
7156933,7156933,7987892
7157016,7157016,7987892
7157021,7157021,7987892
7157177,7157177,7987892
7157299,7157299,7987892
7158084,7158084,7987892
7158157,7158157,7987892
7158519,7158519,7987892
7158672,7158672,7987892
7158990,7158990,7987892
7159046,7159046,7987892
7159231,7159231,7987892
7159432,7159432,7987892
7159468,7159468,7987892
7160216,7160216,7987892
7160719,7160719,7987892
7161045,7161045,7987892
7161240,7161240,7987892
7161256,7161256,7987892
7161301,7161301,7987892
7161330,7161330,7987892
7161639,7161639,7987892
7161831,7161831,7987892
7162048,7162048,7987892
7162290,7162290,7987892
7162442,7162442,7987892
7162593,7162593,7987892
7162807,7162807,7987892
7163156,7163156,7987892
7163159,7163159,7987892
7163852,7163852,7987892
7163856,7163856,7987892
7163961,7163961,7987892
7164010,7164010,7987892
7164342,7164342,7987892
7164598,7164598,7987892
7164714,7164714,7987892
7164845,7164845,7987892
7165552,7165552,7987892
7165765,7165765,7987892
7165903,7165903,7987892
7165918,7165918,7987892
7165962,7165962,7987892
7166032,7166032,7987892
7166210,7166210,7987892
7166223,7166223,7987892
7166227,7166227,7987892
7166502,7166502,7987892
7166961,7166961,7987892
7167661,7167661,7987892
7167783,7167783,7987892
7167961,7167961,7987892
7168154,7168154,7987892
7168820,7168820,7987892
7169207,7169207,7987892
7169329,7169329,7987892
7170219,7170219,7987892
7170616,7170616,7987892
7171373,7171373,7987892
7172271,7172271,7987892
7172480,7172480,7987892
7172522,7172522,7987892
7172612,7172612,7987892
7172771,7172771,7987892
7173035,7173035,7987892
7173114,7173114,7987892
7173175,7173175,7987892
7173591,7173591,7987892
7173915,7173915,7987892
7174319,7174319,7987892
7174674,7174674,7987892
7174677,7174677,7987892
7174839,7174839,7987892
7174865,7174865,7987892
7175049,7175049,7987892
7175080,7175080,7987892
7175300,7175300,7987892
7175454,7175454,7987892
7175691,7175691,7987892
7175915,7175915,7987892
7175981,7175981,7987892
7176154,7176154,7987892
7176174,7176174,7987892
7176261,7176261,7987892
7176586,7176586,7987892
7177092,7177092,7987892
7177493,7177493,7987892
7177947,7177947,7987892
7177952,7177952,7987892
7179556,7179556,7987892
7179699,7179699,7987892
7180210,7180210,7987892
7180293,7180293,7987892
7180520,7180520,7987892
7180758,7180758,7987892
7181502,7181502,7987892
7181581,7181581,7987892
7181735,7181735,7987892
7181738,7181738,7987892
7182040,7182040,7987892
7182370,7182370,7987892
7182404,7182404,7987892
7182706,7182706,7987892
7183029,7183029,7987892
7183296,7183296,7987892
7183628,7183628,7987892
7183662,7183662,7987892
7183694,7183694,7987892
7183767,7183767,7987892
7184016,7184016,7987892
7184637,7184637,7987892
7184728,7184728,7987892
7184820,7184820,7987892
7184970,7184970,7987892
7185516,7185516,7987892
7185568,7185568,7987892
7185833,7185833,7987892
7186125,7186125,7987892
7186163,7186163,7987892
7186172,7186172,7987892
7186655,7186655,7987892
7186715,7186715,7987892
7187890,7187890,7987892
7188121,7188121,7987892
7188605,7188605,7987892
7188938,7188938,7987892
7189412,7189412,7987892
7189555,7189555,7987892
7189578,7189578,7987892
7189831,7189831,7987892
7189852,7189852,7987892
7189877,7189877,7987892
7190087,7190087,7987892
7190341,7190341,7987892
7190825,7190825,7987892
7190845,7190845,7987892
7191007,7191007,7987892
7192264,7192264,7987892
7192276,7192276,7987892
7192590,7192590,7987892
7192625,7192625,7987892
7192794,7192794,7987892
7192850,7192850,7987892
7193541,7193541,7987892
7193673,7193673,7987892
7193991,7193991,7987892
7194841,7194841,7987892
7195082,7195082,7987892
7195428,7195428,7987892
7195504,7195504,7987892
7195600,7195600,7987892
7196158,7196158,7987892
7196291,7196291,7987892
7196785,7196785,7987892
7197288,7197288,7987892
7198209,7198209,7987892
7198601,7198601,7987892
7198672,7198672,7987892
7198924,7198924,7987892
7199667,7199667,7987892
7199712,7199712,7987892
7199769,7199769,7987892
7200012,7200012,7987892
7200184,7200184,7987892
7200195,7200195,7987892
7201027,7201027,7987892
7201236,7201236,7987892
7201288,7201288,7987892
7201420,7201420,7987892
7201625,7201625,7987892
7201883,7201883,7987892
7201911,7201911,7987892
7202230,7202230,7987892
7202350,7202350,7987892
7202391,7202391,7987892
7203360,7203360,7987892
7203485,7203485,7987892
7203538,7203538,7987892
7203574,7203574,7987892
7203721,7203721,7987892
7204399,7204399,7987892
7204874,7204874,7987892
7204953,7204953,7987892
7205108,7205108,7987892
7205235,7205235,7987892
7205344,7205344,7987892
7205507,7205507,7987892
7205935,7205935,7987892
7205964,7205964,7987892
7206143,7206143,7987892
7206385,7206385,7987892
7206568,7206568,7987892
7206624,7206624,7987892
7207035,7207035,7987892
7207139,7207139,7987892
7207362,7207362,7987892
7207456,7207456,7987892
7207483,7207483,7987892
7207671,7207671,7987892
7207959,7207959,7987892
7208040,7208040,7987892
7208192,7208192,7987892
7208498,7208498,7987892
7208596,7208596,7987892
7208603,7208603,7987892
7208634,7208634,7987892
7209984,7209984,7987892
7210065,7210065,7987892
7210352,7210352,7987892
7211097,7211097,7987892
7211118,7211118,7987892
7211275,7211275,7987892
7211564,7211564,7987892
7211961,7211961,7987892
7212171,7212171,7987892
7212242,7212242,7987892
7212266,7212266,7987892
7212281,7212281,7987892
7212555,7212555,7987892
7213193,7213193,7987892
7213412,7213412,7987892
7213936,7213936,7987892
7214392,7214392,7987892
7215694,7215694,7987892
7215751,7215751,7987892
7215869,7215869,7987892
7216289,7216289,7987892
7216996,7216996,7987892
7217032,7217032,7987892
7217112,7217112,7987892
7217411,7217411,7987892
7217485,7217485,7987892
7217731,7217731,7987892
7217860,7217860,7987892
7217860,7217860,7987892
7218449,7218449,7987892
7218531,7218531,7987892
7218697,7218697,7987892
7218767,7218767,7987892
7218783,7218783,7987892
7219086,7219086,7987892
7219650,7219650,7987892
7219791,7219791,7987892
7219817,7219817,7987892
7220034,7220034,7987892
7220037,7220037,7987892
7220128,7220128,7987892
7220318,7220318,7987892
7220386,7220386,7987892
7221201,7221201,7987892
7221226,7221226,7987892
7221772,7221772,7987892
7221842,7221842,7987892
7221918,7221918,7987892
7222127,7222127,7987892
7222341,7222341,7987892
7224184,7224184,7987892
7224274,7224274,7987892
7224362,7224362,7987892
7224376,7224376,7987892
7224408,7224408,7987892
7224480,7224480,7987892
7224801,7224801,7987892
7225225,7225225,7987892
7225447,7225447,7987892
7225962,7225962,7987892
7226857,7226857,7987892
7226998,7226998,7987892
7227043,7227043,7987892
7227222,7227222,7987892
7227328,7227328,7987892
7228393,7228393,7987892
7228685,7228685,7987892
7228686,7228686,7987892
7229112,7229112,7987892
7229228,7229228,7987892
7229946,7229946,7987892
7230572,7230572,7987892
7230980,7230980,7987892
7231381,7231381,7987892
7232383,7232383,7987892
7232461,7232461,7987892
7232470,7232470,7987892
7232557,7232557,7987892
7232656,7232656,7987892
7232707,7232707,7987892
7232710,7232710,7987892
7233419,7233419,7987892
7233515,7233515,7987892
7233688,7233688,7987892
7234662,7234662,7987892
7234790,7234790,7987892
7234902,7234902,7987892
7234945,7234945,7987892
7235065,7235065,7987892
7235187,7235187,7987892
7235240,7235240,7987892
7235245,7235245,7987892
7235700,7235700,7987892
7235741,7235741,7987892
7235857,7235857,7987892
7236623,7236623,7987892
7236800,7236800,7987892
7237264,7237264,7987892
7237367,7237367,7987892
7237468,7237468,7987892
7237915,7237915,7987892
7238040,7238040,7987892
7238179,7238179,7987892
7238341,7238341,7987892
7238559,7238559,7987892
7238916,7238916,7987892
7239005,7239005,7987892
7239200,7239200,7987892
7239259,7239259,7987892
7239274,7239274,7987892
7239407,7239407,7987892
7239769,7239769,7987892
7239970,7239970,7987892
7239976,7239976,7987892
7240068,7240068,7987892
7240588,7240588,7987892
7240784,7240784,7987892
7241011,7241011,7987892
7241708,7241708,7987892
7241985,7241985,7987892
7242058,7242058,7987892
7242559,7242559,7987892
7242850,7242850,7987892
7243017,7243017,7987892
7243378,7243378,7987892
7243604,7243604,7987892
7244075,7244075,7987892
7244087,7244087,7987892
7244299,7244299,7987892
7244348,7244348,7987892
7244974,7244974,7987892
7245135,7245135,7987892
7245239,7245239,7987892
7245638,7245638,7987892
7245831,7245831,7987892
7246111,7246111,7987892
7246837,7246837,7987892
7246900,7246900,7987892
7246917,7246917,7987892
7246931,7246931,7987892
7247038,7247038,7987892
7247279,7247279,7987892
7247314,7247314,7987892
7247390,7247390,7987892
7248205,7248205,7987892
7248354,7248354,7987892
7248400,7248400,7987892
7248658,7248658,7987892
7248895,7248895,7987892
7248902,7248902,7987892
7249283,7249283,7987892
7249426,7249426,7987892
7249574,7249574,7987892
7249701,7249701,7987892
7249771,7249771,7987892
7249775,7249775,7987892
7249786,7249786,7987892
7249797,7249797,7987892
7250104,7250104,7987892
7250959,7250959,7987892
7251705,7251705,7987892
7252398,7252398,7987892
7252465,7252465,7987892
7252707,7252707,7987892
7252779,7252779,7987892
7252864,7252864,7987892
7253765,7253765,7987892
7254558,7254558,7987892
7255189,7255189,7987892
7255278,7255278,7987892
7255279,7255279,7987892
7255494,7255494,7987892
7255519,7255519,7987892
7255989,7255989,7987892
7256499,7256499,7987892
7256611,7256611,7987892
7256768,7256768,7987892
7257089,7257089,7987892
7257571,7257571,7987892
7257697,7257697,7987892
7257948,7257948,7987892
7258734,7258734,7987892
7258831,7258831,7987892
7259066,7259066,7987892
7259092,7259092,7987892
7259181,7259181,7987892
7259288,7259288,7987892
7259629,7259629,7987892
7259661,7259661,7987892
7259671,7259671,7987892
7259744,7259744,7987892
7260272,7260272,7987892
7260338,7260338,7987892
7260567,7260567,7987892
7260695,7260695,7987892
7260849,7260849,7987892
7260999,7260999,7987892
7261206,7261206,7987892
7261292,7261292,7987892
7261362,7261362,7987892
7261442,7261442,7987892
7261449,7261449,7987892
7261586,7261586,7987892
7261818,7261818,7987892
7262043,7262043,7987892
7262070,7262070,7987892
7262530,7262530,7987892
7262579,7262579,7987892
7262745,7262745,7987892
7262752,7262752,7987892
7262885,7262885,7987892
7263159,7263159,7987892
7263387,7263387,7987892
7263535,7263535,7987892
7263821,7263821,7987892
7264264,7264264,7987892
7264588,7264588,7987892
7264629,7264629,7987892
7264874,7264874,7987892
7264896,7264896,7987892
7264951,7264951,7987892
7265161,7265161,7987892
7265167,7265167,7987892
7265722,7265722,7987892
7265928,7265928,7987892
7265987,7265987,7987892
7266334,7266334,7987892
7266773,7266773,7987892
7267262,7267262,7987892
7267347,7267347,7987892
7267478,7267478,7987892
7267532,7267532,7987892
7267861,7267861,7987892
7268014,7268014,7987892
7268174,7268174,7987892
7268423,7268423,7987892
7268491,7268491,7987892
7268598,7268598,7987892
7268644,7268644,7987892
7268827,7268827,7987892
7268836,7268836,7987892
7269044,7269044,7987892
7269188,7269188,7987892
7269380,7269380,7987892
7269380,7269380,7987892
7269551,7269551,7987892
7269972,7269972,7987892
7269978,7269978,7987892
7270077,7270077,7987892
7270646,7270646,7987892
7270953,7270953,7987892
7271242,7271242,7987892
7271443,7271443,7987892
7271509,7271509,7987892
7271610,7271610,7987892
7271738,7271738,7987892
7272244,7272244,7987892
7272383,7272383,7987892
7272435,7272435,7987892
7272497,7272497,7987892
7272596,7272596,7987892
7272620,7272620,7987892
7272719,7272719,7987892
7272728,7272728,7987892
7272899,7272899,7987892
7272975,7272975,7987892
7272977,7272977,7987892
7273036,7273036,7987892
7273065,7273065,7987892
7273574,7273574,7987892
7273777,7273777,7987892
7274154,7274154,7987892
7274199,7274199,7987892
7274323,7274323,7987892
7274425,7274425,7987892
7274581,7274581,7987892
7275044,7275044,7987892
7275210,7275210,7987892
7275460,7275460,7987892
7275910,7275910,7987892
7276168,7276168,7987892
7276253,7276253,7987892
7276281,7276281,7987892
7276394,7276394,7987892
7276466,7276466,7987892
7276576,7276576,7987892
7277029,7277029,7987892
7277445,7277445,7987892
7277526,7277526,7987892
7277598,7277598,7987892
7277679,7277679,7987892
7277948,7277948,7987892
7278057,7278057,7987892
7278339,7278339,7987892
7278383,7278383,7987892
7278991,7278991,7987892
7279021,7279021,7987892
7279416,7279416,7987892
7279549,7279549,7987892
7279875,7279875,7987892
7279956,7279956,7987892
7280442,7280442,7987892
7280698,7280698,7987892
7281160,7281160,7987892
7281250,7281250,7987892
7281445,7281445,7987892
7281625,7281625,7987892
7281833,7281833,7987892
7282034,7282034,7987892
7282359,7282359,7987892
7282423,7282423,7987892
7282939,7282939,7987892
7282954,7282954,7987892
7283632,7283632,7987892
7284273,7284273,7987892
7284425,7284425,7987892
7284602,7284602,7987892
7284704,7284704,7987892
7284919,7284919,7987892
7285013,7285013,7987892
7285050,7285050,7987892
7285337,7285337,7987892
7285641,7285641,7987892
7285925,7285925,7987892
7286171,7286171,7987892
7286390,7286390,7987892
7286494,7286494,7987892
7286786,7286786,7987892
7286922,7286922,7987892
7287000,7287000,7987892
7287558,7287558,7987892
7287759,7287759,7987892
7287890,7287890,7987892
7287931,7287931,7987892
7287944,7287944,7987892
7288065,7288065,7987892
7288608,7288608,7987892
7288728,7288728,7987892
7288839,7288839,7987892
7288841,7288841,7987892
7289505,7289505,7987892
7289544,7289544,7987892
7289567,7289567,7987892
7289746,7289746,7987892
7289765,7289765,7987892
7289946,7289946,7987892
7289958,7289958,7987892
7289968,7289968,7987892
7290032,7290032,7987892
7290519,7290519,7987892
7290678,7290678,7987892
7291046,7291046,7987892
7291415,7291415,7987892
7291763,7291763,7987892
7292384,7292384,7987892
7292464,7292464,7987892
7292664,7292664,7987892
7292843,7292843,7987892
7292963,7292963,7987892
7293206,7293206,7987892
7293561,7293561,7987892
7293567,7293567,7987892
7294160,7294160,7987892
7294240,7294240,7987892
7294252,7294252,7987892
7295050,7295050,7987892
7295399,7295399,7987892
7295453,7295453,7987892
7295481,7295481,7987892
7295568,7295568,7987892
7295688,7295688,7987892
7295705,7295705,7987892
7295716,7295716,7987892
7296166,7296166,7987892
7296789,7296789,7987892
7296885,7296885,7987892
7297228,7297228,7987892
7297998,7297998,7987892
7298192,7298192,7987892
7298708,7298708,7987892
7299164,7299164,7987892
7299664,7299664,7987892
7299702,7299702,7987892
7300826,7300826,7987892
7301496,7301496,7987892
7301513,7301513,7987892
7301693,7301693,7987892
7302012,7302012,7987892
7302042,7302042,7987892
7302342,7302342,7987892
7302386,7302386,7987892
7302571,7302571,7987892
7302706,7302706,7987892
7302819,7302819,7987892
7303058,7303058,7987892
7303123,7303123,7987892
7303200,7303200,7987892
7303542,7303542,7987892
7303677,7303677,7987892
7303681,7303681,7987892
7303772,7303772,7987892
7303966,7303966,7987892
7304791,7304791,7987892
7305148,7305148,7987892
7305300,7305300,7987892
7305387,7305387,7987892
7305443,7305443,7987892
7305507,7305507,7987892
7305545,7305545,7987892
7305675,7305675,7987892
7305893,7305893,7987892
7305904,7305904,7987892
7305960,7305960,7987892
7306002,7306002,7987892
7307054,7307054,7987892
7307178,7307178,7987892
7307441,7307441,7987892
7307838,7307838,7987892
7308796,7308796,7987892
7309230,7309230,7987892
7309870,7309870,7987892
7310069,7310069,7987892
7310076,7310076,7987892
7310188,7310188,7987892
7310283,7310283,7987892
7310565,7310565,7987892
7310646,7310646,7987892
7311001,7311001,7987892
7311080,7311080,7987892
7311280,7311280,7987892
7312082,7312082,7987892
7312409,7312409,7987892
7312417,7312417,7987892
7312652,7312652,7987892
7312907,7312907,7987892
7313812,7313812,7987892
7313898,7313898,7987892
7314012,7314012,7987892
7314727,7314727,7987892
7314842,7314842,7987892
7314952,7314952,7987892
7315625,7315625,7987892
7315820,7315820,7987892
7315897,7315897,7987892
7315980,7315980,7987892
7316768,7316768,7987892
7316857,7316857,7987892
7316980,7316980,7987892
7317371,7317371,7987892
7317746,7317746,7987892
7317877,7317877,7987892
7318443,7318443,7987892
7318782,7318782,7987892
7318998,7318998,7987892
7319609,7319609,7987892
7319716,7319716,7987892
7319751,7319751,7987892
7319911,7319911,7987892
7320178,7320178,7987892
7320294,7320294,7987892
7320643,7320643,7987892
7321075,7321075,7987892
7321453,7321453,7987892
7321953,7321953,7987892
7322874,7322874,7987892
7323181,7323181,7987892
7323182,7323182,7987892
7323556,7323556,7987892
7323578,7323578,7987892
7323965,7323965,7987892
7324125,7324125,7987892
7324244,7324244,7987892
7324465,7324465,7987892
7324564,7324564,7987892
7324652,7324652,7987892
7324719,7324719,7987892
7324804,7324804,7987892
7324818,7324818,7987892
7325173,7325173,7987892
7325275,7325275,7987892
7325515,7325515,7987892
7325588,7325588,7987892
7325660,7325660,7987892
7326060,7326060,7987892
7326253,7326253,7987892
7326444,7326444,7987892
7326639,7326639,7987892
7327395,7327395,7987892
7327466,7327466,7987892
7327882,7327882,7987892
7328308,7328308,7987892
7328417,7328417,7987892
7328597,7328597,7987892
7328743,7328743,7987892
7328888,7328888,7987892
7328904,7328904,7987892
7329036,7329036,7987892
7329374,7329374,7987892
7329670,7329670,7987892
7329683,7329683,7987892
7329839,7329839,7987892
7330207,7330207,7987892
7330274,7330274,7987892
7331903,7331903,7987892
7331913,7331913,7987892
7332286,7332286,7987892
7332392,7332392,7987892
7332524,7332524,7987892
7332651,7332651,7987892
7332696,7332696,7987892
7332785,7332785,7987892
7332936,7332936,7987892
7333266,7333266,7987892
7333420,7333420,7987892
7333482,7333482,7987892
7333989,7333989,7987892
7334018,7334018,7987892
7334586,7334586,7987892
7334722,7334722,7987892
7334814,7334814,7987892
7334823,7334823,7987892
7334949,7334949,7987892
7335495,7335495,7987892
7336194,7336194,7987892
7336762,7336762,7987892
7336990,7336990,7987892
7337127,7337127,7987892
7337272,7337272,7987892
7337676,7337676,7987892
7337784,7337784,7987892
7338078,7338078,7987892
7338282,7338282,7987892
7339199,7339199,7987892
7339242,7339242,7987892
7339386,7339386,7987892
7339519,7339519,7987892
7339574,7339574,7987892
7340425,7340425,7987892
7340686,7340686,7987892
7340772,7340772,7987892
7340864,7340864,7987892
7341084,7341084,7987892
7341118,7341118,7987892
7341177,7341177,7987892
7341180,7341180,7987892
7341998,7341998,7987892
7342094,7342094,7987892
7342148,7342148,7987892
7342154,7342154,7987892
7342183,7342183,7987892
7342421,7342421,7987892
7342654,7342654,7987892
7342997,7342997,7987892
7343191,7343191,7987892
7343259,7343259,7987892
7343293,7343293,7987892
7343583,7343583,7987892
7343803,7343803,7987892
7343809,7343809,7987892
7343845,7343845,7987892
7344331,7344331,7987892
7344949,7344949,7987892
7345348,7345348,7987892
7346458,7346458,7987892
7346624,7346624,7987892
7346816,7346816,7987892
7347097,7347097,7987892
7347201,7347201,7987892
7347226,7347226,7987892
7347511,7347511,7987892
7347653,7347653,7987892
7348335,7348335,7987892
7348442,7348442,7987892
7348499,7348499,7987892
7348764,7348764,7987892
7349225,7349225,7987892
7349640,7349640,7987892
7350011,7350011,7987892
7351087,7351087,7987892
7351324,7351324,7987892
7351517,7351517,7987892
7351575,7351575,7987892
7351659,7351659,7987892
7351666,7351666,7987892
7352305,7352305,7987892
7352583,7352583,7987892
7352706,7352706,7987892
7352960,7352960,7987892
7353099,7353099,7987892
7353389,7353389,7987892
7353712,7353712,7987892
7354004,7354004,7987892
7354163,7354163,7987892
7354174,7354174,7987892
7354376,7354376,7987892
7354724,7354724,7987892
7354888,7354888,7987892
7354936,7354936,7987892
7355053,7355053,7987892
7355076,7355076,7987892
7355132,7355132,7987892
7355511,7355511,7987892
7355538,7355538,7987892
7355772,7355772,7987892
7355805,7355805,7987892
7356700,7356700,7987892
7356813,7356813,7987892
7357457,7357457,7987892
7357459,7357459,7987892
7357568,7357568,7987892
7358137,7358137,7987892
7358217,7358217,7987892
7358473,7358473,7987892
7358584,7358584,7987892
7358650,7358650,7987892
7358963,7358963,7987892
7359053,7359053,7987892
7359093,7359093,7987892
7359186,7359186,7987892
7359444,7359444,7987892
7359557,7359557,7987892
7359655,7359655,7987892
7359812,7359812,7987892
7359832,7359832,7987892
7359977,7359977,7987892
7360145,7360145,7987892
7360279,7360279,7987892
7360597,7360597,7987892
7360810,7360810,7987892
7360897,7360897,7987892
7360916,7360916,7987892
7360962,7360962,7987892
7361392,7361392,7987892
7361508,7361508,7987892
7361698,7361698,7987892
7361871,7361871,7987892
7361932,7361932,7987892
7362353,7362353,7987892
7362457,7362457,7987892
7362770,7362770,7987892
7363802,7363802,7987892
7363875,7363875,7987892
7363941,7363941,7987892
7363986,7363986,7987892
7364158,7364158,7987892
7364440,7364440,7987892
7364604,7364604,7987892
7364832,7364832,7987892
7364928,7364928,7987892
7365302,7365302,7987892
7365326,7365326,7987892
7366095,7366095,7987892
7366187,7366187,7987892
7366194,7366194,7987892
7366736,7366736,7987892
7366786,7366786,7987892
7366814,7366814,7987892
7367152,7367152,7987892
7367197,7367197,7987892
7368074,7368074,7987892
7368292,7368292,7987892
7368807,7368807,7987892
7368922,7368922,7987892
7369030,7369030,7987892
7369093,7369093,7987892
7369137,7369137,7987892
7369172,7369172,7987892
7369189,7369189,7987892
7369289,7369289,7987892
7369332,7369332,7987892
7369336,7369336,7987892
7369351,7369351,7987892
7370021,7370021,7987892
7370208,7370208,7987892
7370430,7370430,7987892
7370537,7370537,7987892
7370830,7370830,7987892
7371028,7371028,7987892
7371338,7371338,7987892
7371502,7371502,7987892
7371856,7371856,7987892
7371978,7371978,7987892
7372196,7372196,7987892
7372254,7372254,7987892
7372316,7372316,7987892
7372547,7372547,7987892
7372681,7372681,7987892
7372684,7372684,7987892
7372889,7372889,7987892
7372948,7372948,7987892
7373362,7373362,7987892
7373680,7373680,7987892
7373956,7373956,7987892
7373988,7373988,7987892
7374348,7374348,7987892
7374624,7374624,7987892
7374966,7374966,7987892
7375889,7375889,7987892
7376131,7376131,7987892
7376195,7376195,7987892
7376297,7376297,7987892
7377354,7377354,7987892
7377565,7377565,7987892
7377987,7377987,7987892
7378700,7378700,7987892
7378794,7378794,7987892
7378994,7378994,7987892
7379624,7379624,7987892
7380044,7380044,7987892
7380079,7380079,7987892
7380124,7380124,7987892
7380589,7380589,7987892
7380705,7380705,7987892
7380719,7380719,7987892
7380741,7380741,7987892
7381080,7381080,7987892
7381478,7381478,7987892
7381925,7381925,7987892
7382127,7382127,7987892
7382795,7382795,7987892
7382872,7382872,7987892
7383052,7383052,7987892
7384061,7384061,7987892
7384219,7384219,7987892
7384429,7384429,7987892
7384456,7384456,7987892
7384643,7384643,7987892
7384691,7384691,7987892
7384725,7384725,7987892
7384770,7384770,7987892
7385099,7385099,7987892
7385354,7385354,7987892
7385379,7385379,7987892
7385516,7385516,7987892
7385570,7385570,7987892
7385981,7385981,7987892
7386227,7386227,7987892
7386282,7386282,7987892
7386337,7386337,7987892
7386358,7386358,7987892
7386374,7386374,7987892
7386630,7386630,7987892
7386791,7386791,7987892
7386991,7386991,7987892
7387021,7387021,7987892
7387034,7387034,7987892
7387434,7387434,7987892
7387847,7387847,7987892
7387920,7387920,7987892
7388338,7388338,7987892
7388346,7388346,7987892
7388675,7388675,7987892
7388695,7388695,7987892
7388845,7388845,7987892
7389067,7389067,7987892
7389289,7389289,7987892
7389406,7389406,7987892
7389460,7389460,7987892
7389997,7389997,7987892
7390049,7390049,7987892
7390366,7390366,7987892
7390982,7390982,7987892
7391005,7391005,7987892
7391094,7391094,7987892
7391135,7391135,7987892
7391199,7391199,7987892
7391971,7391971,7987892
7392956,7392956,7987892
7393062,7393062,7987892
7393114,7393114,7987892
7393206,7393206,7987892
7393476,7393476,7987892
7393537,7393537,7987892
7393701,7393701,7987892
7394312,7394312,7987892
7394530,7394530,7987892
7395175,7395175,7987892
7395214,7395214,7987892
7395329,7395329,7987892
7395626,7395626,7987892
7396210,7396210,7987892
7396237,7396237,7987892
7396384,7396384,7987892
7396496,7396496,7987892
7396842,7396842,7987892
7396866,7396866,7987892
7397282,7397282,7987892
7397797,7397797,7987892
7397995,7397995,7987892
7398217,7398217,7987892
7398769,7398769,7987892
7398900,7398900,7987892
7400115,7400115,7987892
7400155,7400155,7987892
7400799,7400799,7987892
7400934,7400934,7987892
7401047,7401047,7987892
7402404,7402404,7987892
7402443,7402443,7987892
7402549,7402549,7987892
7403153,7403153,7987892
7403714,7403714,7987892
7404030,7404030,7987892
7404047,7404047,7987892
7404158,7404158,7987892
7404547,7404547,7987892
7404779,7404779,7987892
7405068,7405068,7987892
7405348,7405348,7987892
7405837,7405837,7987892
7405840,7405840,7987892
7406129,7406129,7987892
7406211,7406211,7987892
7407658,7407658,7987892
7407893,7407893,7987892
7407940,7407940,7987892
7408390,7408390,7987892
7408435,7408435,7987892
7408630,7408630,7987892
7409466,7409466,7987892
7409658,7409658,7987892
7409997,7409997,7987892
7410043,7410043,7987892
7410144,7410144,7987892
7410729,7410729,7987892
7410731,7410731,7987892
7410940,7410940,7987892
7410988,7410988,7987892
7411064,7411064,7987892
7411242,7411242,7987892
7411287,7411287,7987892
7411348,7411348,7987892
7411473,7411473,7987892
7411570,7411570,7987892
7411974,7411974,7987892
7412191,7412191,7987892
7412595,7412595,7987892
7412599,7412599,7987892
7412820,7412820,7987892
7413257,7413257,7987892
7413267,7413267,7987892
7414047,7414047,7987892
7414229,7414229,7987892
7414265,7414265,7987892
7414295,7414295,7987892
7414330,7414330,7987892
7414512,7414512,7987892
7414997,7414997,7987892
7415014,7415014,7987892
7415359,7415359,7987892
7415568,7415568,7987892
7415900,7415900,7987892
7416685,7416685,7987892
7416876,7416876,7987892
7416988,7416988,7987892
7417234,7417234,7987892
7417652,7417652,7987892
7417661,7417661,7987892
7417991,7417991,7987892
7418323,7418323,7987892
7418660,7418660,7987892
7419078,7419078,7987892
7419204,7419204,7987892
7419472,7419472,7987892
7419755,7419755,7987892
7420108,7420108,7987892
7420129,7420129,7987892
7420253,7420253,7987892
7420304,7420304,7987892
7420647,7420647,7987892
7421106,7421106,7987892
7421115,7421115,7987892
7421157,7421157,7987892
7421294,7421294,7987892
7421300,7421300,7987892
7421314,7421314,7987892
7421537,7421537,7987892
7421718,7421718,7987892
7422296,7422296,7987892
7422547,7422547,7987892
7422562,7422562,7987892
7423169,7423169,7987892
7423564,7423564,7987892
7424578,7424578,7987892
7425512,7425512,7987892
7425643,7425643,7987892
7425648,7425648,7987892
7425837,7425837,7987892
7426789,7426789,7987892
7427036,7427036,7987892
7427433,7427433,7987892
7427655,7427655,7987892
7427757,7427757,7987892
7427810,7427810,7987892
7427847,7427847,7987892
7428503,7428503,7987892
7428682,7428682,7987892
7428749,7428749,7987892
7429166,7429166,7987892
7429347,7429347,7987892
7429403,7429403,7987892
7429923,7429923,7987892
7430188,7430188,7987892
7430199,7430199,7987892
7430474,7430474,7987892
7430563,7430563,7987892
7430599,7430599,7987892
7430900,7430900,7987892
7431154,7431154,7987892
7431877,7431877,7987892
7431910,7431910,7987892
7432077,7432077,7987892
7432350,7432350,7987892
7432452,7432452,7987892
7432892,7432892,7987892
7433114,7433114,7987892
7433240,7433240,7987892
7433302,7433302,7987892
7433525,7433525,7987892
7434089,7434089,7987892
7434280,7434280,7987892
7434633,7434633,7987892
7435210,7435210,7987892
7435605,7435605,7987892
7435734,7435734,7987892
7435755,7435755,7987892
7435767,7435767,7987892
7435808,7435808,7987892
7435916,7435916,7987892
7436013,7436013,7987892
7436023,7436023,7987892
7436335,7436335,7987892
7436411,7436411,7987892
7436439,7436439,7987892
7436749,7436749,7987892
7437507,7437507,7987892
7437676,7437676,7987892
7437824,7437824,7987892
7437939,7437939,7987892
7438573,7438573,7987892
7438704,7438704,7987892
7439045,7439045,7987892
7439268,7439268,7987892
7440109,7440109,7987892
7440175,7440175,7987892
7441165,7441165,7987892
7441282,7441282,7987892
7441303,7441303,7987892
7441421,7441421,7987892
7441592,7441592,7987892
7441728,7441728,7987892
7441729,7441729,7987892
7442650,7442650,7987892
7442653,7442653,7987892
7442823,7442823,7987892
7442902,7442902,7987892
7443278,7443278,7987892
7443393,7443393,7987892
7443404,7443404,7987892
7443859,7443859,7987892
7443994,7443994,7987892
7444178,7444178,7987892
7444405,7444405,7987892
7444752,7444752,7987892
7445021,7445021,7987892
7445049,7445049,7987892
7445150,7445150,7987892
7446006,7446006,7987892
7446260,7446260,7987892
7446596,7446596,7987892
7446596,7446596,7987892
7447489,7447489,7987892
7447920,7447920,7987892
7448049,7448049,7987892
7448221,7448221,7987892
7448431,7448431,7987892
7448609,7448609,7987892
7449249,7449249,7987892
7449394,7449394,7987892
7449451,7449451,7987892
7449627,7449627,7987892
7449822,7449822,7987892
7449939,7449939,7987892
7450336,7450336,7987892
7450421,7450421,7987892
7451324,7451324,7987892
7451558,7451558,7987892
7451802,7451802,7987892
7452647,7452647,7987892
7452774,7452774,7987892
7453109,7453109,7987892
7453134,7453134,7987892
7453184,7453184,7987892
7453242,7453242,7987892
7453362,7453362,7987892
7453577,7453577,7987892
7453807,7453807,7987892
7453871,7453871,7987892
7453887,7453887,7987892
7454278,7454278,7987892
7455027,7455027,7987892
7455163,7455163,7987892
7455198,7455198,7987892
7455481,7455481,7987892
7455569,7455569,7987892
7455843,7455843,7987892
7456546,7456546,7987892
7456738,7456738,7987892
7456843,7456843,7987892
7456887,7456887,7987892
7456975,7456975,7987892
7457159,7457159,7987892
7457407,7457407,7987892
7457614,7457614,7987892
7457847,7457847,7987892
7457869,7457869,7987892
7457966,7457966,7987892
7457985,7457985,7987892
7457991,7457991,7987892
7458498,7458498,7987892
7458740,7458740,7987892
7459133,7459133,7987892
7459137,7459137,7987892
7459278,7459278,7987892
7459278,7459278,7987892
7459401,7459401,7987892
7459823,7459823,7987892
7459872,7459872,7987892
7460817,7460817,7987892
7461195,7461195,7987892
7461262,7461262,7987892
7461418,7461418,7987892
7461799,7461799,7987892
7462067,7462067,7987892
7462272,7462272,7987892
7462503,7462503,7987892
7462514,7462514,7987892
7462688,7462688,7987892
7462820,7462820,7987892
7462890,7462890,7987892
7464160,7464160,7987892
7464487,7464487,7987892
7464496,7464496,7987892
7464859,7464859,7987892
7465213,7465213,7987892
7465554,7465554,7987892
7465898,7465898,7987892
7466288,7466288,7987892
7466542,7466542,7987892
7466817,7466817,7987892
7466869,7466869,7987892
7467365,7467365,7987892
7467422,7467422,7987892
7467457,7467457,7987892
7467713,7467713,7987892
7467813,7467813,7987892
7468000,7468000,7987892
7468108,7468108,7987892
7468162,7468162,7987892
7468410,7468410,7987892
7468551,7468551,7987892
7469718,7469718,7987892
7469850,7469850,7987892
7469892,7469892,7987892
7470292,7470292,7987892
7470868,7470868,7987892
7471548,7471548,7987892
7471904,7471904,7987892
7472012,7472012,7987892
7472050,7472050,7987892
7472227,7472227,7987892
7472470,7472470,7987892
7472539,7472539,7987892
7473185,7473185,7987892
7473435,7473435,7987892
7473934,7473934,7987892
7474037,7474037,7987892
7474135,7474135,7987892
7474141,7474141,7987892
7474201,7474201,7987892
7474627,7474627,7987892
7474829,7474829,7987892
7475101,7475101,7987892
7476275,7476275,7987892
7476704,7476704,7987892
7477082,7477082,7987892
7477206,7477206,7987892
7478739,7478739,7987892
7479279,7479279,7987892
7479728,7479728,7987892
7480378,7480378,7987892
7480567,7480567,7987892
7480567,7480567,7987892
7480904,7480904,7987892
7481952,7481952,7987892
7482118,7482118,7987892
7482250,7482250,7987892
7482852,7482852,7987892
7482893,7482893,7987892
7482895,7482895,7987892
7482943,7482943,7987892
7483331,7483331,7987892
7483371,7483371,7987892
7485196,7485196,7987892
7485438,7485438,7987892
7485768,7485768,7987892
7485805,7485805,7987892
7486043,7486043,7987892
7486295,7486295,7987892
7486741,7486741,7987892
7486743,7486743,7987892
7487155,7487155,7987892
7487385,7487385,7987892
7487745,7487745,7987892
7487782,7487782,7987892
7488421,7488421,7987892
7488460,7488460,7987892
7488904,7488904,7987892
7489023,7489023,7987892
7489147,7489147,7987892
7489223,7489223,7987892
7489400,7489400,7987892
7489500,7489500,7987892
7489526,7489526,7987892
7489821,7489821,7987892
7489934,7489934,7987892
7490242,7490242,7987892
7490409,7490409,7987892
7490657,7490657,7987892
7491259,7491259,7987892
7491355,7491355,7987892
7491902,7491902,7987892
7492007,7492007,7987892
7493096,7493096,7987892
7493161,7493161,7987892
7493466,7493466,7987892
7493979,7493979,7987892
7495072,7495072,7987892
7495286,7495286,7987892
7495362,7495362,7987892
7495441,7495441,7987892
7495762,7495762,7987892
7495960,7495960,7987892
7496002,7496002,7987892
7496165,7496165,7987892
7496216,7496216,7987892
7496390,7496390,7987892
7496455,7496455,7987892
7496557,7496557,7987892
7496874,7496874,7987892
7496989,7496989,7987892
7497446,7497446,7987892
7497533,7497533,7987892
7497685,7497685,7987892
7498224,7498224,7987892
7498304,7498304,7987892
7498329,7498329,7987892
7498595,7498595,7987892
7499047,7499047,7987892
7499182,7499182,7987892
7499280,7499280,7987892
7499415,7499415,7987892
7499452,7499452,7987892
7499566,7499566,7987892
7499962,7499962,7987892
7499965,7499965,7987892
7500365,7500365,7987892
7500731,7500731,7987892
7500759,7500759,7987892
7500777,7500777,7987892
7501145,7501145,7987892
7501229,7501229,7987892
7501444,7501444,7987892
7501692,7501692,7987892
7501899,7501899,7987892
7502226,7502226,7987892
7502734,7502734,7987892
7502741,7502741,7987892
7502782,7502782,7987892
7503025,7503025,7987892
7503355,7503355,7987892
7503832,7503832,7987892
7504172,7504172,7987892
7504236,7504236,7987892
7504477,7504477,7987892
7505107,7505107,7987892
7505170,7505170,7987892
7505389,7505389,7987892
7505551,7505551,7987892
7505876,7505876,7987892
7506152,7506152,7987892
7506182,7506182,7987892
7506273,7506273,7987892
7506365,7506365,7987892
7506843,7506843,7987892
7507214,7507214,7987892
7507216,7507216,7987892
7508285,7508285,7987892
7508371,7508371,7987892
7508423,7508423,7987892
7508627,7508627,7987892
7508637,7508637,7987892
7508803,7508803,7987892
7508916,7508916,7987892
7509238,7509238,7987892
7509316,7509316,7987892
7509459,7509459,7987892
7509634,7509634,7987892
7509873,7509873,7987892
7509963,7509963,7987892
7510003,7510003,7987892
7510451,7510451,7987892
7510919,7510919,7987892
7511406,7511406,7987892
7511499,7511499,7987892
7511595,7511595,7987892
7511624,7511624,7987892
7511992,7511992,7987892
7511999,7511999,7987892
7512631,7512631,7987892
7512644,7512644,7987892
7512709,7512709,7987892
7513171,7513171,7987892
7513357,7513357,7987892
7513764,7513764,7987892
7513780,7513780,7987892
7513818,7513818,7987892
7513952,7513952,7987892
7514438,7514438,7987892
7514808,7514808,7987892
7514912,7514912,7987892
7515386,7515386,7987892
7515545,7515545,7987892
7515796,7515796,7987892
7515893,7515893,7987892
7516246,7516246,7987892
7516286,7516286,7987892
7516369,7516369,7987892
7516478,7516478,7987892
7516715,7516715,7987892
7516986,7516986,7987892
7517060,7517060,7987892
7517267,7517267,7987892
7517687,7517687,7987892
7518192,7518192,7987892
7519911,7519911,7987892
7519969,7519969,7987892
7520485,7520485,7987892
7520829,7520829,7987892
7521115,7521115,7987892
7521603,7521603,7987892
7521772,7521772,7987892
7522929,7522929,7987892
7523381,7523381,7987892
7523524,7523524,7987892
7523604,7523604,7987892
7523796,7523796,7987892
7524168,7524168,7987892
7525268,7525268,7987892
7525316,7525316,7987892
7525604,7525604,7987892
7525660,7525660,7987892
7526050,7526050,7987892
7526609,7526609,7987892
7526652,7526652,7987892
7527133,7527133,7987892
7527240,7527240,7987892
7527711,7527711,7987892
7527930,7527930,7987892
7528044,7528044,7987892
7528144,7528144,7987892
7528402,7528402,7987892
7529058,7529058,7987892
7529070,7529070,7987892
7529699,7529699,7987892
7530694,7530694,7987892
7530915,7530915,7987892
7531065,7531065,7987892
7531246,7531246,7987892
7531391,7531391,7987892
7531422,7531422,7987892
7532376,7532376,7987892
7532458,7532458,7987892
7532472,7532472,7987892
7532661,7532661,7987892
7532691,7532691,7987892
7532849,7532849,7987892
7533672,7533672,7987892
7533709,7533709,7987892
7533764,7533764,7987892
7533881,7533881,7987892
7534146,7534146,7987892
7534401,7534401,7987892
7534424,7534424,7987892
7534750,7534750,7987892
7534882,7534882,7987892
7535220,7535220,7987892
7535426,7535426,7987892
7535833,7535833,7987892
7535956,7535956,7987892
7536313,7536313,7987892
7536670,7536670,7987892
7536874,7536874,7987892
7536889,7536889,7987892
7537048,7537048,7987892
7537752,7537752,7987892
7537792,7537792,7987892
7538135,7538135,7987892
7538142,7538142,7987892
7538145,7538145,7987892
7538400,7538400,7987892
7538658,7538658,7987892
7538799,7538799,7987892
7538876,7538876,7987892
7538950,7538950,7987892
7538978,7538978,7987892
7539039,7539039,7987892
7539384,7539384,7987892
7539401,7539401,7987892
7539930,7539930,7987892
7540076,7540076,7987892
7540379,7540379,7987892
7540380,7540380,7987892
7540756,7540756,7987892
7540796,7540796,7987892
7540921,7540921,7987892
7541390,7541390,7987892
7541633,7541633,7987892
7542263,7542263,7987892
7542603,7542603,7987892
7542618,7542618,7987892
7542680,7542680,7987892
7542715,7542715,7987892
7542750,7542750,7987892
7543105,7543105,7987892
7543541,7543541,7987892
7543669,7543669,7987892
7543773,7543773,7987892
7544646,7544646,7987892
7544821,7544821,7987892
7545009,7545009,7987892
7545123,7545123,7987892
7545243,7545243,7987892
7545313,7545313,7987892
7545396,7545396,7987892
7545526,7545526,7987892
7545566,7545566,7987892
7545820,7545820,7987892
7545830,7545830,7987892
7545848,7545848,7987892
7545998,7545998,7987892
7546046,7546046,7987892
7546162,7546162,7987892
7546224,7546224,7987892
7546624,7546624,7987892
7546992,7546992,7987892
7547165,7547165,7987892
7547610,7547610,7987892
7547660,7547660,7987892
7547887,7547887,7987892
7548031,7548031,7987892
7548099,7548099,7987892
7548701,7548701,7987892
7548732,7548732,7987892
7549444,7549444,7987892
7549845,7549845,7987892
7549894,7549894,7987892
7549912,7549912,7987892
7550439,7550439,7987892
7550737,7550737,7987892
7550797,7550797,7987892
7551087,7551087,7987892
7551379,7551379,7987892
7551725,7551725,7987892
7551861,7551861,7987892
7552047,7552047,7987892
7552124,7552124,7987892
7552127,7552127,7987892
7552201,7552201,7987892
7552686,7552686,7987892
7552961,7552961,7987892
7553294,7553294,7987892
7553373,7553373,7987892
7553380,7553380,7987892
7553841,7553841,7987892
7554034,7554034,7987892
7554195,7554195,7987892
7554336,7554336,7987892
7554412,7554412,7987892
7554585,7554585,7987892
7554739,7554739,7987892
7555080,7555080,7987892
7555542,7555542,7987892
7555749,7555749,7987892
7555867,7555867,7987892
7555904,7555904,7987892
7556262,7556262,7987892
7556353,7556353,7987892
7556612,7556612,7987892
7556636,7556636,7987892
7557196,7557196,7987892
7557472,7557472,7987892
7557791,7557791,7987892
7557864,7557864,7987892
7557929,7557929,7987892
7558369,7558369,7987892
7558380,7558380,7987892
7558587,7558587,7987892
7558653,7558653,7987892
7558776,7558776,7987892
7559047,7559047,7987892
7559098,7559098,7987892
7559106,7559106,7987892
7559191,7559191,7987892
7559367,7559367,7987892
7559943,7559943,7987892
7560614,7560614,7987892
7561072,7561072,7987892
7561136,7561136,7987892
7561189,7561189,7987892
7562113,7562113,7987892
7562322,7562322,7987892
7562329,7562329,7987892
7562847,7562847,7987892
7563159,7563159,7987892
7563907,7563907,7987892
7564263,7564263,7987892
7564343,7564343,7987892
7564472,7564472,7987892
7564800,7564800,7987892
7564907,7564907,7987892
7564960,7564960,7987892
7565125,7565125,7987892
7565221,7565221,7987892
7565259,7565259,7987892
7565307,7565307,7987892
7565727,7565727,7987892
7566160,7566160,7987892
7566440,7566440,7987892
7566495,7566495,7987892
7566593,7566593,7987892
7566730,7566730,7987892
7566733,7566733,7987892
7566852,7566852,7987892
7566963,7566963,7987892
7567056,7567056,7987892
7567087,7567087,7987892
7567209,7567209,7987892
7567280,7567280,7987892
7568052,7568052,7987892
7569122,7569122,7987892
7569132,7569132,7987892
7569233,7569233,7987892
7569316,7569316,7987892
7569333,7569333,7987892
7569461,7569461,7987892
7569606,7569606,7987892
7569627,7569627,7987892
7569656,7569656,7987892
7569718,7569718,7987892
7570294,7570294,7987892
7570331,7570331,7987892
7570461,7570461,7987892
7570572,7570572,7987892
7570976,7570976,7987892
7571064,7571064,7987892
7571069,7571069,7987892
7571378,7571378,7987892
7571408,7571408,7987892
7571617,7571617,7987892
7571805,7571805,7987892
7571936,7571936,7987892
7572276,7572276,7987892
7572289,7572289,7987892
7572293,7572293,7987892
7572509,7572509,7987892
7572665,7572665,7987892
7573115,7573115,7987892
7573292,7573292,7987892
7573616,7573616,7987892
7574209,7574209,7987892
7574553,7574553,7987892
7575884,7575884,7987892
7576506,7576506,7987892
7576524,7576524,7987892
7576672,7576672,7987892
7578190,7578190,7987892
7578371,7578371,7987892
7578789,7578789,7987892
7578972,7578972,7987892
7579190,7579190,7987892
7579386,7579386,7987892
7580148,7580148,7987892
7580416,7580416,7987892
7580434,7580434,7987892
7580597,7580597,7987892
7580805,7580805,7987892
7580823,7580823,7987892
7581457,7581457,7987892
7581487,7581487,7987892
7582125,7582125,7987892
7582200,7582200,7987892
7582251,7582251,7987892
7582291,7582291,7987892
7582355,7582355,7987892
7582396,7582396,7987892
7582520,7582520,7987892
7582537,7582537,7987892
7582777,7582777,7987892
7582821,7582821,7987892
7582994,7582994,7987892
7583178,7583178,7987892
7583380,7583380,7987892
7584050,7584050,7987892
7584208,7584208,7987892
7584388,7584388,7987892
7585357,7585357,7987892
7585671,7585671,7987892
7586022,7586022,7987892
7586033,7586033,7987892
7586181,7586181,7987892
7586890,7586890,7987892
7587183,7587183,7987892
7587512,7587512,7987892
7587679,7587679,7987892
7587690,7587690,7987892
7587774,7587774,7987892
7588249,7588249,7987892
7588406,7588406,7987892
7588487,7588487,7987892
7588544,7588544,7987892
7588636,7588636,7987892
7589489,7589489,7987892
7589741,7589741,7987892
7589807,7589807,7987892
7589891,7589891,7987892
7590221,7590221,7987892
7591059,7591059,7987892
7591103,7591103,7987892
7591140,7591140,7987892
7591254,7591254,7987892
7591524,7591524,7987892
7591879,7591879,7987892
7592919,7592919,7987892
7593269,7593269,7987892
7593312,7593312,7987892
7593380,7593380,7987892
7593457,7593457,7987892
7593637,7593637,7987892
7593833,7593833,7987892
7594005,7594005,7987892
7594008,7594008,7987892
7594185,7594185,7987892
7594575,7594575,7987892
7594697,7594697,7987892
7594703,7594703,7987892
7594867,7594867,7987892
7595015,7595015,7987892
7595353,7595353,7987892
7595558,7595558,7987892
7596154,7596154,7987892
7596384,7596384,7987892
7596705,7596705,7987892
7597274,7597274,7987892
7597756,7597756,7987892
7597984,7597984,7987892
7598199,7598199,7987892
7598821,7598821,7987892
7599224,7599224,7987892
7599332,7599332,7987892
7599380,7599380,7987892
7599983,7599983,7987892
7600288,7600288,7987892
7601211,7601211,7987892
7601511,7601511,7987892
7601543,7601543,7987892
7602827,7602827,7987892
7602835,7602835,7987892
7602935,7602935,7987892
7603407,7603407,7987892
7603636,7603636,7987892
7603785,7603785,7987892
7604371,7604371,7987892
7604543,7604543,7987892
7604709,7604709,7987892
7604808,7604808,7987892
7605020,7605020,7987892
7605040,7605040,7987892
7605404,7605404,7987892
7605577,7605577,7987892
7605817,7605817,7987892
7605873,7605873,7987892
7605946,7605946,7987892
7606032,7606032,7987892
7606511,7606511,7987892
7606681,7606681,7987892
7606737,7606737,7987892
7607059,7607059,7987892
7607175,7607175,7987892
7607211,7607211,7987892
7607424,7607424,7987892
7607463,7607463,7987892
7608065,7608065,7987892
7608192,7608192,7987892
7608235,7608235,7987892
7608358,7608358,7987892
7608391,7608391,7987892
7608417,7608417,7987892
7608917,7608917,7987892
7609125,7609125,7987892
7609339,7609339,7987892
7609451,7609451,7987892
7610252,7610252,7987892
7610558,7610558,7987892
7611285,7611285,7987892
7611395,7611395,7987892
7611439,7611439,7987892
7611963,7611963,7987892
7612629,7612629,7987892
7612827,7612827,7987892
7612941,7612941,7987892
7613282,7613282,7987892
7613595,7613595,7987892
7613836,7613836,7987892
7613920,7613920,7987892
7614060,7614060,7987892
7614516,7614516,7987892
7614915,7614915,7987892
7614987,7614987,7987892
7615091,7615091,7987892
7615581,7615581,7987892
7616092,7616092,7987892
7616143,7616143,7987892
7616509,7616509,7987892
7616539,7616539,7987892
7616990,7616990,7987892
7617071,7617071,7987892
7617098,7617098,7987892
7617665,7617665,7987892
7617852,7617852,7987892
7618012,7618012,7987892
7618774,7618774,7987892
7618789,7618789,7987892
7619072,7619072,7987892
7619144,7619144,7987892
7619318,7619318,7987892
7619328,7619328,7987892
7619596,7619596,7987892
7620003,7620003,7987892
7620047,7620047,7987892
7620713,7620713,7987892
7620876,7620876,7987892
7620929,7620929,7987892
7621667,7621667,7987892
7621738,7621738,7987892
7621739,7621739,7987892
7621755,7621755,7987892
7621894,7621894,7987892
7622473,7622473,7987892
7622478,7622478,7987892
7622943,7622943,7987892
7623326,7623326,7987892
7623419,7623419,7987892
7623529,7623529,7987892
7623554,7623554,7987892
7623655,7623655,7987892
7623756,7623756,7987892
7623989,7623989,7987892
7624019,7624019,7987892
7624724,7624724,7987892
7624788,7624788,7987892
7624908,7624908,7987892
7624909,7624909,7987892
7625257,7625257,7987892
7625427,7625427,7987892
7626033,7626033,7987892
7626279,7626279,7987892
7626947,7626947,7987892
7627334,7627334,7987892
7627495,7627495,7987892
7627731,7627731,7987892
7627968,7627968,7987892
7628013,7628013,7987892
7628526,7628526,7987892
7628562,7628562,7987892
7629422,7629422,7987892
7629430,7629430,7987892
7629717,7629717,7987892
7630228,7630228,7987892
7630969,7630969,7987892
7631091,7631091,7987892
7631193,7631193,7987892
7631240,7631240,7987892
7631258,7631258,7987892
7631537,7631537,7987892
7631922,7631922,7987892
7631977,7631977,7987892
7632214,7632214,7987892
7632271,7632271,7987892
7632323,7632323,7987892
7632629,7632629,7987892
7632634,7632634,7987892
7632947,7632947,7987892
7633625,7633625,7987892
7633770,7633770,7987892
7633855,7633855,7987892
7634040,7634040,7987892
7634136,7634136,7987892
7635177,7635177,7987892
7635232,7635232,7987892
7635246,7635246,7987892
7635790,7635790,7987892
7636148,7636148,7987892
7636323,7636323,7987892
7636376,7636376,7987892
7636549,7636549,7987892
7636972,7636972,7987892
7637072,7637072,7987892
7637204,7637204,7987892
7637768,7637768,7987892
7637869,7637869,7987892
7637921,7637921,7987892
7638332,7638332,7987892
7638381,7638381,7987892
7638817,7638817,7987892
7638907,7638907,7987892
7639205,7639205,7987892
7639243,7639243,7987892
7640122,7640122,7987892
7640363,7640363,7987892
7640987,7640987,7987892
7642280,7642280,7987892
7643290,7643290,7987892
7643349,7643349,7987892
7643549,7643549,7987892
7643620,7643620,7987892
7643785,7643785,7987892
7643931,7643931,7987892
7643944,7643944,7987892
7644283,7644283,7987892
7644561,7644561,7987892
7645603,7645603,7987892
7645615,7645615,7987892
7645794,7645794,7987892
7646321,7646321,7987892
7646589,7646589,7987892
7646604,7646604,7987892
7646674,7646674,7987892
7646901,7646901,7987892
7646912,7646912,7987892
7647140,7647140,7987892
7647297,7647297,7987892
7647935,7647935,7987892
7648035,7648035,7987892
7648232,7648232,7987892
7648323,7648323,7987892
7648530,7648530,7987892
7648601,7648601,7987892
7650152,7650152,7987892
7650221,7650221,7987892
7650480,7650480,7987892
7650821,7650821,7987892
7651157,7651157,7987892
7651177,7651177,7987892
7651351,7651351,7987892
7651770,7651770,7987892
7651915,7651915,7987892
7652034,7652034,7987892
7652044,7652044,7987892
7652608,7652608,7987892
7653800,7653800,7987892
7654282,7654282,7987892
7654492,7654492,7987892
7654551,7654551,7987892
7654650,7654650,7987892
7654805,7654805,7987892
7654810,7654810,7987892
7654811,7654811,7987892
7654964,7654964,7987892
7655151,7655151,7987892
7655157,7655157,7987892
7655496,7655496,7987892
7655506,7655506,7987892
7655871,7655871,7987892
7655929,7655929,7987892
7655931,7655931,7987892
7656238,7656238,7987892
7656841,7656841,7987892
7656898,7656898,7987892
7657047,7657047,7987892
7657393,7657393,7987892
7657396,7657396,7987892
7657460,7657460,7987892
7657808,7657808,7987892
7657897,7657897,7987892
7657955,7657955,7987892
7658133,7658133,7987892
7658228,7658228,7987892
7658564,7658564,7987892
7658969,7658969,7987892
7659141,7659141,7987892
7659663,7659663,7987892
7660023,7660023,7987892
7660057,7660057,7987892
7660393,7660393,7987892
7660855,7660855,7987892
7660914,7660914,7987892
7661167,7661167,7987892
7661773,7661773,7987892
7661895,7661895,7987892
7662500,7662500,7987892
7663167,7663167,7987892
7663216,7663216,7987892
7663309,7663309,7987892
7663432,7663432,7987892
7665162,7665162,7987892
7665921,7665921,7987892
7665992,7665992,7987892
7666896,7666896,7987892
7666996,7666996,7987892
7668111,7668111,7987892
7668162,7668162,7987892
7668222,7668222,7987892
7668225,7668225,7987892
7668583,7668583,7987892
7668759,7668759,7987892
7668798,7668798,7987892
7668880,7668880,7987892
7668946,7668946,7987892
7669008,7669008,7987892
7669776,7669776,7987892
7669905,7669905,7987892
7670041,7670041,7987892
7670141,7670141,7987892
7670380,7670380,7987892
7670825,7670825,7987892
7671116,7671116,7987892
7671168,7671168,7987892
7671386,7671386,7987892
7671618,7671618,7987892
7672656,7672656,7987892
7672766,7672766,7987892
7673970,7673970,7987892
7674288,7674288,7987892
7674416,7674416,7987892
7675516,7675516,7987892
7675597,7675597,7987892
7675967,7675967,7987892
7676059,7676059,7987892
7676833,7676833,7987892
7677206,7677206,7987892
7677511,7677511,7987892
7677668,7677668,7987892
7677941,7677941,7987892
7678461,7678461,7987892
7678732,7678732,7987892
7679058,7679058,7987892
7679132,7679132,7987892
7679148,7679148,7987892
7679341,7679341,7987892
7679674,7679674,7987892
7679843,7679843,7987892
7680150,7680150,7987892
7680254,7680254,7987892
7680255,7680255,7987892
7680308,7680308,7987892
7680380,7680380,7987892
7680492,7680492,7987892
7680525,7680525,7987892
7680565,7680565,7987892
7680874,7680874,7987892
7681064,7681064,7987892
7682417,7682417,7987892
7682908,7682908,7987892
7682960,7682960,7987892
7683785,7683785,7987892
7683907,7683907,7987892
7684006,7684006,7987892
7684010,7684010,7987892
7684407,7684407,7987892
7684689,7684689,7987892
7684947,7684947,7987892
7684976,7684976,7987892
7684996,7684996,7987892
7685435,7685435,7987892
7685840,7685840,7987892
7686083,7686083,7987892
7686130,7686130,7987892
7686581,7686581,7987892
7686701,7686701,7987892
7686844,7686844,7987892
7687000,7687000,7987892
7687304,7687304,7987892
7687413,7687413,7987892
7687847,7687847,7987892
7687864,7687864,7987892
7688625,7688625,7987892
7688667,7688667,7987892
7689189,7689189,7987892
7689310,7689310,7987892
7689373,7689373,7987892
7689440,7689440,7987892
7689710,7689710,7987892
7690151,7690151,7987892
7690179,7690179,7987892
7690427,7690427,7987892
7690680,7690680,7987892
7691062,7691062,7987892
7691197,7691197,7987892
7691294,7691294,7987892
7691377,7691377,7987892
7691736,7691736,7987892
7691859,7691859,7987892
7691918,7691918,7987892
7691961,7691961,7987892
7692223,7692223,7987892
7692812,7692812,7987892
7692909,7692909,7987892
7693145,7693145,7987892
7693274,7693274,7987892
7693807,7693807,7987892
7694013,7694013,7987892
7695163,7695163,7987892
7695166,7695166,7987892
7695370,7695370,7987892
7695400,7695400,7987892
7695410,7695410,7987892
7695610,7695610,7987892
7695679,7695679,7987892
7695964,7695964,7987892
7696010,7696010,7987892
7696409,7696409,7987892
7696976,7696976,7987892
7697138,7697138,7987892
7697553,7697553,7987892
7697645,7697645,7987892
7698137,7698137,7987892
7698523,7698523,7987892
7699211,7699211,7987892
7699441,7699441,7987892
7699448,7699448,7987892
7699733,7699733,7987892
7699857,7699857,7987892
7700666,7700666,7987892
7700841,7700841,7987892
7701219,7701219,7987892
7701381,7701381,7987892
7701384,7701384,7987892
7701449,7701449,7987892
7701585,7701585,7987892
7701724,7701724,7987892
7702226,7702226,7987892
7702313,7702313,7987892
7702402,7702402,7987892
7702948,7702948,7987892
7703209,7703209,7987892
7704146,7704146,7987892
7704230,7704230,7987892
7704243,7704243,7987892
7704268,7704268,7987892
7704466,7704466,7987892
7704844,7704844,7987892
7704849,7704849,7987892
7704982,7704982,7987892
7705055,7705055,7987892
7705285,7705285,7987892
7705549,7705549,7987892
7705639,7705639,7987892
7705744,7705744,7987892
7706179,7706179,7987892
7706293,7706293,7987892
7706355,7706355,7987892
7706408,7706408,7987892
7707090,7707090,7987892
7707154,7707154,7987892
7707462,7707462,7987892
7708142,7708142,7987892
7708376,7708376,7987892
7708501,7708501,7987892
7708572,7708572,7987892
7708685,7708685,7987892
7708725,7708725,7987892
7708757,7708757,7987892
7708866,7708866,7987892
7709185,7709185,7987892
7709633,7709633,7987892
7709681,7709681,7987892
7710196,7710196,7987892
7710652,7710652,7987892
7710792,7710792,7987892
7710894,7710894,7987892
7710974,7710974,7987892
7711096,7711096,7987892
7711309,7711309,7987892
7711605,7711605,7987892
7712027,7712027,7987892
7712093,7712093,7987892
7712243,7712243,7987892
7712503,7712503,7987892
7712794,7712794,7987892
7713092,7713092,7987892
7713579,7713579,7987892
7713623,7713623,7987892
7713636,7713636,7987892
7713787,7713787,7987892
7714148,7714148,7987892
7714461,7714461,7987892
7715047,7715047,7987892
7715402,7715402,7987892
7715408,7715408,7987892
7715661,7715661,7987892
7716019,7716019,7987892
7716229,7716229,7987892
7716386,7716386,7987892
7717088,7717088,7987892
7717731,7717731,7987892
7717798,7717798,7987892
7717804,7717804,7987892
7717865,7717865,7987892
7718014,7718014,7987892
7718119,7718119,7987892
7719251,7719251,7987892
7719555,7719555,7987892
7719599,7719599,7987892
7719707,7719707,7987892
7720301,7720301,7987892
7720442,7720442,7987892
7720451,7720451,7987892
7720489,7720489,7987892
7720637,7720637,7987892
7720698,7720698,7987892
7720711,7720711,7987892
7720744,7720744,7987892
7720757,7720757,7987892
7720978,7720978,7987892
7720988,7720988,7987892
7721327,7721327,7987892
7721570,7721570,7987892
7721662,7721662,7987892
7722133,7722133,7987892
7722236,7722236,7987892
7722547,7722547,7987892
7723198,7723198,7987892
7723279,7723279,7987892
7723304,7723304,7987892
7723824,7723824,7987892
7723898,7723898,7987892
7724006,7724006,7987892
7724425,7724425,7987892
7724490,7724490,7987892
7725166,7725166,7987892
7725712,7725712,7987892
7725714,7725714,7987892
7725837,7725837,7987892
7725998,7725998,7987892
7726060,7726060,7987892
7726130,7726130,7987892
7726862,7726862,7987892
7727094,7727094,7987892
7728699,7728699,7987892
7729015,7729015,7987892
7729059,7729059,7987892
7729436,7729436,7987892
7729553,7729553,7987892
7729579,7729579,7987892
7729682,7729682,7987892
7729999,7729999,7987892
7730456,7730456,7987892
7730462,7730462,7987892
7730661,7730661,7987892
7730797,7730797,7987892
7731086,7731086,7987892
7731487,7731487,7987892
7731669,7731669,7987892
7731875,7731875,7987892
7732391,7732391,7987892
7732717,7732717,7987892
7733059,7733059,7987892
7733087,7733087,7987892
7733188,7733188,7987892
7733923,7733923,7987892
7734165,7734165,7987892
7734242,7734242,7987892
7734287,7734287,7987892
7734522,7734522,7987892
7734676,7734676,7987892
7735809,7735809,7987892
7735923,7735923,7987892
7736098,7736098,7987892
7736106,7736106,7987892
7736331,7736331,7987892
7736332,7736332,7987892
7736347,7736347,7987892
7736608,7736608,7987892
7736686,7736686,7987892
7736737,7736737,7987892
7736743,7736743,7987892
7736904,7736904,7987892
7737109,7737109,7987892
7737373,7737373,7987892
7737772,7737772,7987892
7738036,7738036,7987892
7738103,7738103,7987892
7738234,7738234,7987892
7738439,7738439,7987892
7739051,7739051,7987892
7739062,7739062,7987892
7739252,7739252,7987892
7739326,7739326,7987892
7739434,7739434,7987892
7739458,7739458,7987892
7739536,7739536,7987892
7740011,7740011,7987892
7740218,7740218,7987892
7740908,7740908,7987892
7740979,7740979,7987892
7741155,7741155,7987892
7741269,7741269,7987892
7741506,7741506,7987892
7741525,7741525,7987892
7741597,7741597,7987892
7742572,7742572,7987892
7742579,7742579,7987892
7742800,7742800,7987892
7742950,7742950,7987892
7743361,7743361,7987892
7743843,7743843,7987892
7743883,7743883,7987892
7744612,7744612,7987892
7744619,7744619,7987892
7744892,7744892,7987892
7745030,7745030,7987892
7745122,7745122,7987892
7745939,7745939,7987892
7745963,7745963,7987892
7746023,7746023,7987892
7746127,7746127,7987892
7746444,7746444,7987892
7747508,7747508,7987892
7747525,7747525,7987892
7747606,7747606,7987892
7747765,7747765,7987892
7748158,7748158,7987892
7748235,7748235,7987892
7748263,7748263,7987892
7748398,7748398,7987892
7748457,7748457,7987892
7749138,7749138,7987892
7749139,7749139,7987892
7749392,7749392,7987892
7749421,7749421,7987892
7749686,7749686,7987892
7750486,7750486,7987892
7750561,7750561,7987892
7750577,7750577,7987892
7751168,7751168,7987892
7752009,7752009,7987892
7752327,7752327,7987892
7752433,7752433,7987892
7752961,7752961,7987892
7753073,7753073,7987892
7753261,7753261,7987892
7753314,7753314,7987892
7753416,7753416,7987892
7753538,7753538,7987892
7754204,7754204,7987892
7755082,7755082,7987892
7755387,7755387,7987892
7755503,7755503,7987892
7755840,7755840,7987892
7755903,7755903,7987892
7757145,7757145,7987892
7757168,7757168,7987892
7757380,7757380,7987892
7757748,7757748,7987892
7757868,7757868,7987892
7758075,7758075,7987892
7759271,7759271,7987892
7759298,7759298,7987892
7759534,7759534,7987892
7760074,7760074,7987892
7760086,7760086,7987892
7760103,7760103,7987892
7760288,7760288,7987892
7760311,7760311,7987892
7760717,7760717,7987892
7761035,7761035,7987892
7761143,7761143,7987892
7761593,7761593,7987892
7761926,7761926,7987892
7762016,7762016,7987892
7762112,7762112,7987892
7762666,7762666,7987892
7762677,7762677,7987892
7763337,7763337,7987892
7763660,7763660,7987892
7763865,7763865,7987892
7764429,7764429,7987892
7764448,7764448,7987892
7764711,7764711,7987892
7765045,7765045,7987892
7765081,7765081,7987892
7765166,7765166,7987892
7765228,7765228,7987892
7765245,7765245,7987892
7765407,7765407,7987892
7765446,7765446,7987892
7765548,7765548,7987892
7765623,7765623,7987892
7765705,7765705,7987892
7766075,7766075,7987892
7766086,7766086,7987892
7766487,7766487,7987892
7766852,7766852,7987892
7766905,7766905,7987892
7766976,7766976,7987892
7767620,7767620,7987892
7767745,7767745,7987892
7768529,7768529,7987892
7768553,7768553,7987892
7768621,7768621,7987892
7768656,7768656,7987892
7768707,7768707,7987892
7768759,7768759,7987892
7768788,7768788,7987892
7769425,7769425,7987892
7769463,7769463,7987892
7769483,7769483,7987892
7769958,7769958,7987892
7770009,7770009,7987892
7770264,7770264,7987892
7770491,7770491,7987892
7771247,7771247,7987892
7771285,7771285,7987892
7771691,7771691,7987892
7772696,7772696,7987892
7772722,7772722,7987892
7772839,7772839,7987892
7773082,7773082,7987892
7773241,7773241,7987892
7773349,7773349,7987892
7773563,7773563,7987892
7773643,7773643,7987892
7773978,7773978,7987892
7774075,7774075,7987892
7774134,7774134,7987892
7774188,7774188,7987892
7774662,7774662,7987892
7774832,7774832,7987892
7774928,7774928,7987892
7775430,7775430,7987892
7775721,7775721,7987892
7775754,7775754,7987892
7775952,7775952,7987892
7775981,7775981,7987892
7776709,7776709,7987892
7776931,7776931,7987892
7777178,7777178,7987892
7777370,7777370,7987892
7777842,7777842,7987892
7778005,7778005,7987892
7778949,7778949,7987892
7778976,7778976,7987892
7779186,7779186,7987892
7779381,7779381,7987892
7779544,7779544,7987892
7780209,7780209,7987892
7780444,7780444,7987892
7780602,7780602,7987892
7780633,7780633,7987892
7782294,7782294,7987892
7782382,7782382,7987892
7782593,7782593,7987892
7783296,7783296,7987892
7783392,7783392,7987892
7783452,7783452,7987892
7783538,7783538,7987892
7783833,7783833,7987892
7783861,7783861,7987892
7783972,7783972,7987892
7784113,7784113,7987892
7784142,7784142,7987892
7784279,7784279,7987892
7784548,7784548,7987892
7784702,7784702,7987892
7784741,7784741,7987892
7785463,7785463,7987892
7785910,7785910,7987892
7786234,7786234,7987892
7786402,7786402,7987892
7786731,7786731,7987892
7786894,7786894,7987892
7786915,7786915,7987892
7787316,7787316,7987892
7787575,7787575,7987892
7787957,7787957,7987892
7788160,7788160,7987892
7788254,7788254,7987892
7788780,7788780,7987892
7788885,7788885,7987892
7789006,7789006,7987892
7789603,7789603,7987892
7789925,7789925,7987892
7790054,7790054,7987892
7790336,7790336,7987892
7790696,7790696,7987892
7790786,7790786,7987892
7791043,7791043,7987892
7791197,7791197,7987892
7791222,7791222,7987892
7791352,7791352,7987892
7791503,7791503,7987892
7791531,7791531,7987892
7791855,7791855,7987892
7792088,7792088,7987892
7792456,7792456,7987892
7792700,7792700,7987892
7792875,7792875,7987892
7792911,7792911,7987892
7793270,7793270,7987892
7793279,7793279,7987892
7793526,7793526,7987892
7793946,7793946,7987892
7794571,7794571,7987892
7794632,7794632,7987892
7794673,7794673,7987892
7794794,7794794,7987892
7794948,7794948,7987892
7795183,7795183,7987892
7795504,7795504,7987892
7795555,7795555,7987892
7796473,7796473,7987892
7796717,7796717,7987892
7797184,7797184,7987892
7797725,7797725,7987892
7798068,7798068,7987892
7798204,7798204,7987892
7798430,7798430,7987892
7798688,7798688,7987892
7798923,7798923,7987892
7798985,7798985,7987892
7799364,7799364,7987892
7799520,7799520,7987892
7800198,7800198,7987892
7800361,7800361,7987892
7800546,7800546,7987892
7800969,7800969,7987892
7801819,7801819,7987892
7801842,7801842,7987892
7801857,7801857,7987892
7801911,7801911,7987892
7802262,7802262,7987892
7802520,7802520,7987892
7802914,7802914,7987892
7803155,7803155,7987892
7803198,7803198,7987892
7803240,7803240,7987892
7803281,7803281,7987892
7803547,7803547,7987892
7803968,7803968,7987892
7804140,7804140,7987892
7804568,7804568,7987892
7804677,7804677,7987892
7804956,7804956,7987892
7805234,7805234,7987892
7805918,7805918,7987892
7805980,7805980,7987892
7806042,7806042,7987892
7806074,7806074,7987892
7806211,7806211,7987892
7806315,7806315,7987892
7806470,7806470,7987892
7807006,7807006,7987892
7807060,7807060,7987892
7807307,7807307,7987892
7807566,7807566,7987892
7807589,7807589,7987892
7808255,7808255,7987892
7808701,7808701,7987892
7809301,7809301,7987892
7809705,7809705,7987892
7809715,7809715,7987892
7810185,7810185,7987892
7810382,7810382,7987892
7810793,7810793,7987892
7811078,7811078,7987892
7811214,7811214,7987892
7811257,7811257,7987892
7811257,7811257,7987892
7811283,7811283,7987892
7811356,7811356,7987892
7811443,7811443,7987892
7811665,7811665,7987892
7811704,7811704,7987892
7811941,7811941,7987892
7812332,7812332,7987892
7812657,7812657,7987892
7812849,7812849,7987892
7812980,7812980,7987892
7813094,7813094,7987892
7813125,7813125,7987892
7813341,7813341,7987892
7813428,7813428,7987892
7813898,7813898,7987892
7813907,7813907,7987892
7814017,7814017,7987892
7814698,7814698,7987892
7815653,7815653,7987892
7815714,7815714,7987892
7815978,7815978,7987892
7816627,7816627,7987892
7816628,7816628,7987892
7816860,7816860,7987892
7816948,7816948,7987892
7817222,7817222,7987892
7818429,7818429,7987892
7819472,7819472,7987892
7820159,7820159,7987892
7820589,7820589,7987892
7820666,7820666,7987892
7820912,7820912,7987892
7821377,7821377,7987892
7821527,7821527,7987892
7821638,7821638,7987892
7821844,7821844,7987892
7821917,7821917,7987892
7822100,7822100,7987892
7822170,7822170,7987892
7822182,7822182,7987892
7822362,7822362,7987892
7822794,7822794,7987892
7823224,7823224,7987892
7823265,7823265,7987892
7823351,7823351,7987892
7823515,7823515,7987892
7824035,7824035,7987892
7824967,7824967,7987892
7825357,7825357,7987892
7825401,7825401,7987892
7825413,7825413,7987892
7825584,7825584,7987892
7825841,7825841,7987892
7826267,7826267,7987892
7826779,7826779,7987892
7826780,7826780,7987892
7827057,7827057,7987892
7827202,7827202,7987892
7827282,7827282,7987892
7828470,7828470,7987892
7828751,7828751,7987892
7829474,7829474,7987892
7830120,7830120,7987892
7830294,7830294,7987892
7830735,7830735,7987892
7831132,7831132,7987892
7831249,7831249,7987892
7831382,7831382,7987892
7831527,7831527,7987892
7831822,7831822,7987892
7832498,7832498,7987892
7832659,7832659,7987892
7832825,7832825,7987892
7833270,7833270,7987892
7833510,7833510,7987892
7833619,7833619,7987892
7833856,7833856,7987892
7833893,7833893,7987892
7834000,7834000,7987892
7834392,7834392,7987892
7834492,7834492,7987892
7834626,7834626,7987892
7834906,7834906,7987892
7834970,7834970,7987892
7835132,7835132,7987892
7835422,7835422,7987892
7835501,7835501,7987892
7835545,7835545,7987892
7835698,7835698,7987892
7835938,7835938,7987892
7836035,7836035,7987892
7836095,7836095,7987892
7836289,7836289,7987892
7836292,7836292,7987892
7836323,7836323,7987892
7836429,7836429,7987892
7837977,7837977,7987892
7838089,7838089,7987892
7838461,7838461,7987892
7838542,7838542,7987892
7838550,7838550,7987892
7838597,7838597,7987892
7838620,7838620,7987892
7839173,7839173,7987892
7839212,7839212,7987892
7839251,7839251,7987892
7839877,7839877,7987892
7840563,7840563,7987892
7840857,7840857,7987892
7841095,7841095,7987892
7841131,7841131,7987892
7842241,7842241,7987892
7842684,7842684,7987892
7842750,7842750,7987892
7842939,7842939,7987892
7842967,7842967,7987892
7843398,7843398,7987892
7843915,7843915,7987892
7844220,7844220,7987892
7844251,7844251,7987892
7844433,7844433,7987892
7844450,7844450,7987892
7844494,7844494,7987892
7844567,7844567,7987892
7844860,7844860,7987892
7845295,7845295,7987892
7845567,7845567,7987892
7846115,7846115,7987892
7846141,7846141,7987892
7846524,7846524,7987892
7846866,7846866,7987892
7846993,7846993,7987892
7847458,7847458,7987892
7847594,7847594,7987892
7847952,7847952,7987892
7848062,7848062,7987892
7848161,7848161,7987892
7848436,7848436,7987892
7849039,7849039,7987892
7849177,7849177,7987892
7849448,7849448,7987892
7849938,7849938,7987892
7850002,7850002,7987892
7850073,7850073,7987892
7850102,7850102,7987892
7850323,7850323,7987892
7850542,7850542,7987892
7850616,7850616,7987892
7851213,7851213,7987892
7851523,7851523,7987892
7851532,7851532,7987892
7852971,7852971,7987892
7852986,7852986,7987892
7853192,7853192,7987892
7853850,7853850,7987892
7854199,7854199,7987892
7854362,7854362,7987892
7854427,7854427,7987892
7854640,7854640,7987892
7854825,7854825,7987892
7854836,7854836,7987892
7854917,7854917,7987892
7855883,7855883,7987892
7855937,7855937,7987892
7855950,7855950,7987892
7856498,7856498,7987892
7856697,7856697,7987892
7856739,7856739,7987892
7857163,7857163,7987892
7857946,7857946,7987892
7858018,7858018,7987892
7858027,7858027,7987892
7858035,7858035,7987892
7858039,7858039,7987892
7858354,7858354,7987892
7858357,7858357,7987892
7858475,7858475,7987892
7859552,7859552,7987892
7859963,7859963,7987892
7860242,7860242,7987892
7860606,7860606,7987892
7860932,7860932,7987892
7861008,7861008,7987892
7861533,7861533,7987892
7861618,7861618,7987892
7861622,7861622,7987892
7861887,7861887,7987892
7862350,7862350,7987892
7862616,7862616,7987892
7862662,7862662,7987892
7862808,7862808,7987892
7862907,7862907,7987892
7862929,7862929,7987892
7863009,7863009,7987892
7863248,7863248,7987892
7863531,7863531,7987892
7863763,7863763,7987892
7864403,7864403,7987892
7864996,7864996,7987892
7865395,7865395,7987892
7865867,7865867,7987892
7866016,7866016,7987892
7866237,7866237,7987892
7866568,7866568,7987892
7867411,7867411,7987892
7867715,7867715,7987892
7868322,7868322,7987892
7868395,7868395,7987892
7869392,7869392,7987892
7869530,7869530,7987892
7870430,7870430,7987892
7870454,7870454,7987892
7870564,7870564,7987892
7870647,7870647,7987892
7870879,7870879,7987892
7871012,7871012,7987892
7871441,7871441,7987892
7871896,7871896,7987892
7871959,7871959,7987892
7872030,7872030,7987892
7872214,7872214,7987892
7872250,7872250,7987892
7872258,7872258,7987892
7872500,7872500,7987892
7872556,7872556,7987892
7872660,7872660,7987892
7872788,7872788,7987892
7873009,7873009,7987892
7873304,7873304,7987892
7873973,7873973,7987892
7874090,7874090,7987892
7874117,7874117,7987892
7874297,7874297,7987892
7874538,7874538,7987892
7874893,7874893,7987892
7875228,7875228,7987892
7875362,7875362,7987892
7875461,7875461,7987892
7875522,7875522,7987892
7875960,7875960,7987892
7876917,7876917,7987892
7876983,7876983,7987892
7877018,7877018,7987892
7877123,7877123,7987892
7877174,7877174,7987892
7877492,7877492,7987892
7877536,7877536,7987892
7877620,7877620,7987892
7877770,7877770,7987892
7878396,7878396,7987892
7878556,7878556,7987892
7879228,7879228,7987892
7879502,7879502,7987892
7880299,7880299,7987892
7880805,7880805,7987892
7880916,7880916,7987892
7882072,7882072,7987892
7882652,7882652,7987892
7882896,7882896,7987892
7883153,7883153,7987892
7883774,7883774,7987892
7883907,7883907,7987892
7884076,7884076,7987892
7884248,7884248,7987892
7884321,7884321,7987892
7884407,7884407,7987892
7885012,7885012,7987892
7885109,7885109,7987892
7885239,7885239,7987892
7885458,7885458,7987892
7885535,7885535,7987892
7885685,7885685,7987892
7885894,7885894,7987892
7886154,7886154,7987892
7886309,7886309,7987892
7886855,7886855,7987892
7886870,7886870,7987892
7887318,7887318,7987892
7888223,7888223,7987892
7888288,7888288,7987892
7888533,7888533,7987892
7888552,7888552,7987892
7888790,7888790,7987892
7888933,7888933,7987892
7889121,7889121,7987892
7889329,7889329,7987892
7889488,7889488,7987892
7891384,7891384,7987892
7891569,7891569,7987892
7891633,7891633,7987892
7892336,7892336,7987892
7892486,7892486,7987892
7892521,7892521,7987892
7892570,7892570,7987892
7892646,7892646,7987892
7892650,7892650,7987892
7892910,7892910,7987892
7893042,7893042,7987892
7893113,7893113,7987892
7893235,7893235,7987892
7893493,7893493,7987892
7893577,7893577,7987892
7893614,7893614,7987892
7893810,7893810,7987892
7893930,7893930,7987892
7894078,7894078,7987892
7894161,7894161,7987892
7894412,7894412,7987892
7894426,7894426,7987892
7894535,7894535,7987892
7894767,7894767,7987892
7895534,7895534,7987892
7895723,7895723,7987892
7895780,7895780,7987892
7895902,7895902,7987892
7895912,7895912,7987892
7895995,7895995,7987892
7896129,7896129,7987892
7896176,7896176,7987892
7896206,7896206,7987892
7896298,7896298,7987892
7896469,7896469,7987892
7896782,7896782,7987892
7897431,7897431,7987892
7897534,7897534,7987892
7897697,7897697,7987892
7897798,7897798,7987892
7897921,7897921,7987892
7898094,7898094,7987892
7898555,7898555,7987892
7899210,7899210,7987892
7899245,7899245,7987892
7899314,7899314,7987892
7899386,7899386,7987892
7899599,7899599,7987892
7899738,7899738,7987892
7899809,7899809,7987892
7900075,7900075,7987892
7900253,7900253,7987892
7900420,7900420,7987892
7900468,7900468,7987892
7900934,7900934,7987892
7901138,7901138,7987892
7902160,7902160,7987892
7902303,7902303,7987892
7902320,7902320,7987892
7902442,7902442,7987892
7902581,7902581,7987892
7902901,7902901,7987892
7902941,7902941,7987892
7903437,7903437,7987892
7903501,7903501,7987892
7903613,7903613,7987892
7904099,7904099,7987892
7904391,7904391,7987892
7904419,7904419,7987892
7904482,7904482,7987892
7904507,7904507,7987892
7904685,7904685,7987892
7905170,7905170,7987892
7905378,7905378,7987892
7905541,7905541,7987892
7905565,7905565,7987892
7906017,7906017,7987892
7906581,7906581,7987892
7906894,7906894,7987892
7907806,7907806,7987892
7907935,7907935,7987892
7908170,7908170,7987892
7908531,7908531,7987892
7908788,7908788,7987892
7908794,7908794,7987892
7908837,7908837,7987892
7908864,7908864,7987892
7909104,7909104,7987892
7909299,7909299,7987892
7909773,7909773,7987892
7909987,7909987,7987892
7910156,7910156,7987892
7910189,7910189,7987892
7910422,7910422,7987892
7910639,7910639,7987892
7910692,7910692,7987892
7910882,7910882,7987892
7910907,7910907,7987892
7910914,7910914,7987892
7911072,7911072,7987892
7911352,7911352,7987892
7911440,7911440,7987892
7912071,7912071,7987892
7912139,7912139,7987892
7912408,7912408,7987892
7912493,7912493,7987892
7912711,7912711,7987892
7912814,7912814,7987892
7912823,7912823,7987892
7912823,7912823,7987892
7914408,7914408,7987892
7914615,7914615,7987892
7914689,7914689,7987892
7914712,7914712,7987892
7914752,7914752,7987892
7915260,7915260,7987892
7915267,7915267,7987892
7915488,7915488,7987892
7916072,7916072,7987892
7916201,7916201,7987892
7916307,7916307,7987892
7916373,7916373,7987892
7916406,7916406,7987892
7916611,7916611,7987892
7916989,7916989,7987892
7917053,7917053,7987892
7917517,7917517,7987892
7917751,7917751,7987892
7918140,7918140,7987892
7918322,7918322,7987892
7918682,7918682,7987892
7919399,7919399,7987892
7919494,7919494,7987892
7919507,7919507,7987892
7919568,7919568,7987892
7919680,7919680,7987892
7919769,7919769,7987892
7919789,7919789,7987892
7920090,7920090,7987892
7920129,7920129,7987892
7920878,7920878,7987892
7921180,7921180,7987892
7921531,7921531,7987892
7921711,7921711,7987892
7922032,7922032,7987892
7922275,7922275,7987892
7922379,7922379,7987892
7922598,7922598,7987892
7922896,7922896,7987892
7923203,7923203,7987892
7923407,7923407,7987892
7923761,7923761,7987892
7924924,7924924,7987892
7924966,7924966,7987892
7925281,7925281,7987892
7925299,7925299,7987892
7925786,7925786,7987892
7926139,7926139,7987892
7926151,7926151,7987892
7926581,7926581,7987892
7926648,7926648,7987892
7927041,7927041,7987892
7927165,7927165,7987892
7927493,7927493,7987892
7927525,7927525,7987892
7927631,7927631,7987892
7927874,7927874,7987892
7928134,7928134,7987892
7928634,7928634,7987892
7928762,7928762,7987892
7929073,7929073,7987892
7929669,7929669,7987892
7929723,7929723,7987892
7929869,7929869,7987892
7929958,7929958,7987892
7930211,7930211,7987892
7930256,7930256,7987892
7930271,7930271,7987892
7930297,7930297,7987892
7930304,7930304,7987892
7930685,7930685,7987892
7930995,7930995,7987892
7931572,7931572,7987892
7931765,7931765,7987892
7931837,7931837,7987892
7932044,7932044,7987892
7932214,7932214,7987892
7932504,7932504,7987892
7932545,7932545,7987892
7932638,7932638,7987892
7933027,7933027,7987892
7933080,7933080,7987892
7933359,7933359,7987892
7933376,7933376,7987892
7934507,7934507,7987892
7934830,7934830,7987892
7935204,7935204,7987892
7935248,7935248,7987892
7935293,7935293,7987892
7935299,7935299,7987892
7935313,7935313,7987892
7935494,7935494,7987892
7935501,7935501,7987892
7935536,7935536,7987892
7935649,7935649,7987892
7935891,7935891,7987892
7936100,7936100,7987892
7936211,7936211,7987892
7936520,7936520,7987892
7936945,7936945,7987892
7937531,7937531,7987892
7937556,7937556,7987892
7937754,7937754,7987892
7937786,7937786,7987892
7937995,7937995,7987892
7938560,7938560,7987892
7938566,7938566,7987892
7938715,7938715,7987892
7939222,7939222,7987892
7939406,7939406,7987892
7939686,7939686,7987892
7940248,7940248,7987892
7940426,7940426,7987892
7940645,7940645,7987892
7940981,7940981,7987892
7941005,7941005,7987892
7941517,7941517,7987892
7941633,7941633,7987892
7941717,7941717,7987892
7942234,7942234,7987892
7942582,7942582,7987892
7943496,7943496,7987892
7943781,7943781,7987892
7943826,7943826,7987892
7943986,7943986,7987892
7944707,7944707,7987892
7944825,7944825,7987892
7944921,7944921,7987892
7944957,7944957,7987892
7944969,7944969,7987892
7945128,7945128,7987892
7945150,7945150,7987892
7945449,7945449,7987892
7945900,7945900,7987892
7946011,7946011,7987892
7946013,7946013,7987892
7946335,7946335,7987892
7946336,7946336,7987892
7946766,7946766,7987892
7946822,7946822,7987892
7947010,7947010,7987892
7947183,7947183,7987892
7947537,7947537,7987892
7947564,7947564,7987892
7947899,7947899,7987892
7948613,7948613,7987892
7948906,7948906,7987892
7949686,7949686,7987892
7949705,7949705,7987892
7949888,7949888,7987892
7950085,7950085,7987892
7950273,7950273,7987892
7950647,7950647,7987892
7950832,7950832,7987892
7950843,7950843,7987892
7951037,7951037,7987892
7951168,7951168,7987892
7951186,7951186,7987892
7951276,7951276,7987892
7951323,7951323,7987892
7952179,7952179,7987892
7952209,7952209,7987892
7953140,7953140,7987892
7953264,7953264,7987892
7953366,7953366,7987892
7953453,7953453,7987892
7953554,7953554,7987892
7954001,7954001,7987892
7954578,7954578,7987892
7954811,7954811,7987892
7955489,7955489,7987892
7956124,7956124,7987892
7956360,7956360,7987892
7956361,7956361,7987892
7956538,7956538,7987892
7956593,7956593,7987892
7956610,7956610,7987892
7956731,7956731,7987892
7956809,7956809,7987892
7956972,7956972,7987892
7957073,7957073,7987892
7957226,7957226,7987892
7957333,7957333,7987892
7957502,7957502,7987892
7958204,7958204,7987892
7958205,7958205,7987892
7958305,7958305,7987892
7958477,7958477,7987892
7958526,7958526,7987892
7958682,7958682,7987892
7958970,7958970,7987892
7958975,7958975,7987892
7959329,7959329,7987892
7959354,7959354,7987892
7959480,7959480,7987892
7959621,7959621,7987892
7959682,7959682,7987892
7960081,7960081,7987892
7960433,7960433,7987892
7961084,7961084,7987892
7962357,7962357,7987892
7962451,7962451,7987892
7962556,7962556,7987892
7962692,7962692,7987892
7962700,7962700,7987892
7962717,7962717,7987892
7962815,7962815,7987892
7963097,7963097,7987892
7963629,7963629,7987892
7963692,7963692,7987892
7963769,7963769,7987892
7963779,7963779,7987892
7963890,7963890,7987892
7964508,7964508,7987892
7964735,7964735,7987892
7965297,7965297,7987892
7965318,7965318,7987892
7965844,7965844,7987892
7966165,7966165,7987892
7966278,7966278,7987892
7966469,7966469,7987892
7966603,7966603,7987892
7966952,7966952,7987892
7967391,7967391,7987892
7967648,7967648,7987892
7967772,7967772,7987892
7968241,7968241,7987892
7968247,7968247,7987892
7968272,7968272,7987892
7969127,7969127,7987892
7969168,7969168,7987892
7969284,7969284,7987892
7969345,7969345,7987892
7970152,7970152,7987892
7970278,7970278,7987892
7970355,7970355,7987892
7970522,7970522,7987892
7970619,7970619,7987892
7970734,7970734,7987892
7970753,7970753,7987892
7970758,7970758,7987892
7970910,7970910,7987892
7971935,7971935,7987892
7971963,7971963,7987892
7972211,7972211,7987892
7972286,7972286,7987892
7972530,7972530,7987892
7972563,7972563,7987892
7972617,7972617,7987892
7972997,7972997,7987892
7973305,7973305,7987892
7974477,7974477,7987892
7974667,7974667,7987892
7975415,7975415,7987892
7976502,7976502,7987892
7976556,7976556,7987892
7976650,7976650,7987892
7976948,7976948,7987892
7977053,7977053,7987892
7977136,7977136,7987892
7977582,7977582,7987892
7978091,7978091,7987892
7978328,7978328,7987892
7978421,7978421,7987892
7978542,7978542,7987892
7979125,7979125,7987892
7979261,7979261,7987892
7979375,7979375,7987892
7979908,7979908,7987892
7980052,7980052,7987892
7980098,7980098,7987892
7980307,7980307,7987892
7980431,7980431,7987892
7980647,7980647,7987892
7980881,7980881,7987892
7980904,7980904,7987892
7981041,7981041,7987892
7981046,7981046,7987892
7981054,7981054,7987892
7981150,7981150,7987892
7981443,7981443,7987892
7981607,7981607,7987892
7981919,7981919,7987892
7982050,7982050,7987892
7982312,7982312,7987892
7982844,7982844,7987892
7982934,7982934,7987892
7983004,7983004,7987892
7983175,7983175,7987892
7983490,7983490,7987892
7983706,7983706,7987892
7984047,7984047,7987892
7984133,7984133,7987892
7984557,7984557,7987892
7984839,7984839,7987892
7985061,7985061,7987892
7985747,7985747,7987892
7986183,7986183,7987892
7986480,7986480,7987892
7986911,7986911,7987892
7987090,7987090,7987892
7987846,7987846,7987892
7987866,7987866,7987892
7988288,7988288,8973976
7988383,7988383,8973976
7988980,7988980,8973976
7989045,7989045,8973976
7989637,7989637,8973976
7990101,7990101,8973976
7990204,7990204,8973976
7990561,7990561,8973976
7990910,7990910,8973976
7990964,7990964,8973976
7990982,7990982,8973976
7991342,7991342,8973976
7991578,7991578,8973976
7991796,7991796,8973976
7991839,7991839,8973976
7992055,7992055,8973976
7992316,7992316,8973976
7992564,7992564,8973976
7992698,7992698,8973976
7992732,7992732,8973976
7993321,7993321,8973976
7993780,7993780,8973976
7994110,7994110,8973976
7994112,7994112,8973976
7994114,7994114,8973976
7994196,7994196,8973976
7995236,7995236,8973976
7995316,7995316,8973976
7995591,7995591,8973976
7995619,7995619,8973976
7995852,7995852,8973976
7996371,7996371,8973976
7997328,7997328,8973976
7997533,7997533,8973976
7997685,7997685,8973976
7999098,7999098,8973976
7999524,7999524,8973976
7999620,7999620,8973976
7999689,7999689,8973976
8000206,8000206,8973976
8000419,8000419,8973976
8000444,8000444,8973976
8000641,8000641,8973976
8000667,8000667,8973976
8000762,8000762,8973976
8001300,8001300,8973976
8002059,8002059,8973976
8002073,8002073,8973976
8002214,8002214,8973976
8002404,8002404,8973976
8002794,8002794,8973976
8002865,8002865,8973976
8002915,8002915,8973976
8003440,8003440,8973976
8003600,8003600,8973976
8003815,8003815,8973976
8004471,8004471,8973976
8004510,8004510,8973976
8004510,8004510,8973976
8005242,8005242,8973976
8005281,8005281,8973976
8005353,8005353,8973976
8005739,8005739,8973976
8006029,8006029,8973976
8006653,8006653,8973976
8006701,8006701,8973976
8006973,8006973,8973976
8007236,8007236,8973976
8007625,8007625,8973976
8007853,8007853,8973976
8008579,8008579,8973976
8008746,8008746,8973976
8008751,8008751,8973976
8008766,8008766,8973976
8009059,8009059,8973976
8009229,8009229,8973976
8009414,8009414,8973976
8010541,8010541,8973976
8010545,8010545,8973976
8010675,8010675,8973976
8010913,8010913,8973976
8011132,8011132,8973976
8011269,8011269,8973976
8011320,8011320,8973976
8012154,8012154,8973976
8012349,8012349,8973976
8012531,8012531,8973976
8012585,8012585,8973976
8012742,8012742,8973976
8013177,8013177,8973976
8013557,8013557,8973976
8013752,8013752,8973976
8013828,8013828,8973976
8013982,8013982,8973976
8014229,8014229,8973976
8014449,8014449,8973976
8014497,8014497,8973976
8014685,8014685,8973976
8014868,8014868,8973976
8014879,8014879,8973976
8015071,8015071,8973976
8015270,8015270,8973976
8015321,8015321,8973976
8015497,8015497,8973976
8015669,8015669,8973976
8016954,8016954,8973976
8017435,8017435,8973976
8018504,8018504,8973976
8018673,8018673,8973976
8018995,8018995,8973976
8019105,8019105,8973976
8019114,8019114,8973976
8019515,8019515,8973976
8019707,8019707,8973976
8019815,8019815,8973976
8019833,8019833,8973976
8020622,8020622,8973976
8020797,8020797,8973976
8020817,8020817,8973976
8020909,8020909,8973976
8021911,8021911,8973976
8022200,8022200,8973976
8022344,8022344,8973976
8022535,8022535,8973976
8022742,8022742,8973976
8023033,8023033,8973976
8023470,8023470,8973976
8023962,8023962,8973976
8024278,8024278,8973976
8024865,8024865,8973976
8024959,8024959,8973976
8025072,8025072,8973976
8025229,8025229,8973976
8025346,8025346,8973976
8025792,8025792,8973976
8025820,8025820,8973976
8025923,8025923,8973976
8026444,8026444,8973976
8026765,8026765,8973976
8027066,8027066,8973976
8027595,8027595,8973976
8027834,8027834,8973976
8027936,8027936,8973976
8027940,8027940,8973976
8027968,8027968,8973976
8028029,8028029,8973976
8028314,8028314,8973976
8028892,8028892,8973976
8028912,8028912,8973976
8029322,8029322,8973976
8029327,8029327,8973976
8029393,8029393,8973976
8029456,8029456,8973976
8029687,8029687,8973976
8029816,8029816,8973976
8030034,8030034,8973976
8030972,8030972,8973976
8031086,8031086,8973976
8031388,8031388,8973976
8031689,8031689,8973976
8031837,8031837,8973976
8032144,8032144,8973976
8032177,8032177,8973976
8032747,8032747,8973976
8032837,8032837,8973976
8033286,8033286,8973976
8033405,8033405,8973976
8033567,8033567,8973976
8033880,8033880,8973976
8033964,8033964,8973976
8034125,8034125,8973976
8034307,8034307,8973976
8034348,8034348,8973976
8034952,8034952,8973976
8035179,8035179,8973976
8035296,8035296,8973976
8035401,8035401,8973976
8035572,8035572,8973976
8035760,8035760,8973976
8035820,8035820,8973976
8036034,8036034,8973976
8036131,8036131,8973976
8036254,8036254,8973976
8036347,8036347,8973976
8037021,8037021,8973976
8037033,8037033,8973976
8037548,8037548,8973976
8037572,8037572,8973976
8037575,8037575,8973976
8038166,8038166,8973976
8038266,8038266,8973976
8038421,8038421,8973976
8038847,8038847,8973976
8039482,8039482,8973976
8039553,8039553,8973976
8039564,8039564,8973976
8039690,8039690,8973976
8039800,8039800,8973976
8039874,8039874,8973976
8040167,8040167,8973976
8040711,8040711,8973976
8040927,8040927,8973976
8041262,8041262,8973976
8041294,8041294,8973976
8041374,8041374,8973976
8041583,8041583,8973976
8041679,8041679,8973976
8042539,8042539,8973976
8042845,8042845,8973976
8043036,8043036,8973976
8043172,8043172,8973976
8043370,8043370,8973976
8043581,8043581,8973976
8043707,8043707,8973976
8044337,8044337,8973976
8044682,8044682,8973976
8045252,8045252,8973976
8045298,8045298,8973976
8045304,8045304,8973976
8045360,8045360,8973976
8045702,8045702,8973976
8046328,8046328,8973976
8046708,8046708,8973976
8046979,8046979,8973976
8048119,8048119,8973976
8050180,8050180,8973976
8050856,8050856,8973976
8051313,8051313,8973976
8051336,8051336,8973976
8051712,8051712,8973976
8051770,8051770,8973976
8051777,8051777,8973976
8052139,8052139,8973976
8052225,8052225,8973976
8053018,8053018,8973976
8053056,8053056,8973976
8053185,8053185,8973976
8053380,8053380,8973976
8053492,8053492,8973976
8053696,8053696,8973976
8054276,8054276,8973976
8054764,8054764,8973976
8055009,8055009,8973976
8055037,8055037,8973976
8055603,8055603,8973976
8055759,8055759,8973976
8055846,8055846,8973976
8056910,8056910,8973976
8057224,8057224,8973976
8057436,8057436,8973976
8057631,8057631,8973976
8058192,8058192,8973976
8058655,8058655,8973976
8058677,8058677,8973976
8058985,8058985,8973976
8059186,8059186,8973976
8059242,8059242,8973976
8059329,8059329,8973976
8059560,8059560,8973976
8059966,8059966,8973976
8060425,8060425,8973976
8060609,8060609,8973976
8060753,8060753,8973976
8061138,8061138,8973976
8061231,8061231,8973976
8061232,8061232,8973976
8061262,8061262,8973976
8061343,8061343,8973976
8061455,8061455,8973976
8061503,8061503,8973976
8061710,8061710,8973976
8061793,8061793,8973976
8062148,8062148,8973976
8062208,8062208,8973976
8062214,8062214,8973976
8063064,8063064,8973976
8063195,8063195,8973976
8063330,8063330,8973976
8063749,8063749,8973976
8064373,8064373,8973976
8064538,8064538,8973976
8064684,8064684,8973976
8064878,8064878,8973976
8066098,8066098,8973976
8066172,8066172,8973976
8066359,8066359,8973976
8066483,8066483,8973976
8066701,8066701,8973976
8066730,8066730,8973976
8067408,8067408,8973976
8067562,8067562,8973976
8067640,8067640,8973976
8067666,8067666,8973976
8067676,8067676,8973976
8067726,8067726,8973976
8067964,8067964,8973976
8068001,8068001,8973976
8068123,8068123,8973976
8068483,8068483,8973976
8068491,8068491,8973976
8068926,8068926,8973976
8069183,8069183,8973976
8069617,8069617,8973976
8069635,8069635,8973976
8069646,8069646,8973976
8069796,8069796,8973976
8069879,8069879,8973976
8070228,8070228,8973976
8070264,8070264,8973976
8070353,8070353,8973976
8071376,8071376,8973976
8071556,8071556,8973976
8071877,8071877,8973976
8071918,8071918,8973976
8072101,8072101,8973976
8072321,8072321,8973976
8072731,8072731,8973976
8072766,8072766,8973976
8072769,8072769,8973976
8072796,8072796,8973976
8073316,8073316,8973976
8074103,8074103,8973976
8074383,8074383,8973976
8074384,8074384,8973976
8074575,8074575,8973976
8074642,8074642,8973976
8075269,8075269,8973976
8075439,8075439,8973976
8075669,8075669,8973976
8075693,8075693,8973976
8075977,8075977,8973976
8076291,8076291,8973976
8076332,8076332,8973976
8076413,8076413,8973976
8076935,8076935,8973976
8077067,8077067,8973976
8077303,8077303,8973976
8077436,8077436,8973976
8077469,8077469,8973976
8077472,8077472,8973976
8077555,8077555,8973976
8077704,8077704,8973976
8077791,8077791,8973976
8079735,8079735,8973976
8080284,8080284,8973976
8080301,8080301,8973976
8080310,8080310,8973976
8080957,8080957,8973976
8080981,8080981,8973976
8081060,8081060,8973976
8081592,8081592,8973976
8081640,8081640,8973976
8081818,8081818,8973976
8081996,8081996,8973976
8082133,8082133,8973976
8082224,8082224,8973976
8082470,8082470,8973976
8082496,8082496,8973976
8082670,8082670,8973976
8082695,8082695,8973976
8083354,8083354,8973976
8083376,8083376,8973976
8083855,8083855,8973976
8084468,8084468,8973976
8084747,8084747,8973976
8084814,8084814,8973976
8084924,8084924,8973976
8085696,8085696,8973976
8085848,8085848,8973976
8085884,8085884,8973976
8086045,8086045,8973976
8086128,8086128,8973976
8086159,8086159,8973976
8086192,8086192,8973976
8086259,8086259,8973976
8086403,8086403,8973976
8087014,8087014,8973976
8087023,8087023,8973976
8087481,8087481,8973976
8087528,8087528,8973976
8087531,8087531,8973976
8087541,8087541,8973976
8087588,8087588,8973976
8087705,8087705,8973976
8087959,8087959,8973976
8087984,8087984,8973976
8088141,8088141,8973976
8088187,8088187,8973976
8088266,8088266,8973976
8088328,8088328,8973976
8088501,8088501,8973976
8088840,8088840,8973976
8089158,8089158,8973976
8089409,8089409,8973976
8089423,8089423,8973976
8089745,8089745,8973976
8090147,8090147,8973976
8090440,8090440,8973976
8090500,8090500,8973976
8090734,8090734,8973976
8090882,8090882,8973976
8091097,8091097,8973976
8091157,8091157,8973976
8091382,8091382,8973976
8091981,8091981,8973976
8092182,8092182,8973976
8092429,8092429,8973976
8093208,8093208,8973976
8094327,8094327,8973976
8094384,8094384,8973976
8094399,8094399,8973976
8094401,8094401,8973976
8094538,8094538,8973976
8094888,8094888,8973976
8095090,8095090,8973976
8095264,8095264,8973976
8095431,8095431,8973976
8095567,8095567,8973976
8095852,8095852,8973976
8095913,8095913,8973976
8096048,8096048,8973976
8096369,8096369,8973976
8096509,8096509,8973976
8096677,8096677,8973976
8096940,8096940,8973976
8097662,8097662,8973976
8097940,8097940,8973976
8097984,8097984,8973976
8098704,8098704,8973976
8099103,8099103,8973976
8099827,8099827,8973976
8100006,8100006,8973976
8100076,8100076,8973976
8100095,8100095,8973976
8100375,8100375,8973976
8100486,8100486,8973976
8100580,8100580,8973976
8101515,8101515,8973976
8101523,8101523,8973976
8102091,8102091,8973976
8102267,8102267,8973976
8102380,8102380,8973976
8102430,8102430,8973976
8103376,8103376,8973976
8103402,8103402,8973976
8103421,8103421,8973976
8103737,8103737,8973976
8103809,8103809,8973976
8104189,8104189,8973976
8104735,8104735,8973976
8104757,8104757,8973976
8105749,8105749,8973976
8105966,8105966,8973976
8106320,8106320,8973976
8106821,8106821,8973976
8106833,8106833,8973976
8107138,8107138,8973976
8107177,8107177,8973976
8107457,8107457,8973976
8107937,8107937,8973976
8108081,8108081,8973976
8108112,8108112,8973976
8108642,8108642,8973976
8108816,8108816,8973976
8109599,8109599,8973976
8109633,8109633,8973976
8109657,8109657,8973976
8109675,8109675,8973976
8109706,8109706,8973976
8110189,8110189,8973976
8110860,8110860,8973976
8110988,8110988,8973976
8111048,8111048,8973976
8111101,8111101,8973976
8111473,8111473,8973976
8111501,8111501,8973976
8111516,8111516,8973976
8111615,8111615,8973976
8111620,8111620,8973976
8111624,8111624,8973976
8111881,8111881,8973976
8112161,8112161,8973976
8112349,8112349,8973976
8112749,8112749,8973976
8112779,8112779,8973976
8112999,8112999,8973976
8113389,8113389,8973976
8113421,8113421,8973976
8113878,8113878,8973976
8113898,8113898,8973976
8114179,8114179,8973976
8114275,8114275,8973976
8114279,8114279,8973976
8114726,8114726,8973976
8114783,8114783,8973976
8114870,8114870,8973976
8115272,8115272,8973976
8116075,8116075,8973976
8116701,8116701,8973976
8117304,8117304,8973976
8117339,8117339,8973976
8118342,8118342,8973976
8118840,8118840,8973976
8119577,8119577,8973976
8119651,8119651,8973976
8119851,8119851,8973976
8119941,8119941,8973976
8120072,8120072,8973976
8120106,8120106,8973976
8120247,8120247,8973976
8120283,8120283,8973976
8120805,8120805,8973976
8120872,8120872,8973976
8121153,8121153,8973976
8121447,8121447,8973976
8121630,8121630,8973976
8121781,8121781,8973976
8121939,8121939,8973976
8122234,8122234,8973976
8122871,8122871,8973976
8122882,8122882,8973976
8123692,8123692,8973976
8124872,8124872,8973976
8125054,8125054,8973976
8125541,8125541,8973976
8125666,8125666,8973976
8125811,8125811,8973976
8126180,8126180,8973976
8126331,8126331,8973976
8126362,8126362,8973976
8126438,8126438,8973976
8126573,8126573,8973976
8126727,8126727,8973976
8126763,8126763,8973976
8126912,8126912,8973976
8126938,8126938,8973976
8127056,8127056,8973976
8127195,8127195,8973976
8127320,8127320,8973976
8127399,8127399,8973976
8127432,8127432,8973976
8128412,8128412,8973976
8128720,8128720,8973976
8128829,8128829,8973976
8129677,8129677,8973976
8129735,8129735,8973976
8129771,8129771,8973976
8130675,8130675,8973976
8130767,8130767,8973976
8131122,8131122,8973976
8131219,8131219,8973976
8131276,8131276,8973976
8131457,8131457,8973976
8132258,8132258,8973976
8132626,8132626,8973976
8133996,8133996,8973976
8134386,8134386,8973976
8134524,8134524,8973976
8134622,8134622,8973976
8134781,8134781,8973976
8134925,8134925,8973976
8135065,8135065,8973976
8135368,8135368,8973976
8135524,8135524,8973976
8136185,8136185,8973976
8136229,8136229,8973976
8136262,8136262,8973976
8136338,8136338,8973976
8136482,8136482,8973976
8136502,8136502,8973976
8136555,8136555,8973976
8136583,8136583,8973976
8136619,8136619,8973976
8136885,8136885,8973976
8137112,8137112,8973976
8137336,8137336,8973976
8137420,8137420,8973976
8138375,8138375,8973976
8138529,8138529,8973976
8138805,8138805,8973976
8138836,8138836,8973976
8139158,8139158,8973976
8139361,8139361,8973976
8140101,8140101,8973976
8140148,8140148,8973976
8140437,8140437,8973976
8140774,8140774,8973976
8141281,8141281,8973976
8141742,8141742,8973976
8141918,8141918,8973976
8142123,8142123,8973976
8142533,8142533,8973976
8142622,8142622,8973976
8143231,8143231,8973976
8143394,8143394,8973976
8143683,8143683,8973976
8144338,8144338,8973976
8144731,8144731,8973976
8145207,8145207,8973976
8145620,8145620,8973976
8145623,8145623,8973976
8145894,8145894,8973976
8145956,8145956,8973976
8146187,8146187,8973976
8146900,8146900,8973976
8146922,8146922,8973976
8146949,8146949,8973976
8147023,8147023,8973976
8147054,8147054,8973976
8147172,8147172,8973976
8147272,8147272,8973976
8147881,8147881,8973976
8148076,8148076,8973976
8148087,8148087,8973976
8148301,8148301,8973976
8148408,8148408,8973976
8148437,8148437,8973976
8148793,8148793,8973976
8149012,8149012,8973976
8149187,8149187,8973976
8149199,8149199,8973976
8149288,8149288,8973976
8149498,8149498,8973976
8149528,8149528,8973976
8149639,8149639,8973976
8149858,8149858,8973976
8149962,8149962,8973976
8150331,8150331,8973976
8150437,8150437,8973976
8151034,8151034,8973976
8151083,8151083,8973976
8151437,8151437,8973976
8151681,8151681,8973976
8151763,8151763,8973976
8151881,8151881,8973976
8152130,8152130,8973976
8152481,8152481,8973976
8152651,8152651,8973976
8152702,8152702,8973976
8153100,8153100,8973976
8153372,8153372,8973976
8153908,8153908,8973976
8154172,8154172,8973976
8154294,8154294,8973976
8154434,8154434,8973976
8154800,8154800,8973976
8155135,8155135,8973976
8155264,8155264,8973976
8156346,8156346,8973976
8156379,8156379,8973976
8156406,8156406,8973976
8156782,8156782,8973976
8157173,8157173,8973976
8157277,8157277,8973976
8157322,8157322,8973976
8157356,8157356,8973976
8157547,8157547,8973976
8158063,8158063,8973976
8158411,8158411,8973976
8158578,8158578,8973976
8158578,8158578,8973976
8158621,8158621,8973976
8158658,8158658,8973976
8158680,8158680,8973976
8158777,8158777,8973976
8158945,8158945,8973976
8158961,8158961,8973976
8159622,8159622,8973976
8160400,8160400,8973976
8160737,8160737,8973976
8160778,8160778,8973976
8160931,8160931,8973976
8161843,8161843,8973976
8161885,8161885,8973976
8162214,8162214,8973976
8162311,8162311,8973976
8162703,8162703,8973976
8163030,8163030,8973976
8163230,8163230,8973976
8163558,8163558,8973976
8163582,8163582,8973976
8163645,8163645,8973976
8163893,8163893,8973976
8163926,8163926,8973976
8164035,8164035,8973976
8164161,8164161,8973976
8164411,8164411,8973976
8164848,8164848,8973976
8164985,8164985,8973976
8165044,8165044,8973976
8165473,8165473,8973976
8165558,8165558,8973976
8165913,8165913,8973976
8165960,8165960,8973976
8166081,8166081,8973976
8166304,8166304,8973976
8166311,8166311,8973976
8166464,8166464,8973976
8166568,8166568,8973976
8167478,8167478,8973976
8167518,8167518,8973976
8168035,8168035,8973976
8168432,8168432,8973976
8168640,8168640,8973976
8168676,8168676,8973976
8168719,8168719,8973976
8168840,8168840,8973976
8168937,8168937,8973976
8168963,8168963,8973976
8169123,8169123,8973976
8169155,8169155,8973976
8169435,8169435,8973976
8169546,8169546,8973976
8170078,8170078,8973976
8170102,8170102,8973976
8170206,8170206,8973976
8170562,8170562,8973976
8170611,8170611,8973976
8171002,8171002,8973976
8171208,8171208,8973976
8171309,8171309,8973976
8171338,8171338,8973976
8171522,8171522,8973976
8171888,8171888,8973976
8172089,8172089,8973976
8172225,8172225,8973976
8172631,8172631,8973976
8172943,8172943,8973976
8173190,8173190,8973976
8173209,8173209,8973976
8173317,8173317,8973976
8173465,8173465,8973976
8173797,8173797,8973976
8173965,8173965,8973976
8174027,8174027,8973976
8174332,8174332,8973976
8174698,8174698,8973976
8175079,8175079,8973976
8175179,8175179,8973976
8175415,8175415,8973976
8175610,8175610,8973976
8175789,8175789,8973976
8175807,8175807,8973976
8175824,8175824,8973976
8176107,8176107,8973976
8176323,8176323,8973976
8176866,8176866,8973976
8177692,8177692,8973976
8178226,8178226,8973976
8178303,8178303,8973976
8178588,8178588,8973976
8178613,8178613,8973976
8178764,8178764,8973976
8179413,8179413,8973976
8179873,8179873,8973976
8179991,8179991,8973976
8180221,8180221,8973976
8180248,8180248,8973976
8180470,8180470,8973976
8180748,8180748,8973976
8181352,8181352,8973976
8181567,8181567,8973976
8181575,8181575,8973976
8181873,8181873,8973976
8182361,8182361,8973976
8182589,8182589,8973976
8182598,8182598,8973976
8183377,8183377,8973976
8183640,8183640,8973976
8183640,8183640,8973976
8183937,8183937,8973976
8184710,8184710,8973976
8184904,8184904,8973976
8185239,8185239,8973976
8185281,8185281,8973976
8185701,8185701,8973976
8185772,8185772,8973976
8186431,8186431,8973976
8187421,8187421,8973976
8187522,8187522,8973976
8187661,8187661,8973976
8187880,8187880,8973976
8188412,8188412,8973976
8188416,8188416,8973976
8188512,8188512,8973976
8188538,8188538,8973976
8188605,8188605,8973976
8188675,8188675,8973976
8188786,8188786,8973976
8189209,8189209,8973976
8190182,8190182,8973976
8190993,8190993,8973976
8191306,8191306,8973976
8191689,8191689,8973976
8191823,8191823,8973976
8191918,8191918,8973976
8192049,8192049,8973976
8192799,8192799,8973976
8192880,8192880,8973976
8193037,8193037,8973976
8193505,8193505,8973976
8193996,8193996,8973976
8194325,8194325,8973976
8194380,8194380,8973976
8194456,8194456,8973976
8194522,8194522,8973976
8195065,8195065,8973976
8195219,8195219,8973976
8195783,8195783,8973976
8195826,8195826,8973976
8196895,8196895,8973976
8197456,8197456,8973976
8197797,8197797,8973976
8197925,8197925,8973976
8197992,8197992,8973976
8198287,8198287,8973976
8198291,8198291,8973976
8198592,8198592,8973976
8199230,8199230,8973976
8199431,8199431,8973976
8199672,8199672,8973976
8200936,8200936,8973976
8201812,8201812,8973976
8201923,8201923,8973976
8202054,8202054,8973976
8202322,8202322,8973976
8202561,8202561,8973976
8202746,8202746,8973976
8202998,8202998,8973976
8203132,8203132,8973976
8203221,8203221,8973976
8203344,8203344,8973976
8203560,8203560,8973976
8204173,8204173,8973976
8204361,8204361,8973976
8204372,8204372,8973976
8204444,8204444,8973976
8205436,8205436,8973976
8205608,8205608,8973976
8205650,8205650,8973976
8205654,8205654,8973976
8205927,8205927,8973976
8206516,8206516,8973976
8206923,8206923,8973976
8207663,8207663,8973976
8208080,8208080,8973976
8208191,8208191,8973976
8208304,8208304,8973976
8208694,8208694,8973976
8208712,8208712,8973976
8208829,8208829,8973976
8208832,8208832,8973976
8208869,8208869,8973976
8208874,8208874,8973976
8209020,8209020,8973976
8210247,8210247,8973976
8210435,8210435,8973976
8210471,8210471,8973976
8210501,8210501,8973976
8210533,8210533,8973976
8210704,8210704,8973976
8211361,8211361,8973976
8211441,8211441,8973976
8211504,8211504,8973976
8211717,8211717,8973976
8211756,8211756,8973976
8211939,8211939,8973976
8212027,8212027,8973976
8212030,8212030,8973976
8212655,8212655,8973976
8212915,8212915,8973976
8213271,8213271,8973976
8213382,8213382,8973976
8213657,8213657,8973976
8213706,8213706,8973976
8213723,8213723,8973976
8213818,8213818,8973976
8213898,8213898,8973976
8213947,8213947,8973976
8214838,8214838,8973976
8214868,8214868,8973976
8214920,8214920,8973976
8214985,8214985,8973976
8215041,8215041,8973976
8215286,8215286,8973976
8215381,8215381,8973976
8215731,8215731,8973976
8216883,8216883,8973976
8217334,8217334,8973976
8217557,8217557,8973976
8217706,8217706,8973976
8218046,8218046,8973976
8218076,8218076,8973976
8218211,8218211,8973976
8218295,8218295,8973976
8218458,8218458,8973976
8219170,8219170,8973976
8219321,8219321,8973976
8219395,8219395,8973976
8219432,8219432,8973976
8219449,8219449,8973976
8219696,8219696,8973976
8219716,8219716,8973976
8219839,8219839,8973976
8219959,8219959,8973976
8220039,8220039,8973976
8220285,8220285,8973976
8220830,8220830,8973976
8220836,8220836,8973976
8221168,8221168,8973976
8221347,8221347,8973976
8221822,8221822,8973976
8222075,8222075,8973976
8222143,8222143,8973976
8222264,8222264,8973976
8222713,8222713,8973976
8222884,8222884,8973976
8223325,8223325,8973976
8223490,8223490,8973976
8224080,8224080,8973976
8224417,8224417,8973976
8224432,8224432,8973976
8224463,8224463,8973976
8225188,8225188,8973976
8225743,8225743,8973976
8225858,8225858,8973976
8226151,8226151,8973976
8226250,8226250,8973976
8226462,8226462,8973976
8226652,8226652,8973976
8227369,8227369,8973976
8227373,8227373,8973976
8227382,8227382,8973976
8227481,8227481,8973976
8227527,8227527,8973976
8228129,8228129,8973976
8228188,8228188,8973976
8228994,8228994,8973976
8229032,8229032,8973976
8229885,8229885,8973976
8229988,8229988,8973976
8230108,8230108,8973976
8230519,8230519,8973976
8230630,8230630,8973976
8230712,8230712,8973976
8230793,8230793,8973976
8230836,8230836,8973976
8230980,8230980,8973976
8231688,8231688,8973976
8231820,8231820,8973976
8232108,8232108,8973976
8232363,8232363,8973976
8232828,8232828,8973976
8233379,8233379,8973976
8233404,8233404,8973976
8233596,8233596,8973976
8233607,8233607,8973976
8233774,8233774,8973976
8233957,8233957,8973976
8234541,8234541,8973976
8234788,8234788,8973976
8234811,8234811,8973976
8235017,8235017,8973976
8235223,8235223,8973976
8235884,8235884,8973976
8236452,8236452,8973976
8236487,8236487,8973976
8236497,8236497,8973976
8236658,8236658,8973976
8236732,8236732,8973976
8236916,8236916,8973976
8237369,8237369,8973976
8237464,8237464,8973976
8237549,8237549,8973976
8237802,8237802,8973976
8237907,8237907,8973976
8237964,8237964,8973976
8238074,8238074,8973976
8238434,8238434,8973976
8239234,8239234,8973976
8239352,8239352,8973976
8239739,8239739,8973976
8240679,8240679,8973976
8241155,8241155,8973976
8241230,8241230,8973976
8241368,8241368,8973976
8241449,8241449,8973976
8241574,8241574,8973976
8241754,8241754,8973976
8242070,8242070,8973976
8242254,8242254,8973976
8242272,8242272,8973976
8242469,8242469,8973976
8242549,8242549,8973976
8242644,8242644,8973976
8242848,8242848,8973976
8242936,8242936,8973976
8242988,8242988,8973976
8243429,8243429,8973976
8243614,8243614,8973976
8243666,8243666,8973976
8243771,8243771,8973976
8243791,8243791,8973976
8244448,8244448,8973976
8244628,8244628,8973976
8244634,8244634,8973976
8244800,8244800,8973976
8245135,8245135,8973976
8245157,8245157,8973976
8245608,8245608,8973976
8245669,8245669,8973976
8245879,8245879,8973976
8246044,8246044,8973976
8246055,8246055,8973976
8246101,8246101,8973976
8246407,8246407,8973976
8246437,8246437,8973976
8247064,8247064,8973976
8247589,8247589,8973976
8247674,8247674,8973976
8248112,8248112,8973976
8248320,8248320,8973976
8248400,8248400,8973976
8248564,8248564,8973976
8249006,8249006,8973976
8249020,8249020,8973976
8249025,8249025,8973976
8249085,8249085,8973976
8249207,8249207,8973976
8249290,8249290,8973976
8249600,8249600,8973976
8249806,8249806,8973976
8249971,8249971,8973976
8251005,8251005,8973976
8251120,8251120,8973976
8251434,8251434,8973976
8251653,8251653,8973976
8252070,8252070,8973976
8252143,8252143,8973976
8252406,8252406,8973976
8252579,8252579,8973976
8252711,8252711,8973976
8253051,8253051,8973976
8253408,8253408,8973976
8253785,8253785,8973976
8254807,8254807,8973976
8254901,8254901,8973976
8255192,8255192,8973976
8255838,8255838,8973976
8256392,8256392,8973976
8256616,8256616,8973976
8256867,8256867,8973976
8256900,8256900,8973976
8256979,8256979,8973976
8257467,8257467,8973976
8257581,8257581,8973976
8257917,8257917,8973976
8257980,8257980,8973976
8258210,8258210,8973976
8258276,8258276,8973976
8258397,8258397,8973976
8258872,8258872,8973976
8259537,8259537,8973976
8259911,8259911,8973976
8259927,8259927,8973976
8260022,8260022,8973976
8260136,8260136,8973976
8260163,8260163,8973976
8260410,8260410,8973976
8260413,8260413,8973976
8260433,8260433,8973976
8260677,8260677,8973976
8260750,8260750,8973976
8260855,8260855,8973976
8260866,8260866,8973976
8260953,8260953,8973976
8261280,8261280,8973976
8261815,8261815,8973976
8262051,8262051,8973976
8262547,8262547,8973976
8262559,8262559,8973976
8262593,8262593,8973976
8262611,8262611,8973976
8263241,8263241,8973976
8263485,8263485,8973976
8264172,8264172,8973976
8264263,8264263,8973976
8264282,8264282,8973976
8264406,8264406,8973976
8264765,8264765,8973976
8264912,8264912,8973976
8264996,8264996,8973976
8265718,8265718,8973976
8266111,8266111,8973976
8266140,8266140,8973976
8266220,8266220,8973976
8266236,8266236,8973976
8267235,8267235,8973976
8267327,8267327,8973976
8267819,8267819,8973976
8268387,8268387,8973976
8268600,8268600,8973976
8269021,8269021,8973976
8269368,8269368,8973976
8269637,8269637,8973976
8270089,8270089,8973976
8270203,8270203,8973976
8270481,8270481,8973976
8270713,8270713,8973976
8270935,8270935,8973976
8271061,8271061,8973976
8271195,8271195,8973976
8271204,8271204,8973976
8271303,8271303,8973976
8271555,8271555,8973976
8271950,8271950,8973976
8271973,8271973,8973976
8272062,8272062,8973976
8272726,8272726,8973976
8272798,8272798,8973976
8273022,8273022,8973976
8273086,8273086,8973976
8273529,8273529,8973976
8273630,8273630,8973976
8273763,8273763,8973976
8273992,8273992,8973976
8274178,8274178,8973976
8274382,8274382,8973976
8274587,8274587,8973976
8274665,8274665,8973976
8274837,8274837,8973976
8274920,8274920,8973976
8274972,8274972,8973976
8275214,8275214,8973976
8275330,8275330,8973976
8275427,8275427,8973976
8275458,8275458,8973976
8275547,8275547,8973976
8275562,8275562,8973976
8275709,8275709,8973976
8275713,8275713,8973976
8275719,8275719,8973976
8275809,8275809,8973976
8275867,8275867,8973976
8275946,8275946,8973976
8276000,8276000,8973976
8276370,8276370,8973976
8276666,8276666,8973976
8276690,8276690,8973976
8276840,8276840,8973976
8277089,8277089,8973976
8277303,8277303,8973976
8277331,8277331,8973976
8277434,8277434,8973976
8277889,8277889,8973976
8278011,8278011,8973976
8278025,8278025,8973976
8278108,8278108,8973976
8278825,8278825,8973976
8278930,8278930,8973976
8278931,8278931,8973976
8279176,8279176,8973976
8279482,8279482,8973976
8279490,8279490,8973976
8279714,8279714,8973976
8279719,8279719,8973976
8280128,8280128,8973976
8280368,8280368,8973976
8280956,8280956,8973976
8281052,8281052,8973976
8281169,8281169,8973976
8281463,8281463,8973976
8281475,8281475,8973976
8281597,8281597,8973976
8281642,8281642,8973976
8281821,8281821,8973976
8282157,8282157,8973976
8282290,8282290,8973976
8282550,8282550,8973976
8282722,8282722,8973976
8283113,8283113,8973976
8283242,8283242,8973976
8283274,8283274,8973976
8283324,8283324,8973976
8283351,8283351,8973976
8283631,8283631,8973976
8283695,8283695,8973976
8283992,8283992,8973976
8284488,8284488,8973976
8284809,8284809,8973976
8285056,8285056,8973976
8285215,8285215,8973976
8285553,8285553,8973976
8286475,8286475,8973976
8286685,8286685,8973976
8286781,8286781,8973976
8286924,8286924,8973976
8287166,8287166,8973976
8287314,8287314,8973976
8287493,8287493,8973976
8287522,8287522,8973976
8287918,8287918,8973976
8287985,8287985,8973976
8288208,8288208,8973976
8288984,8288984,8973976
8289200,8289200,8973976
8289387,8289387,8973976
8289444,8289444,8973976
8289769,8289769,8973976
8290441,8290441,8973976
8290707,8290707,8973976
8290776,8290776,8973976
8291013,8291013,8973976
8291277,8291277,8973976
8291428,8291428,8973976
8291655,8291655,8973976
8292097,8292097,8973976
8292755,8292755,8973976
8292972,8292972,8973976
8293302,8293302,8973976
8293404,8293404,8973976
8293790,8293790,8973976
8293947,8293947,8973976
8294238,8294238,8973976
8294650,8294650,8973976
8294804,8294804,8973976
8295358,8295358,8973976
8295609,8295609,8973976
8295897,8295897,8973976
8295941,8295941,8973976
8296232,8296232,8973976
8296467,8296467,8973976
8296743,8296743,8973976
8296789,8296789,8973976
8296976,8296976,8973976
8297163,8297163,8973976
8297277,8297277,8973976
8297458,8297458,8973976
8297624,8297624,8973976
8298065,8298065,8973976
8298083,8298083,8973976
8298865,8298865,8973976
8298950,8298950,8973976
8298955,8298955,8973976
8299230,8299230,8973976
8299288,8299288,8973976
8299294,8299294,8973976
8299729,8299729,8973976
8300041,8300041,8973976
8300343,8300343,8973976
8300475,8300475,8973976
8300760,8300760,8973976
8300778,8300778,8973976
8300832,8300832,8973976
8300908,8300908,8973976
8301024,8301024,8973976
8302204,8302204,8973976
8302364,8302364,8973976
8302390,8302390,8973976
8302482,8302482,8973976
8302487,8302487,8973976
8302652,8302652,8973976
8302655,8302655,8973976
8302749,8302749,8973976
8302807,8302807,8973976
8302916,8302916,8973976
8303282,8303282,8973976
8303540,8303540,8973976
8303663,8303663,8973976
8303741,8303741,8973976
8303846,8303846,8973976
8303852,8303852,8973976
8305446,8305446,8973976
8305808,8305808,8973976
8306235,8306235,8973976
8306257,8306257,8973976
8306484,8306484,8973976
8306553,8306553,8973976
8307986,8307986,8973976
8308057,8308057,8973976
8308102,8308102,8973976
8308170,8308170,8973976
8308248,8308248,8973976
8308533,8308533,8973976
8308755,8308755,8973976
8308757,8308757,8973976
8309269,8309269,8973976
8309563,8309563,8973976
8309613,8309613,8973976
8309626,8309626,8973976
8309747,8309747,8973976
8309847,8309847,8973976
8309856,8309856,8973976
8310085,8310085,8973976
8310579,8310579,8973976
8311065,8311065,8973976
8311167,8311167,8973976
8312240,8312240,8973976
8312497,8312497,8973976
8312721,8312721,8973976
8313040,8313040,8973976
8313247,8313247,8973976
8313923,8313923,8973976
8314156,8314156,8973976
8314169,8314169,8973976
8314302,8314302,8973976
8314374,8314374,8973976
8314425,8314425,8973976
8314896,8314896,8973976
8315008,8315008,8973976
8315736,8315736,8973976
8315907,8315907,8973976
8315978,8315978,8973976
8316177,8316177,8973976
8316228,8316228,8973976
8316461,8316461,8973976
8316746,8316746,8973976
8316798,8316798,8973976
8317051,8317051,8973976
8317142,8317142,8973976
8317450,8317450,8973976
8317630,8317630,8973976
8317779,8317779,8973976
8317870,8317870,8973976
8318249,8318249,8973976
8318345,8318345,8973976
8318387,8318387,8973976
8318463,8318463,8973976
8318517,8318517,8973976
8318619,8318619,8973976
8318792,8318792,8973976
8318912,8318912,8973976
8319198,8319198,8973976
8319468,8319468,8973976
8319529,8319529,8973976
8319578,8319578,8973976
8320118,8320118,8973976
8320503,8320503,8973976
8320865,8320865,8973976
8320902,8320902,8973976
8320934,8320934,8973976
8321090,8321090,8973976
8321476,8321476,8973976
8321549,8321549,8973976
8322227,8322227,8973976
8322549,8322549,8973976
8322991,8322991,8973976
8323510,8323510,8973976
8323566,8323566,8973976
8324292,8324292,8973976
8324698,8324698,8973976
8324923,8324923,8973976
8324932,8324932,8973976
8324948,8324948,8973976
8325113,8325113,8973976
8325134,8325134,8973976
8325224,8325224,8973976
8325710,8325710,8973976
8325752,8325752,8973976
8325796,8325796,8973976
8327090,8327090,8973976
8327098,8327098,8973976
8327209,8327209,8973976
8327287,8327287,8973976
8327328,8327328,8973976
8327441,8327441,8973976
8327659,8327659,8973976
8327779,8327779,8973976
8328397,8328397,8973976
8328538,8328538,8973976
8328785,8328785,8973976
8329149,8329149,8973976
8329307,8329307,8973976
8329799,8329799,8973976
8329935,8329935,8973976
8330029,8330029,8973976
8330446,8330446,8973976
8330496,8330496,8973976
8330976,8330976,8973976
8331264,8331264,8973976
8331426,8331426,8973976
8331764,8331764,8973976
8331805,8331805,8973976
8331930,8331930,8973976
8332310,8332310,8973976
8332393,8332393,8973976
8332430,8332430,8973976
8333195,8333195,8973976
8333525,8333525,8973976
8333878,8333878,8973976
8334420,8334420,8973976
8334572,8334572,8973976
8334995,8334995,8973976
8335066,8335066,8973976
8335136,8335136,8973976
8335261,8335261,8973976
8335425,8335425,8973976
8335496,8335496,8973976
8335613,8335613,8973976
8335845,8335845,8973976
8335851,8335851,8973976
8336015,8336015,8973976
8336063,8336063,8973976
8336237,8336237,8973976
8336392,8336392,8973976
8336463,8336463,8973976
8336466,8336466,8973976
8336480,8336480,8973976
8336738,8336738,8973976
8336812,8336812,8973976
8337258,8337258,8973976
8337279,8337279,8973976
8337366,8337366,8973976
8337718,8337718,8973976
8338260,8338260,8973976
8338429,8338429,8973976
8338874,8338874,8973976
8339070,8339070,8973976
8339593,8339593,8973976
8339595,8339595,8973976
8340787,8340787,8973976
8340945,8340945,8973976
8341284,8341284,8973976
8341474,8341474,8973976
8341481,8341481,8973976
8341503,8341503,8973976
8342113,8342113,8973976
8342693,8342693,8973976
8343105,8343105,8973976
8343349,8343349,8973976
8343676,8343676,8973976
8344008,8344008,8973976
8344114,8344114,8973976
8344367,8344367,8973976
8344757,8344757,8973976
8345141,8345141,8973976
8345184,8345184,8973976
8345234,8345234,8973976
8345500,8345500,8973976
8345675,8345675,8973976
8346409,8346409,8973976
8346972,8346972,8973976
8347307,8347307,8973976
8347680,8347680,8973976
8348125,8348125,8973976
8348146,8348146,8973976
8348226,8348226,8973976
8348530,8348530,8973976
8348739,8348739,8973976
8349601,8349601,8973976
8349607,8349607,8973976
8349843,8349843,8973976
8350170,8350170,8973976
8350354,8350354,8973976
8350891,8350891,8973976
8351108,8351108,8973976
8351108,8351108,8973976
8351377,8351377,8973976
8351694,8351694,8973976
8351949,8351949,8973976
8351954,8351954,8973976
8352222,8352222,8973976
8353155,8353155,8973976
8353185,8353185,8973976
8353641,8353641,8973976
8353984,8353984,8973976
8354000,8354000,8973976
8354123,8354123,8973976
8354163,8354163,8973976
8354679,8354679,8973976
8354870,8354870,8973976
8355938,8355938,8973976
8356255,8356255,8973976
8356601,8356601,8973976
8356665,8356665,8973976
8356765,8356765,8973976
8356806,8356806,8973976
8356896,8356896,8973976
8356916,8356916,8973976
8357192,8357192,8973976
8357994,8357994,8973976
8358033,8358033,8973976
8358128,8358128,8973976
8358831,8358831,8973976
8358921,8358921,8973976
8359269,8359269,8973976
8359824,8359824,8973976
8359939,8359939,8973976
8359993,8359993,8973976
8360077,8360077,8973976
8360260,8360260,8973976
8360281,8360281,8973976
8361704,8361704,8973976
8362447,8362447,8973976
8362535,8362535,8973976
8362644,8362644,8973976
8362812,8362812,8973976
8362997,8362997,8973976
8363014,8363014,8973976
8363120,8363120,8973976
8363570,8363570,8973976
8364289,8364289,8973976
8364308,8364308,8973976
8364666,8364666,8973976
8364671,8364671,8973976
8364996,8364996,8973976
8365490,8365490,8973976
8366060,8366060,8973976
8366539,8366539,8973976
8366801,8366801,8973976
8367297,8367297,8973976
8368034,8368034,8973976
8368251,8368251,8973976
8368837,8368837,8973976
8368986,8368986,8973976
8369004,8369004,8973976
8369042,8369042,8973976
8369125,8369125,8973976
8369225,8369225,8973976
8369231,8369231,8973976
8369509,8369509,8973976
8369889,8369889,8973976
8370031,8370031,8973976
8370271,8370271,8973976
8370756,8370756,8973976
8370816,8370816,8973976
8371214,8371214,8973976
8371259,8371259,8973976
8371745,8371745,8973976
8371770,8371770,8973976
8372010,8372010,8973976
8372321,8372321,8973976
8372622,8372622,8973976
8373095,8373095,8973976
8373111,8373111,8973976
8373724,8373724,8973976
8373810,8373810,8973976
8373942,8373942,8973976
8374836,8374836,8973976
8375000,8375000,8973976
8375602,8375602,8973976
8375785,8375785,8973976
8375893,8375893,8973976
8376151,8376151,8973976
8376244,8376244,8973976
8376569,8376569,8973976
8376720,8376720,8973976
8377555,8377555,8973976
8377633,8377633,8973976
8377863,8377863,8973976
8377886,8377886,8973976
8378081,8378081,8973976
8378496,8378496,8973976
8378820,8378820,8973976
8379383,8379383,8973976
8379917,8379917,8973976
8380197,8380197,8973976
8380604,8380604,8973976
8380660,8380660,8973976
8380687,8380687,8973976
8380841,8380841,8973976
8380942,8380942,8973976
8380978,8380978,8973976
8381195,8381195,8973976
8381412,8381412,8973976
8381471,8381471,8973976
8382118,8382118,8973976
8382119,8382119,8973976
8382130,8382130,8973976
8382290,8382290,8973976
8382585,8382585,8973976
8382656,8382656,8973976
8382684,8382684,8973976
8383268,8383268,8973976
8383356,8383356,8973976
8383603,8383603,8973976
8384458,8384458,8973976
8384485,8384485,8973976
8384511,8384511,8973976
8384567,8384567,8973976
8384724,8384724,8973976
8384777,8384777,8973976
8384860,8384860,8973976
8384970,8384970,8973976
8385066,8385066,8973976
8385112,8385112,8973976
8385118,8385118,8973976
8385540,8385540,8973976
8385569,8385569,8973976
8385889,8385889,8973976
8385993,8385993,8973976
8386463,8386463,8973976
8387352,8387352,8973976
8387463,8387463,8973976
8387620,8387620,8973976
8387781,8387781,8973976
8387807,8387807,8973976
8387970,8387970,8973976
8388085,8388085,8973976
8388523,8388523,8973976
8388595,8388595,8973976
8388628,8388628,8973976
8388668,8388668,8973976
8388680,8388680,8973976
8389424,8389424,8973976
8390501,8390501,8973976
8390751,8390751,8973976
8391562,8391562,8973976
8391605,8391605,8973976
8392048,8392048,8973976
8392087,8392087,8973976
8392415,8392415,8973976
8392429,8392429,8973976
8392485,8392485,8973976
8392571,8392571,8973976
8392670,8392670,8973976
8392680,8392680,8973976
8393075,8393075,8973976
8393644,8393644,8973976
8393777,8393777,8973976
8394105,8394105,8973976
8394234,8394234,8973976
8394477,8394477,8973976
8394738,8394738,8973976
8394782,8394782,8973976
8394868,8394868,8973976
8394980,8394980,8973976
8395233,8395233,8973976
8395240,8395240,8973976
8395444,8395444,8973976
8396177,8396177,8973976
8396435,8396435,8973976
8396576,8396576,8973976
8396609,8396609,8973976
8396712,8396712,8973976
8396812,8396812,8973976
8396829,8396829,8973976
8396873,8396873,8973976
8397016,8397016,8973976
8397297,8397297,8973976
8397750,8397750,8973976
8398243,8398243,8973976
8398299,8398299,8973976
8398763,8398763,8973976
8399166,8399166,8973976
8399264,8399264,8973976
8399488,8399488,8973976
8399847,8399847,8973976
8399983,8399983,8973976
8400085,8400085,8973976
8400188,8400188,8973976
8400389,8400389,8973976
8400610,8400610,8973976
8400953,8400953,8973976
8400988,8400988,8973976
8401648,8401648,8973976
8402668,8402668,8973976
8402684,8402684,8973976
8403351,8403351,8973976
8403641,8403641,8973976
8403934,8403934,8973976
8403963,8403963,8973976
8404050,8404050,8973976
8404419,8404419,8973976
8404763,8404763,8973976
8404884,8404884,8973976
8404921,8404921,8973976
8405229,8405229,8973976
8405233,8405233,8973976
8405422,8405422,8973976
8405458,8405458,8973976
8405518,8405518,8973976
8405560,8405560,8973976
8405758,8405758,8973976
8405915,8405915,8973976
8406019,8406019,8973976
8406052,8406052,8973976
8406240,8406240,8973976
8406302,8406302,8973976
8407281,8407281,8973976
8407621,8407621,8973976
8407707,8407707,8973976
8408641,8408641,8973976
8408790,8408790,8973976
8409479,8409479,8973976
8409536,8409536,8973976
8409672,8409672,8973976
8410222,8410222,8973976
8410759,8410759,8973976
8410804,8410804,8973976
8411189,8411189,8973976
8411725,8411725,8973976
8412170,8412170,8973976
8413943,8413943,8973976
8414175,8414175,8973976
8414210,8414210,8973976
8414333,8414333,8973976
8414526,8414526,8973976
8414840,8414840,8973976
8414877,8414877,8973976
8414994,8414994,8973976
8415610,8415610,8973976
8415611,8415611,8973976
8415669,8415669,8973976
8415951,8415951,8973976
8416209,8416209,8973976
8416489,8416489,8973976
8416494,8416494,8973976
8416920,8416920,8973976
8416936,8416936,8973976
8416988,8416988,8973976
8418018,8418018,8973976
8418084,8418084,8973976
8418392,8418392,8973976
8418644,8418644,8973976
8418771,8418771,8973976
8419842,8419842,8973976
8420189,8420189,8973976
8420305,8420305,8973976
8420376,8420376,8973976
8420438,8420438,8973976
8420853,8420853,8973976
8420943,8420943,8973976
8420947,8420947,8973976
8421153,8421153,8973976
8421171,8421171,8973976
8421361,8421361,8973976
8421373,8421373,8973976
8421420,8421420,8973976
8421564,8421564,8973976
8421743,8421743,8973976
8421987,8421987,8973976
8422059,8422059,8973976
8422079,8422079,8973976
8422191,8422191,8973976
8422283,8422283,8973976
8422349,8422349,8973976
8422471,8422471,8973976
8422879,8422879,8973976
8422958,8422958,8973976
8423513,8423513,8973976
8423603,8423603,8973976
8423673,8423673,8973976
8424012,8424012,8973976
8424240,8424240,8973976
8424245,8424245,8973976
8424758,8424758,8973976
8424990,8424990,8973976
8425009,8425009,8973976
8425025,8425025,8973976
8425442,8425442,8973976
8426023,8426023,8973976
8426450,8426450,8973976
8426722,8426722,8973976
8426938,8426938,8973976
8426943,8426943,8973976
8427269,8427269,8973976
8427733,8427733,8973976
8427901,8427901,8973976
8429275,8429275,8973976
8429465,8429465,8973976
8429750,8429750,8973976
8430642,8430642,8973976
8430659,8430659,8973976
8430750,8430750,8973976
8431250,8431250,8973976
8431260,8431260,8973976
8432369,8432369,8973976
8432409,8432409,8973976
8432435,8432435,8973976
8432654,8432654,8973976
8432835,8432835,8973976
8433288,8433288,8973976
8433422,8433422,8973976
8434263,8434263,8973976
8434286,8434286,8973976
8434638,8434638,8973976
8434869,8434869,8973976
8435448,8435448,8973976
8436028,8436028,8973976
8436178,8436178,8973976
8436243,8436243,8973976
8436640,8436640,8973976
8436886,8436886,8973976
8437017,8437017,8973976
8437347,8437347,8973976
8438210,8438210,8973976
8438383,8438383,8973976
8438398,8438398,8973976
8438424,8438424,8973976
8438504,8438504,8973976
8438572,8438572,8973976
8438661,8438661,8973976
8439229,8439229,8973976
8439638,8439638,8973976
8439841,8439841,8973976
8439988,8439988,8973976
8439993,8439993,8973976
8440435,8440435,8973976
8440457,8440457,8973976
8440497,8440497,8973976
8440664,8440664,8973976
8441196,8441196,8973976
8441692,8441692,8973976
8442685,8442685,8973976
8442767,8442767,8973976
8443286,8443286,8973976
8443681,8443681,8973976
8444139,8444139,8973976
8444151,8444151,8973976
8444278,8444278,8973976
8444327,8444327,8973976
8444605,8444605,8973976
8444653,8444653,8973976
8444824,8444824,8973976
8444946,8444946,8973976
8445097,8445097,8973976
8445127,8445127,8973976
8445166,8445166,8973976
8445269,8445269,8973976
8445777,8445777,8973976
8445869,8445869,8973976
8445960,8445960,8973976
8446083,8446083,8973976
8446211,8446211,8973976
8446738,8446738,8973976
8446793,8446793,8973976
8446846,8446846,8973976
8446854,8446854,8973976
8447049,8447049,8973976
8447457,8447457,8973976
8447618,8447618,8973976
8447677,8447677,8973976
8447962,8447962,8973976
8448144,8448144,8973976
8448268,8448268,8973976
8448566,8448566,8973976
8448694,8448694,8973976
8448802,8448802,8973976
8448952,8448952,8973976
8448955,8448955,8973976
8449227,8449227,8973976
8449607,8449607,8973976
8449761,8449761,8973976
8449914,8449914,8973976
8450382,8450382,8973976
8450470,8450470,8973976
8450545,8450545,8973976
8450553,8450553,8973976
8450567,8450567,8973976
8450589,8450589,8973976
8450614,8450614,8973976
8450807,8450807,8973976
8450987,8450987,8973976
8451007,8451007,8973976
8452054,8452054,8973976
8452907,8452907,8973976
8453177,8453177,8973976
8453206,8453206,8973976
8453314,8453314,8973976
8453344,8453344,8973976
8454413,8454413,8973976
8455058,8455058,8973976
8455175,8455175,8973976
8455586,8455586,8973976
8455769,8455769,8973976
8455802,8455802,8973976
8456370,8456370,8973976
8456682,8456682,8973976
8456725,8456725,8973976
8457288,8457288,8973976
8457374,8457374,8973976
8457523,8457523,8973976
8457673,8457673,8973976
8457849,8457849,8973976
8457971,8457971,8973976
8458200,8458200,8973976
8458399,8458399,8973976
8458519,8458519,8973976
8458582,8458582,8973976
8458683,8458683,8973976
8458727,8458727,8973976
8458943,8458943,8973976
8458982,8458982,8973976
8459276,8459276,8973976
8459387,8459387,8973976
8460292,8460292,8973976
8460545,8460545,8973976
8461159,8461159,8973976
8461449,8461449,8973976
8462384,8462384,8973976
8462391,8462391,8973976
8462497,8462497,8973976
8462574,8462574,8973976
8462769,8462769,8973976
8462810,8462810,8973976
8463083,8463083,8973976
8463597,8463597,8973976
8463914,8463914,8973976
8464050,8464050,8973976
8464319,8464319,8973976
8464892,8464892,8973976
8464969,8464969,8973976
8465056,8465056,8973976
8465179,8465179,8973976
8465343,8465343,8973976
8465549,8465549,8973976
8466582,8466582,8973976
8466816,8466816,8973976
8467053,8467053,8973976
8467416,8467416,8973976
8467428,8467428,8973976
8468162,8468162,8973976
8468862,8468862,8973976
8469100,8469100,8973976
8469533,8469533,8973976
8469713,8469713,8973976
8470230,8470230,8973976
8470425,8470425,8973976
8470466,8470466,8973976
8470594,8470594,8973976
8470763,8470763,8973976
8470815,8470815,8973976
8471652,8471652,8973976
8472024,8472024,8973976
8472089,8472089,8973976
8472362,8472362,8973976
8472580,8472580,8973976
8472700,8472700,8973976
8473346,8473346,8973976
8473898,8473898,8973976
8473963,8473963,8973976
8474321,8474321,8973976
8474446,8474446,8973976
8475500,8475500,8973976
8475508,8475508,8973976
8475851,8475851,8973976
8476593,8476593,8973976
8476681,8476681,8973976
8476916,8476916,8973976
8477133,8477133,8973976
8477278,8477278,8973976
8477426,8477426,8973976
8477510,8477510,8973976
8478181,8478181,8973976
8478584,8478584,8973976
8478607,8478607,8973976
8479000,8479000,8973976
8479028,8479028,8973976
8479303,8479303,8973976
8479757,8479757,8973976
8479798,8479798,8973976
8479956,8479956,8973976
8480161,8480161,8973976
8480369,8480369,8973976
8480430,8480430,8973976
8480473,8480473,8973976
8480517,8480517,8973976
8480591,8480591,8973976
8480674,8480674,8973976
8480910,8480910,8973976
8481220,8481220,8973976
8481312,8481312,8973976
8481413,8481413,8973976
8481451,8481451,8973976
8482434,8482434,8973976
8482513,8482513,8973976
8482547,8482547,8973976
8482878,8482878,8973976
8483086,8483086,8973976
8483187,8483187,8973976
8483370,8483370,8973976
8483626,8483626,8973976
8483718,8483718,8973976
8483793,8483793,8973976
8484262,8484262,8973976
8484318,8484318,8973976
8484767,8484767,8973976
8484795,8484795,8973976
8484877,8484877,8973976
8485005,8485005,8973976
8485064,8485064,8973976
8485114,8485114,8973976
8485515,8485515,8973976
8486563,8486563,8973976
8486609,8486609,8973976
8486741,8486741,8973976
8487207,8487207,8973976
8487806,8487806,8973976
8488198,8488198,8973976
8488485,8488485,8973976
8488686,8488686,8973976
8489351,8489351,8973976
8489380,8489380,8973976
8489887,8489887,8973976
8490155,8490155,8973976
8490187,8490187,8973976
8490220,8490220,8973976
8490471,8490471,8973976
8490965,8490965,8973976
8491790,8491790,8973976
8491911,8491911,8973976
8492020,8492020,8973976
8492326,8492326,8973976
8492427,8492427,8973976
8492592,8492592,8973976
8492650,8492650,8973976
8492910,8492910,8973976
8492910,8492910,8973976
8493174,8493174,8973976
8493302,8493302,8973976
8493883,8493883,8973976
8494164,8494164,8973976
8494298,8494298,8973976
8494665,8494665,8973976
8494786,8494786,8973976
8494801,8494801,8973976
8494849,8494849,8973976
8494969,8494969,8973976
8495365,8495365,8973976
8495603,8495603,8973976
8495656,8495656,8973976
8495744,8495744,8973976
8495788,8495788,8973976
8495904,8495904,8973976
8496087,8496087,8973976
8496295,8496295,8973976
8496444,8496444,8973976
8496594,8496594,8973976
8497679,8497679,8973976
8497998,8497998,8973976
8498051,8498051,8973976
8498095,8498095,8973976
8498275,8498275,8973976
8498388,8498388,8973976
8498430,8498430,8973976
8498502,8498502,8973976
8498566,8498566,8973976
8498629,8498629,8973976
8498806,8498806,8973976
8498971,8498971,8973976
8499089,8499089,8973976
8499577,8499577,8973976
8499736,8499736,8973976
8499819,8499819,8973976
8499929,8499929,8973976
8499957,8499957,8973976
8499987,8499987,8973976
8500170,8500170,8973976
8500179,8500179,8973976
8500503,8500503,8973976
8501062,8501062,8973976
8501223,8501223,8973976
8501595,8501595,8973976
8501631,8501631,8973976
8502221,8502221,8973976
8502479,8502479,8973976
8502540,8502540,8973976
8502905,8502905,8973976
8502995,8502995,8973976
8503015,8503015,8973976
8503165,8503165,8973976
8503442,8503442,8973976
8503679,8503679,8973976
8503699,8503699,8973976
8504060,8504060,8973976
8504119,8504119,8973976
8504252,8504252,8973976
8504301,8504301,8973976
8504609,8504609,8973976
8505342,8505342,8973976
8505831,8505831,8973976
8506253,8506253,8973976
8506590,8506590,8973976
8506722,8506722,8973976
8506743,8506743,8973976
8506822,8506822,8973976
8506952,8506952,8973976
8507084,8507084,8973976
8507737,8507737,8973976
8507771,8507771,8973976
8507793,8507793,8973976
8507835,8507835,8973976
8507944,8507944,8973976
8508191,8508191,8973976
8508409,8508409,8973976
8508449,8508449,8973976
8508801,8508801,8973976
8508807,8508807,8973976
8508813,8508813,8973976
8509036,8509036,8973976
8509446,8509446,8973976
8510262,8510262,8973976
8510687,8510687,8973976
8510986,8510986,8973976
8511028,8511028,8973976
8511192,8511192,8973976
8511429,8511429,8973976
8511462,8511462,8973976
8511591,8511591,8973976
8511595,8511595,8973976
8511933,8511933,8973976
8512681,8512681,8973976
8513184,8513184,8973976
8513258,8513258,8973976
8513963,8513963,8973976
8514011,8514011,8973976
8514094,8514094,8973976
8514243,8514243,8973976
8514436,8514436,8973976
8514654,8514654,8973976
8514784,8514784,8973976
8514938,8514938,8973976
8515001,8515001,8973976
8515120,8515120,8973976
8515702,8515702,8973976
8515757,8515757,8973976
8517124,8517124,8973976
8517584,8517584,8973976
8517666,8517666,8973976
8517722,8517722,8973976
8518398,8518398,8973976
8518684,8518684,8973976
8518914,8518914,8973976
8519158,8519158,8973976
8519243,8519243,8973976
8519731,8519731,8973976
8519794,8519794,8973976
8520306,8520306,8973976
8520347,8520347,8973976
8520609,8520609,8973976
8520814,8520814,8973976
8521162,8521162,8973976
8521390,8521390,8973976
8521912,8521912,8973976
8522384,8522384,8973976
8523315,8523315,8973976
8523427,8523427,8973976
8523442,8523442,8973976
8523822,8523822,8973976
8523833,8523833,8973976
8524185,8524185,8973976
8524196,8524196,8973976
8524739,8524739,8973976
8524972,8524972,8973976
8525263,8525263,8973976
8525542,8525542,8973976
8525684,8525684,8973976
8526351,8526351,8973976
8526642,8526642,8973976
8526692,8526692,8973976
8527144,8527144,8973976
8527477,8527477,8973976
8527577,8527577,8973976
8527685,8527685,8973976
8528088,8528088,8973976
8528098,8528098,8973976
8529404,8529404,8973976
8529424,8529424,8973976
8529453,8529453,8973976
8529686,8529686,8973976
8529888,8529888,8973976
8530045,8530045,8973976
8530258,8530258,8973976
8530357,8530357,8973976
8530471,8530471,8973976
8530795,8530795,8973976
8531258,8531258,8973976
8531404,8531404,8973976
8531832,8531832,8973976
8532026,8532026,8973976
8532263,8532263,8973976
8532700,8532700,8973976
8532981,8532981,8973976
8533069,8533069,8973976
8533374,8533374,8973976
8533897,8533897,8973976
8534112,8534112,8973976
8534191,8534191,8973976
8534629,8534629,8973976
8534942,8534942,8973976
8535098,8535098,8973976
8535678,8535678,8973976
8535791,8535791,8973976
8535813,8535813,8973976
8535928,8535928,8973976
8535998,8535998,8973976
8536296,8536296,8973976
8536328,8536328,8973976
8536476,8536476,8973976
8536542,8536542,8973976
8536824,8536824,8973976
8536892,8536892,8973976
8536893,8536893,8973976
8537358,8537358,8973976
8537576,8537576,8973976
8538080,8538080,8973976
8538598,8538598,8973976
8538621,8538621,8973976
8538753,8538753,8973976
8539092,8539092,8973976
8539773,8539773,8973976
8539868,8539868,8973976
8540347,8540347,8973976
8540707,8540707,8973976
8541398,8541398,8973976
8541412,8541412,8973976
8541414,8541414,8973976
8541612,8541612,8973976
8541669,8541669,8973976
8542289,8542289,8973976
8542561,8542561,8973976
8543763,8543763,8973976
8544286,8544286,8973976
8544672,8544672,8973976
8545281,8545281,8973976
8545509,8545509,8973976
8545624,8545624,8973976
8545655,8545655,8973976
8545718,8545718,8973976
8545738,8545738,8973976
8546099,8546099,8973976
8546237,8546237,8973976
8546289,8546289,8973976
8546642,8546642,8973976
8547132,8547132,8973976
8547198,8547198,8973976
8547517,8547517,8973976
8547543,8547543,8973976
8547769,8547769,8973976
8547861,8547861,8973976
8548024,8548024,8973976
8548047,8548047,8973976
8548557,8548557,8973976
8548652,8548652,8973976
8548828,8548828,8973976
8548902,8548902,8973976
8548908,8548908,8973976
8548967,8548967,8973976
8549096,8549096,8973976
8549369,8549369,8973976
8549391,8549391,8973976
8549420,8549420,8973976
8549424,8549424,8973976
8549855,8549855,8973976
8550201,8550201,8973976
8550702,8550702,8973976
8550776,8550776,8973976
8550950,8550950,8973976
8551684,8551684,8973976
8551932,8551932,8973976
8552019,8552019,8973976
8552647,8552647,8973976
8552825,8552825,8973976
8552905,8552905,8973976
8553168,8553168,8973976
8553365,8553365,8973976
8554653,8554653,8973976
8554700,8554700,8973976
8554837,8554837,8973976
8555019,8555019,8973976
8555146,8555146,8973976
8555217,8555217,8973976
8555552,8555552,8973976
8555575,8555575,8973976
8555615,8555615,8973976
8555680,8555680,8973976
8555993,8555993,8973976
8556410,8556410,8973976
8556503,8556503,8973976
8556704,8556704,8973976
8556762,8556762,8973976
8556763,8556763,8973976
8556985,8556985,8973976
8557581,8557581,8973976
8557663,8557663,8973976
8557793,8557793,8973976
8557819,8557819,8973976
8558335,8558335,8973976
8558786,8558786,8973976
8559070,8559070,8973976
8560134,8560134,8973976
8561013,8561013,8973976
8561357,8561357,8973976
8561377,8561377,8973976
8561571,8561571,8973976
8561731,8561731,8973976
8561805,8561805,8973976
8562405,8562405,8973976
8562433,8562433,8973976
8563117,8563117,8973976
8563200,8563200,8973976
8563418,8563418,8973976
8563511,8563511,8973976
8563529,8563529,8973976
8563712,8563712,8973976
8563730,8563730,8973976
8563777,8563777,8973976
8564092,8564092,8973976
8564488,8564488,8973976
8564967,8564967,8973976
8565036,8565036,8973976
8565079,8565079,8973976
8565209,8565209,8973976
8565271,8565271,8973976
8565773,8565773,8973976
8565914,8565914,8973976
8566034,8566034,8973976
8566181,8566181,8973976
8566672,8566672,8973976
8566989,8566989,8973976
8567044,8567044,8973976
8567462,8567462,8973976
8567773,8567773,8973976
8567923,8567923,8973976
8568321,8568321,8973976
8568541,8568541,8973976
8568780,8568780,8973976
8568924,8568924,8973976
8568939,8568939,8973976
8569117,8569117,8973976
8569410,8569410,8973976
8569427,8569427,8973976
8569482,8569482,8973976
8569638,8569638,8973976
8569638,8569638,8973976
8569732,8569732,8973976
8570215,8570215,8973976
8570527,8570527,8973976
8570567,8570567,8973976
8570651,8570651,8973976
8570857,8570857,8973976
8571286,8571286,8973976
8571529,8571529,8973976
8571845,8571845,8973976
8573597,8573597,8973976
8574405,8574405,8973976
8574412,8574412,8973976
8574621,8574621,8973976
8574888,8574888,8973976
8574990,8574990,8973976
8575490,8575490,8973976
8575915,8575915,8973976
8576155,8576155,8973976
8576473,8576473,8973976
8576681,8576681,8973976
8576689,8576689,8973976
8576756,8576756,8973976
8576972,8576972,8973976
8577009,8577009,8973976
8577295,8577295,8973976
8577312,8577312,8973976
8577476,8577476,8973976
8577535,8577535,8973976
8577588,8577588,8973976
8577685,8577685,8973976
8578322,8578322,8973976
8578491,8578491,8973976
8578496,8578496,8973976
8578952,8578952,8973976
8579057,8579057,8973976
8579614,8579614,8973976
8579773,8579773,8973976
8579955,8579955,8973976
8580606,8580606,8973976
8580715,8580715,8973976
8580923,8580923,8973976
8580978,8580978,8973976
8581063,8581063,8973976
8581112,8581112,8973976
8581427,8581427,8973976
8581473,8581473,8973976
8581553,8581553,8973976
8581836,8581836,8973976
8581902,8581902,8973976
8581992,8581992,8973976
8582044,8582044,8973976
8582366,8582366,8973976
8582514,8582514,8973976
8582688,8582688,8973976
8583361,8583361,8973976
8583511,8583511,8973976
8584312,8584312,8973976
8584571,8584571,8973976
8584647,8584647,8973976
8584674,8584674,8973976
8584688,8584688,8973976
8584835,8584835,8973976
8584928,8584928,8973976
8585301,8585301,8973976
8585486,8585486,8973976
8585569,8585569,8973976
8585572,8585572,8973976
8586156,8586156,8973976
8586544,8586544,8973976
8586992,8586992,8973976
8587175,8587175,8973976
8587382,8587382,8973976
8587390,8587390,8973976
8587534,8587534,8973976
8587849,8587849,8973976
8587895,8587895,8973976
8587953,8587953,8973976
8588422,8588422,8973976
8588736,8588736,8973976
8589054,8589054,8973976
8589796,8589796,8973976
8590460,8590460,8973976
8590764,8590764,8973976
8590798,8590798,8973976
8590905,8590905,8973976
8591876,8591876,8973976
8591918,8591918,8973976
8592052,8592052,8973976
8592241,8592241,8973976
8592300,8592300,8973976
8592583,8592583,8973976
8592969,8592969,8973976
8593263,8593263,8973976
8593874,8593874,8973976
8594023,8594023,8973976
8594028,8594028,8973976
8594343,8594343,8973976
8595013,8595013,8973976
8595716,8595716,8973976
8595997,8595997,8973976
8596264,8596264,8973976
8596346,8596346,8973976
8596528,8596528,8973976
8596559,8596559,8973976
8596760,8596760,8973976
8596914,8596914,8973976
8597675,8597675,8973976
8597698,8597698,8973976
8598371,8598371,8973976
8598381,8598381,8973976
8598397,8598397,8973976
8598646,8598646,8973976
8599038,8599038,8973976
8599094,8599094,8973976
8599360,8599360,8973976
8599732,8599732,8973976
8599775,8599775,8973976
8599841,8599841,8973976
8599934,8599934,8973976
8600315,8600315,8973976
8600468,8600468,8973976
8600919,8600919,8973976
8601163,8601163,8973976
8601512,8601512,8973976
8601571,8601571,8973976
8601714,8601714,8973976
8601778,8601778,8973976
8602257,8602257,8973976
8602461,8602461,8973976
8602466,8602466,8973976
8602767,8602767,8973976
8603081,8603081,8973976
8603322,8603322,8973976
8604278,8604278,8973976
8604845,8604845,8973976
8605139,8605139,8973976
8605167,8605167,8973976
8605269,8605269,8973976
8605622,8605622,8973976
8605990,8605990,8973976
8606137,8606137,8973976
8606537,8606537,8973976
8606718,8606718,8973976
8608223,8608223,8973976
8608266,8608266,8973976
8608474,8608474,8973976
8608524,8608524,8973976
8609116,8609116,8973976
8609160,8609160,8973976
8609218,8609218,8973976
8609467,8609467,8973976
8609763,8609763,8973976
8609847,8609847,8973976
8610458,8610458,8973976
8610744,8610744,8973976
8610853,8610853,8973976
8610907,8610907,8973976
8610926,8610926,8973976
8611174,8611174,8973976
8611198,8611198,8973976
8611230,8611230,8973976
8611603,8611603,8973976
8612330,8612330,8973976
8612435,8612435,8973976
8613037,8613037,8973976
8613120,8613120,8973976
8613185,8613185,8973976
8613370,8613370,8973976
8613530,8613530,8973976
8613630,8613630,8973976
8613714,8613714,8973976
8614119,8614119,8973976
8614474,8614474,8973976
8614848,8614848,8973976
8614925,8614925,8973976
8615816,8615816,8973976
8616261,8616261,8973976
8616970,8616970,8973976
8617003,8617003,8973976
8617034,8617034,8973976
8617179,8617179,8973976
8617802,8617802,8973976
8618178,8618178,8973976
8618344,8618344,8973976
8618450,8618450,8973976
8618559,8618559,8973976
8618633,8618633,8973976
8618702,8618702,8973976
8618993,8618993,8973976
8619121,8619121,8973976
8619198,8619198,8973976
8619257,8619257,8973976
8619472,8619472,8973976
8619507,8619507,8973976
8619710,8619710,8973976
8619712,8619712,8973976
8619800,8619800,8973976
8620059,8620059,8973976
8620145,8620145,8973976
8620259,8620259,8973976
8620809,8620809,8973976
8620824,8620824,8973976
8621081,8621081,8973976
8621258,8621258,8973976
8621720,8621720,8973976
8621732,8621732,8973976
8622077,8622077,8973976
8622291,8622291,8973976
8622793,8622793,8973976
8623128,8623128,8973976
8623417,8623417,8973976
8623841,8623841,8973976
8624331,8624331,8973976
8624346,8624346,8973976
8624516,8624516,8973976
8624695,8624695,8973976
8624789,8624789,8973976
8625031,8625031,8973976
8625194,8625194,8973976
8625220,8625220,8973976
8625290,8625290,8973976
8625517,8625517,8973976
8625942,8625942,8973976
8625958,8625958,8973976
8626588,8626588,8973976
8626644,8626644,8973976
8626715,8626715,8973976
8627333,8627333,8973976
8627606,8627606,8973976
8627797,8627797,8973976
8627931,8627931,8973976
8628103,8628103,8973976
8629019,8629019,8973976
8629150,8629150,8973976
8629527,8629527,8973976
8629710,8629710,8973976
8629772,8629772,8973976
8629834,8629834,8973976
8629917,8629917,8973976
8630674,8630674,8973976
8630706,8630706,8973976
8631017,8631017,8973976
8631285,8631285,8973976
8631534,8631534,8973976
8632017,8632017,8973976
8632067,8632067,8973976
8632470,8632470,8973976
8632575,8632575,8973976
8632835,8632835,8973976
8633115,8633115,8973976
8633783,8633783,8973976
8633965,8633965,8973976
8634156,8634156,8973976
8634338,8634338,8973976
8634519,8634519,8973976
8634696,8634696,8973976
8634828,8634828,8973976
8635407,8635407,8973976
8635851,8635851,8973976
8636036,8636036,8973976
8636542,8636542,8973976
8637389,8637389,8973976
8637389,8637389,8973976
8637491,8637491,8973976
8637781,8637781,8973976
8637866,8637866,8973976
8638163,8638163,8973976
8638210,8638210,8973976
8638580,8638580,8973976
8638777,8638777,8973976
8638851,8638851,8973976
8639714,8639714,8973976
8640052,8640052,8973976
8640077,8640077,8973976
8640358,8640358,8973976
8640630,8640630,8973976
8640660,8640660,8973976
8640916,8640916,8973976
8640974,8640974,8973976
8641172,8641172,8973976
8641629,8641629,8973976
8643586,8643586,8973976
8643817,8643817,8973976
8643930,8643930,8973976
8644081,8644081,8973976
8644145,8644145,8973976
8644848,8644848,8973976
8644855,8644855,8973976
8645189,8645189,8973976
8645464,8645464,8973976
8645599,8645599,8973976
8645776,8645776,8973976
8646041,8646041,8973976
8646218,8646218,8973976
8646761,8646761,8973976
8646969,8646969,8973976
8647273,8647273,8973976
8647392,8647392,8973976
8647455,8647455,8973976
8647840,8647840,8973976
8647955,8647955,8973976
8648114,8648114,8973976
8648296,8648296,8973976
8648430,8648430,8973976
8649335,8649335,8973976
8649700,8649700,8973976
8649895,8649895,8973976
8650918,8650918,8973976
8651200,8651200,8973976
8651257,8651257,8973976
8651296,8651296,8973976
8651339,8651339,8973976
8651523,8651523,8973976
8651536,8651536,8973976
8651542,8651542,8973976
8651638,8651638,8973976
8651911,8651911,8973976
8652136,8652136,8973976
8652331,8652331,8973976
8652404,8652404,8973976
8652554,8652554,8973976
8652563,8652563,8973976
8652983,8652983,8973976
8653595,8653595,8973976
8653810,8653810,8973976
8653870,8653870,8973976
8654420,8654420,8973976
8654443,8654443,8973976
8654511,8654511,8973976
8654601,8654601,8973976
8655014,8655014,8973976
8655178,8655178,8973976
8655645,8655645,8973976
8655923,8655923,8973976
8656038,8656038,8973976
8656246,8656246,8973976
8656266,8656266,8973976
8656453,8656453,8973976
8657187,8657187,8973976
8657233,8657233,8973976
8657331,8657331,8973976
8657387,8657387,8973976
8657476,8657476,8973976
8657539,8657539,8973976
8658227,8658227,8973976
8658349,8658349,8973976
8658505,8658505,8973976
8658525,8658525,8973976
8659549,8659549,8973976
8660159,8660159,8973976
8660485,8660485,8973976
8660579,8660579,8973976
8661654,8661654,8973976
8661655,8661655,8973976
8661813,8661813,8973976
8661989,8661989,8973976
8662023,8662023,8973976
8662088,8662088,8973976
8662401,8662401,8973976
8662694,8662694,8973976
8663143,8663143,8973976
8663349,8663349,8973976
8663388,8663388,8973976
8663527,8663527,8973976
8664040,8664040,8973976
8664320,8664320,8973976
8664400,8664400,8973976
8664468,8664468,8973976
8664504,8664504,8973976
8664554,8664554,8973976
8664565,8664565,8973976
8664710,8664710,8973976
8665543,8665543,8973976
8666323,8666323,8973976
8666765,8666765,8973976
8666935,8666935,8973976
8667219,8667219,8973976
8667751,8667751,8973976
8668282,8668282,8973976
8668862,8668862,8973976
8668952,8668952,8973976
8668968,8668968,8973976
8669894,8669894,8973976
8670005,8670005,8973976
8670386,8670386,8973976
8671004,8671004,8973976
8671029,8671029,8973976
8671062,8671062,8973976
8671452,8671452,8973976
8671683,8671683,8973976
8671712,8671712,8973976
8671956,8671956,8973976
8672260,8672260,8973976
8672302,8672302,8973976
8672466,8672466,8973976
8672489,8672489,8973976
8673041,8673041,8973976
8673157,8673157,8973976
8673188,8673188,8973976
8673843,8673843,8973976
8674135,8674135,8973976
8674393,8674393,8973976
8674528,8674528,8973976
8674739,8674739,8973976
8674869,8674869,8973976
8675264,8675264,8973976
8675799,8675799,8973976
8676045,8676045,8973976
8676334,8676334,8973976
8676792,8676792,8973976
8676927,8676927,8973976
8676973,8676973,8973976
8677436,8677436,8973976
8677514,8677514,8973976
8677824,8677824,8973976
8678514,8678514,8973976
8678689,8678689,8973976
8678879,8678879,8973976
8679314,8679314,8973976
8679374,8679374,8973976
8679777,8679777,8973976
8679844,8679844,8973976
8679920,8679920,8973976
8679932,8679932,8973976
8680292,8680292,8973976
8680724,8680724,8973976
8680900,8680900,8973976
8681174,8681174,8973976
8681341,8681341,8973976
8681686,8681686,8973976
8681743,8681743,8973976
8682434,8682434,8973976
8682481,8682481,8973976
8682660,8682660,8973976
8682773,8682773,8973976
8682819,8682819,8973976
8682946,8682946,8973976
8683111,8683111,8973976
8683116,8683116,8973976
8683140,8683140,8973976
8683425,8683425,8973976
8683512,8683512,8973976
8683796,8683796,8973976
8684049,8684049,8973976
8684410,8684410,8973976
8684416,8684416,8973976
8684522,8684522,8973976
8684774,8684774,8973976
8685021,8685021,8973976
8685343,8685343,8973976
8685823,8685823,8973976
8686326,8686326,8973976
8686448,8686448,8973976
8686788,8686788,8973976
8686835,8686835,8973976
8687333,8687333,8973976
8687375,8687375,8973976
8687460,8687460,8973976
8687748,8687748,8973976
8688017,8688017,8973976
8688017,8688017,8973976
8688151,8688151,8973976
8688183,8688183,8973976
8688219,8688219,8973976
8688327,8688327,8973976
8688526,8688526,8973976
8688542,8688542,8973976
8688753,8688753,8973976
8688956,8688956,8973976
8688958,8688958,8973976
8689205,8689205,8973976
8689312,8689312,8973976
8689586,8689586,8973976
8689622,8689622,8973976
8689905,8689905,8973976
8690039,8690039,8973976
8690041,8690041,8973976
8690478,8690478,8973976
8690699,8690699,8973976
8691220,8691220,8973976
8691683,8691683,8973976
8691925,8691925,8973976
8691981,8691981,8973976
8692121,8692121,8973976
8692240,8692240,8973976
8692717,8692717,8973976
8692939,8692939,8973976
8693033,8693033,8973976
8693338,8693338,8973976
8693458,8693458,8973976
8693693,8693693,8973976
8693804,8693804,8973976
8694410,8694410,8973976
8694586,8694586,8973976
8694748,8694748,8973976
8694802,8694802,8973976
8695025,8695025,8973976
8695393,8695393,8973976
8695651,8695651,8973976
8695775,8695775,8973976
8695887,8695887,8973976
8695985,8695985,8973976
8696012,8696012,8973976
8696060,8696060,8973976
8696936,8696936,8973976
8698301,8698301,8973976
8699128,8699128,8973976
8699956,8699956,8973976
8700138,8700138,8973976
8700147,8700147,8973976
8700284,8700284,8973976
8700567,8700567,8973976
8700645,8700645,8973976
8700687,8700687,8973976
8700847,8700847,8973976
8701288,8701288,8973976
8701481,8701481,8973976
8701640,8701640,8973976
8701665,8701665,8973976
8702598,8702598,8973976
8702864,8702864,8973976
8703407,8703407,8973976
8703418,8703418,8973976
8704503,8704503,8973976
8704571,8704571,8973976
8704681,8704681,8973976
8704732,8704732,8973976
8704750,8704750,8973976
8704803,8704803,8973976
8704995,8704995,8973976
8705284,8705284,8973976
8705589,8705589,8973976
8705706,8705706,8973976
8706173,8706173,8973976
8706847,8706847,8973976
8707207,8707207,8973976
8707428,8707428,8973976
8707546,8707546,8973976
8707819,8707819,8973976
8708163,8708163,8973976
8708193,8708193,8973976
8708288,8708288,8973976
8708566,8708566,8973976
8708683,8708683,8973976
8708708,8708708,8973976
8708884,8708884,8973976
8708928,8708928,8973976
8709023,8709023,8973976
8710463,8710463,8973976
8710967,8710967,8973976
8711507,8711507,8973976
8711530,8711530,8973976
8711571,8711571,8973976
8711572,8711572,8973976
8711717,8711717,8973976
8711891,8711891,8973976
8712050,8712050,8973976
8712343,8712343,8973976
8712389,8712389,8973976
8712591,8712591,8973976
8712749,8712749,8973976
8713367,8713367,8973976
8713384,8713384,8973976
8713454,8713454,8973976
8713922,8713922,8973976
8713982,8713982,8973976
8714444,8714444,8973976
8714686,8714686,8973976
8714960,8714960,8973976
8715070,8715070,8973976
8715652,8715652,8973976
8715710,8715710,8973976
8716126,8716126,8973976
8716129,8716129,8973976
8716200,8716200,8973976
8716396,8716396,8973976
8716525,8716525,8973976
8716681,8716681,8973976
8716747,8716747,8973976
8716841,8716841,8973976
8716870,8716870,8973976
8716964,8716964,8973976
8717068,8717068,8973976
8717126,8717126,8973976
8717127,8717127,8973976
8717346,8717346,8973976
8717408,8717408,8973976
8717431,8717431,8973976
8717704,8717704,8973976
8717958,8717958,8973976
8718007,8718007,8973976
8718365,8718365,8973976
8718457,8718457,8973976
8718483,8718483,8973976
8718500,8718500,8973976
8718539,8718539,8973976
8718595,8718595,8973976
8718912,8718912,8973976
8719073,8719073,8973976
8719208,8719208,8973976
8720042,8720042,8973976
8720079,8720079,8973976
8720195,8720195,8973976
8720201,8720201,8973976
8720847,8720847,8973976
8721016,8721016,8973976
8721218,8721218,8973976
8721346,8721346,8973976
8721369,8721369,8973976
8721586,8721586,8973976
8721598,8721598,8973976
8721784,8721784,8973976
8722624,8722624,8973976
8722850,8722850,8973976
8722923,8722923,8973976
8723130,8723130,8973976
8723163,8723163,8973976
8723309,8723309,8973976
8723471,8723471,8973976
8723754,8723754,8973976
8723799,8723799,8973976
8723943,8723943,8973976
8724421,8724421,8973976
8724558,8724558,8973976
8724763,8724763,8973976
8724952,8724952,8973976
8725404,8725404,8973976
8725840,8725840,8973976
8725981,8725981,8973976
8726080,8726080,8973976
8726119,8726119,8973976
8726141,8726141,8973976
8726144,8726144,8973976
8726257,8726257,8973976
8726293,8726293,8973976
8726438,8726438,8973976
8726766,8726766,8973976
8727045,8727045,8973976
8727155,8727155,8973976
8727251,8727251,8973976
8727352,8727352,8973976
8727553,8727553,8973976
8727569,8727569,8973976
8728836,8728836,8973976
8728933,8728933,8973976
8729123,8729123,8973976
8729242,8729242,8973976
8729247,8729247,8973976
8729253,8729253,8973976
8729337,8729337,8973976
8729860,8729860,8973976
8729922,8729922,8973976
8730165,8730165,8973976
8730392,8730392,8973976
8730460,8730460,8973976
8730782,8730782,8973976
8731097,8731097,8973976
8731287,8731287,8973976
8731417,8731417,8973976
8731510,8731510,8973976
8732097,8732097,8973976
8732596,8732596,8973976
8733222,8733222,8973976
8733762,8733762,8973976
8733933,8733933,8973976
8734303,8734303,8973976
8734312,8734312,8973976
8734500,8734500,8973976
8734509,8734509,8973976
8734646,8734646,8973976
8734779,8734779,8973976
8735108,8735108,8973976
8735749,8735749,8973976
8735755,8735755,8973976
8735793,8735793,8973976
8735805,8735805,8973976
8735864,8735864,8973976
8736062,8736062,8973976
8736124,8736124,8973976
8736306,8736306,8973976
8737183,8737183,8973976
8737221,8737221,8973976
8737544,8737544,8973976
8737680,8737680,8973976
8737828,8737828,8973976
8737873,8737873,8973976
8738288,8738288,8973976
8738363,8738363,8973976
8738659,8738659,8973976
8738805,8738805,8973976
8738807,8738807,8973976
8739181,8739181,8973976
8739183,8739183,8973976
8739356,8739356,8973976
8739381,8739381,8973976
8739419,8739419,8973976
8739484,8739484,8973976
8739780,8739780,8973976
8739963,8739963,8973976
8740006,8740006,8973976
8740258,8740258,8973976
8740480,8740480,8973976
8741301,8741301,8973976
8741423,8741423,8973976
8741583,8741583,8973976
8741999,8741999,8973976
8742080,8742080,8973976
8742121,8742121,8973976
8742337,8742337,8973976
8742408,8742408,8973976
8742415,8742415,8973976
8742441,8742441,8973976
8742450,8742450,8973976
8742453,8742453,8973976
8743157,8743157,8973976
8743464,8743464,8973976
8743488,8743488,8973976
8743861,8743861,8973976
8744014,8744014,8973976
8744035,8744035,8973976
8745121,8745121,8973976
8745193,8745193,8973976
8745197,8745197,8973976
8745269,8745269,8973976
8745445,8745445,8973976
8746098,8746098,8973976
8746149,8746149,8973976
8746186,8746186,8973976
8746202,8746202,8973976
8746221,8746221,8973976
8746276,8746276,8973976
8746540,8746540,8973976
8747045,8747045,8973976
8747801,8747801,8973976
8747926,8747926,8973976
8750292,8750292,8973976
8750553,8750553,8973976
8750800,8750800,8973976
8750867,8750867,8973976
8751216,8751216,8973976
8751583,8751583,8973976
8751703,8751703,8973976
8752317,8752317,8973976
8752368,8752368,8973976
8753177,8753177,8973976
8753341,8753341,8973976
8753876,8753876,8973976
8753948,8753948,8973976
8754423,8754423,8973976
8754879,8754879,8973976
8754900,8754900,8973976
8755203,8755203,8973976
8755383,8755383,8973976
8755551,8755551,8973976
8755847,8755847,8973976
8755986,8755986,8973976
8756509,8756509,8973976
8757281,8757281,8973976
8757483,8757483,8973976
8757981,8757981,8973976
8758552,8758552,8973976
8758832,8758832,8973976
8758866,8758866,8973976
8759181,8759181,8973976
8759246,8759246,8973976
8759537,8759537,8973976
8759547,8759547,8973976
8759762,8759762,8973976
8759832,8759832,8973976
8760920,8760920,8973976
8761004,8761004,8973976
8761195,8761195,8973976
8761211,8761211,8973976
8761716,8761716,8973976
8761751,8761751,8973976
8762169,8762169,8973976
8762298,8762298,8973976
8762759,8762759,8973976
8762810,8762810,8973976
8762931,8762931,8973976
8763088,8763088,8973976
8763127,8763127,8973976
8763191,8763191,8973976
8763398,8763398,8973976
8763465,8763465,8973976
8763521,8763521,8973976
8763565,8763565,8973976
8763695,8763695,8973976
8763926,8763926,8973976
8764061,8764061,8973976
8764107,8764107,8973976
8764255,8764255,8973976
8764303,8764303,8973976
8764596,8764596,8973976
8764897,8764897,8973976
8764934,8764934,8973976
8765157,8765157,8973976
8765266,8765266,8973976
8765519,8765519,8973976
8765605,8765605,8973976
8765856,8765856,8973976
8766016,8766016,8973976
8766119,8766119,8973976
8766181,8766181,8973976
8766252,8766252,8973976
8766455,8766455,8973976
8766609,8766609,8973976
8766747,8766747,8973976
8766876,8766876,8973976
8767417,8767417,8973976
8767618,8767618,8973976
8767729,8767729,8973976
8767729,8767729,8973976
8767802,8767802,8973976
8767802,8767802,8973976
8768398,8768398,8973976
8768459,8768459,8973976
8768559,8768559,8973976
8769781,8769781,8973976
8769897,8769897,8973976
8770072,8770072,8973976
8770108,8770108,8973976
8770160,8770160,8973976
8770180,8770180,8973976
8770604,8770604,8973976
8770784,8770784,8973976
8771114,8771114,8973976
8771484,8771484,8973976
8772000,8772000,8973976
8772391,8772391,8973976
8772486,8772486,8973976
8772514,8772514,8973976
8772701,8772701,8973976
8773207,8773207,8973976
8774060,8774060,8973976
8774120,8774120,8973976
8774195,8774195,8973976
8774274,8774274,8973976
8774449,8774449,8973976
8774471,8774471,8973976
8774748,8774748,8973976
8774785,8774785,8973976
8774840,8774840,8973976
8774943,8774943,8973976
8774955,8774955,8973976
8774982,8774982,8973976
8775572,8775572,8973976
8776329,8776329,8973976
8776653,8776653,8973976
8777373,8777373,8973976
8777412,8777412,8973976
8777455,8777455,8973976
8777917,8777917,8973976
8778053,8778053,8973976
8778208,8778208,8973976
8778318,8778318,8973976
8778601,8778601,8973976
8779195,8779195,8973976
8779690,8779690,8973976
8779785,8779785,8973976
8779790,8779790,8973976
8780153,8780153,8973976
8780965,8780965,8973976
8781093,8781093,8973976
8781112,8781112,8973976
8781138,8781138,8973976
8781147,8781147,8973976
8781354,8781354,8973976
8781546,8781546,8973976
8781621,8781621,8973976
8781704,8781704,8973976
8781717,8781717,8973976
8781940,8781940,8973976
8782225,8782225,8973976
8782673,8782673,8973976
8783687,8783687,8973976
8783868,8783868,8973976
8784467,8784467,8973976
8784504,8784504,8973976
8784609,8784609,8973976
8784698,8784698,8973976
8784753,8784753,8973976
8784878,8784878,8973976
8784975,8784975,8973976
8785606,8785606,8973976
8785646,8785646,8973976
8786077,8786077,8973976
8786396,8786396,8973976
8786446,8786446,8973976
8786600,8786600,8973976
8786616,8786616,8973976
8786731,8786731,8973976
8786875,8786875,8973976
8787009,8787009,8973976
8787406,8787406,8973976
8787614,8787614,8973976
8787644,8787644,8973976
8787834,8787834,8973976
8788096,8788096,8973976
8788119,8788119,8973976
8788167,8788167,8973976
8788242,8788242,8973976
8788608,8788608,8973976
8788877,8788877,8973976
8789275,8789275,8973976
8789718,8789718,8973976
8790258,8790258,8973976
8790671,8790671,8973976
8790898,8790898,8973976
8791315,8791315,8973976
8791521,8791521,8973976
8791613,8791613,8973976
8792004,8792004,8973976
8792111,8792111,8973976
8792279,8792279,8973976
8792280,8792280,8973976
8792608,8792608,8973976
8793123,8793123,8973976
8793863,8793863,8973976
8794601,8794601,8973976
8794680,8794680,8973976
8794779,8794779,8973976
8795303,8795303,8973976
8795374,8795374,8973976
8795395,8795395,8973976
8795675,8795675,8973976
8795711,8795711,8973976
8795996,8795996,8973976
8796332,8796332,8973976
8796410,8796410,8973976
8796788,8796788,8973976
8796963,8796963,8973976
8798287,8798287,8973976
8798308,8798308,8973976
8798324,8798324,8973976
8798391,8798391,8973976
8798812,8798812,8973976
8799281,8799281,8973976
8799608,8799608,8973976
8799670,8799670,8973976
8799808,8799808,8973976
8799829,8799829,8973976
8800046,8800046,8973976
8800647,8800647,8973976
8800765,8800765,8973976
8801141,8801141,8973976
8801508,8801508,8973976
8801700,8801700,8973976
8801753,8801753,8973976
8801771,8801771,8973976
8802427,8802427,8973976
8802929,8802929,8973976
8803082,8803082,8973976
8803154,8803154,8973976
8803653,8803653,8973976
8803659,8803659,8973976
8803820,8803820,8973976
8804195,8804195,8973976
8804232,8804232,8973976
8804284,8804284,8973976
8804517,8804517,8973976
8804715,8804715,8973976
8804882,8804882,8973976
8804973,8804973,8973976
8805102,8805102,8973976
8805512,8805512,8973976
8806077,8806077,8973976
8806162,8806162,8973976
8806202,8806202,8973976
8807530,8807530,8973976
8807875,8807875,8973976
8807921,8807921,8973976
8808041,8808041,8973976
8808048,8808048,8973976
8808450,8808450,8973976
8808491,8808491,8973976
8808534,8808534,8973976
8808632,8808632,8973976
8808695,8808695,8973976
8809042,8809042,8973976
8809289,8809289,8973976
8809332,8809332,8973976
8809449,8809449,8973976
8809957,8809957,8973976
8809985,8809985,8973976
8810027,8810027,8973976
8810028,8810028,8973976
8810354,8810354,8973976
8810568,8810568,8973976
8810629,8810629,8973976
8810865,8810865,8973976
8811305,8811305,8973976
8811345,8811345,8973976
8811357,8811357,8973976
8811395,8811395,8973976
8811906,8811906,8973976
8812402,8812402,8973976
8812425,8812425,8973976
8812916,8812916,8973976
8813125,8813125,8973976
8813258,8813258,8973976
8813344,8813344,8973976
8813715,8813715,8973976
8813994,8813994,8973976
8814063,8814063,8973976
8814495,8814495,8973976
8814638,8814638,8973976
8815124,8815124,8973976
8815142,8815142,8973976
8815197,8815197,8973976
8815214,8815214,8973976
8815512,8815512,8973976
8815780,8815780,8973976
8816019,8816019,8973976
8816281,8816281,8973976
8816326,8816326,8973976
8816367,8816367,8973976
8816543,8816543,8973976
8816867,8816867,8973976
8816973,8816973,8973976
8816974,8816974,8973976
8817072,8817072,8973976
8817225,8817225,8973976
8817351,8817351,8973976
8817837,8817837,8973976
8817966,8817966,8973976
8818075,8818075,8973976
8818413,8818413,8973976
8818447,8818447,8973976
8818483,8818483,8973976
8818677,8818677,8973976
8818789,8818789,8973976
8818832,8818832,8973976
8818918,8818918,8973976
8819207,8819207,8973976
8819300,8819300,8973976
8819413,8819413,8973976
8819417,8819417,8973976
8819509,8819509,8973976
8819781,8819781,8973976
8819803,8819803,8973976
8819967,8819967,8973976
8820108,8820108,8973976
8820126,8820126,8973976
8820291,8820291,8973976
8820316,8820316,8973976
8820486,8820486,8973976
8820628,8820628,8973976
8820645,8820645,8973976
8820934,8820934,8973976
8821203,8821203,8973976
8821485,8821485,8973976
8821513,8821513,8973976
8821540,8821540,8973976
8822227,8822227,8973976
8822904,8822904,8973976
8823034,8823034,8973976
8823227,8823227,8973976
8823530,8823530,8973976
8823666,8823666,8973976
8823877,8823877,8973976
8823885,8823885,8973976
8824329,8824329,8973976
8824386,8824386,8973976
8824387,8824387,8973976
8824481,8824481,8973976
8824629,8824629,8973976
8824853,8824853,8973976
8825168,8825168,8973976
8825338,8825338,8973976
8825420,8825420,8973976
8825831,8825831,8973976
8826026,8826026,8973976
8826454,8826454,8973976
8826994,8826994,8973976
8827090,8827090,8973976
8827274,8827274,8973976
8827384,8827384,8973976
8827458,8827458,8973976
8827689,8827689,8973976
8827850,8827850,8973976
8827995,8827995,8973976
8828001,8828001,8973976
8828535,8828535,8973976
8828598,8828598,8973976
8828654,8828654,8973976
8828673,8828673,8973976
8828933,8828933,8973976
8829100,8829100,8973976
8829231,8829231,8973976
8829824,8829824,8973976
8830250,8830250,8973976
8830409,8830409,8973976
8830708,8830708,8973976
8830871,8830871,8973976
8831798,8831798,8973976
8831909,8831909,8973976
8832575,8832575,8973976
8832653,8832653,8973976
8832842,8832842,8973976
8833003,8833003,8973976
8833183,8833183,8973976
8833360,8833360,8973976
8833521,8833521,8973976
8833811,8833811,8973976
8833882,8833882,8973976
8834201,8834201,8973976
8834739,8834739,8973976
8834800,8834800,8973976
8834857,8834857,8973976
8835029,8835029,8973976
8835459,8835459,8973976
8835782,8835782,8973976
8836117,8836117,8973976
8836549,8836549,8973976
8836702,8836702,8973976
8836736,8836736,8973976
8838005,8838005,8973976
8838304,8838304,8973976
8838576,8838576,8973976
8838610,8838610,8973976
8839250,8839250,8973976
8839427,8839427,8973976
8839895,8839895,8973976
8839992,8839992,8973976
8840007,8840007,8973976
8840063,8840063,8973976
8840076,8840076,8973976
8840114,8840114,8973976
8840471,8840471,8973976
8841157,8841157,8973976
8841859,8841859,8973976
8842020,8842020,8973976
8842196,8842196,8973976
8842308,8842308,8973976
8842397,8842397,8973976
8843333,8843333,8973976
8843809,8843809,8973976
8844326,8844326,8973976
8844718,8844718,8973976
8844785,8844785,8973976
8844865,8844865,8973976
8844888,8844888,8973976
8845162,8845162,8973976
8845305,8845305,8973976
8845443,8845443,8973976
8845536,8845536,8973976
8845639,8845639,8973976
8845839,8845839,8973976
8846272,8846272,8973976
8846336,8846336,8973976
8846481,8846481,8973976
8846502,8846502,8973976
8846632,8846632,8973976
8846782,8846782,8973976
8846822,8846822,8973976
8847071,8847071,8973976
8847931,8847931,8973976
8848251,8848251,8973976
8848925,8848925,8973976
8849765,8849765,8973976
8850074,8850074,8973976
8850125,8850125,8973976
8850302,8850302,8973976
8850352,8850352,8973976
8850583,8850583,8973976
8851175,8851175,8973976
8851190,8851190,8973976
8851659,8851659,8973976
8851711,8851711,8973976
8851726,8851726,8973976
8851957,8851957,8973976
8852177,8852177,8973976
8852205,8852205,8973976
8852325,8852325,8973976
8852491,8852491,8973976
8853126,8853126,8973976
8853554,8853554,8973976
8853839,8853839,8973976
8853943,8853943,8973976
8853984,8853984,8973976
8854213,8854213,8973976
8854344,8854344,8973976
8854360,8854360,8973976
8854811,8854811,8973976
8855828,8855828,8973976
8857184,8857184,8973976
8857395,8857395,8973976
8857458,8857458,8973976
8858018,8858018,8973976
8858371,8858371,8973976
8858621,8858621,8973976
8858756,8858756,8973976
8859071,8859071,8973976
8859799,8859799,8973976
8860276,8860276,8973976
8860687,8860687,8973976
8860691,8860691,8973976
8860735,8860735,8973976
8860766,8860766,8973976
8861180,8861180,8973976
8861321,8861321,8973976
8861796,8861796,8973976
8862323,8862323,8973976
8862586,8862586,8973976
8862883,8862883,8973976
8863423,8863423,8973976
8864345,8864345,8973976
8864468,8864468,8973976
8864549,8864549,8973976
8864948,8864948,8973976
8865204,8865204,8973976
8865255,8865255,8973976
8865270,8865270,8973976
8865358,8865358,8973976
8865646,8865646,8973976
8866239,8866239,8973976
8866289,8866289,8973976
8866665,8866665,8973976
8866916,8866916,8973976
8867012,8867012,8973976
8867048,8867048,8973976
8867099,8867099,8973976
8867390,8867390,8973976
8867788,8867788,8973976
8868035,8868035,8973976
8868164,8868164,8973976
8868471,8868471,8973976
8868594,8868594,8973976
8868896,8868896,8973976
8868947,8868947,8973976
8869013,8869013,8973976
8869025,8869025,8973976
8869437,8869437,8973976
8869519,8869519,8973976
8869535,8869535,8973976
8869618,8869618,8973976
8869649,8869649,8973976
8870070,8870070,8973976
8870136,8870136,8973976
8871036,8871036,8973976
8871436,8871436,8973976
8871734,8871734,8973976
8872024,8872024,8973976
8872217,8872217,8973976
8872685,8872685,8973976
8872978,8872978,8973976
8873274,8873274,8973976
8873364,8873364,8973976
8873380,8873380,8973976
8874117,8874117,8973976
8874155,8874155,8973976
8874350,8874350,8973976
8874750,8874750,8973976
8875066,8875066,8973976
8875219,8875219,8973976
8875579,8875579,8973976
8876147,8876147,8973976
8876307,8876307,8973976
8876406,8876406,8973976
8876419,8876419,8973976
8876442,8876442,8973976
8876796,8876796,8973976
8877118,8877118,8973976
8877158,8877158,8973976
8877162,8877162,8973976
8877252,8877252,8973976
8877706,8877706,8973976
8878125,8878125,8973976
8878138,8878138,8973976
8878196,8878196,8973976
8878650,8878650,8973976
8878683,8878683,8973976
8878736,8878736,8973976
8878866,8878866,8973976
8878999,8878999,8973976
8879526,8879526,8973976
8880071,8880071,8973976
8880451,8880451,8973976
8880617,8880617,8973976
8880852,8880852,8973976
8881019,8881019,8973976
8881644,8881644,8973976
8881723,8881723,8973976
8881932,8881932,8973976
8881942,8881942,8973976
8882767,8882767,8973976
8883293,8883293,8973976
8883380,8883380,8973976
8883548,8883548,8973976
8883560,8883560,8973976
8884317,8884317,8973976
8884721,8884721,8973976
8884862,8884862,8973976
8885051,8885051,8973976
8885727,8885727,8973976
8886111,8886111,8973976
8886149,8886149,8973976
8886317,8886317,8973976
8886788,8886788,8973976
8887125,8887125,8973976
8887294,8887294,8973976
8887414,8887414,8973976
8888718,8888718,8973976
8889074,8889074,8973976
8889083,8889083,8973976
8889118,8889118,8973976
8889857,8889857,8973976
8889947,8889947,8973976
8890001,8890001,8973976
8890672,8890672,8973976
8890823,8890823,8973976
8891231,8891231,8973976
8891691,8891691,8973976
8891911,8891911,8973976
8891929,8891929,8973976
8892082,8892082,8973976
8892265,8892265,8973976
8892311,8892311,8973976
8892382,8892382,8973976
8893440,8893440,8973976
8893654,8893654,8973976
8893693,8893693,8973976
8894026,8894026,8973976
8894030,8894030,8973976
8894206,8894206,8973976
8894261,8894261,8973976
8894508,8894508,8973976
8895116,8895116,8973976
8895137,8895137,8973976
8895545,8895545,8973976
8895592,8895592,8973976
8895830,8895830,8973976
8895922,8895922,8973976
8896071,8896071,8973976
8896240,8896240,8973976
8896570,8896570,8973976
8896620,8896620,8973976
8896877,8896877,8973976
8896889,8896889,8973976
8896940,8896940,8973976
8896956,8896956,8973976
8897752,8897752,8973976
8897955,8897955,8973976
8898104,8898104,8973976
8898309,8898309,8973976
8898426,8898426,8973976
8898566,8898566,8973976
8898712,8898712,8973976
8899566,8899566,8973976
8899706,8899706,8973976
8900088,8900088,8973976
8900165,8900165,8973976
8900861,8900861,8973976
8901625,8901625,8973976
8901666,8901666,8973976
8901714,8901714,8973976
8901824,8901824,8973976
8901896,8901896,8973976
8902485,8902485,8973976
8902724,8902724,8973976
8903062,8903062,8973976
8903237,8903237,8973976
8903387,8903387,8973976
8903901,8903901,8973976
8904158,8904158,8973976
8904452,8904452,8973976
8904684,8904684,8973976
8904985,8904985,8973976
8905183,8905183,8973976
8905302,8905302,8973976
8905324,8905324,8973976
8905350,8905350,8973976
8905645,8905645,8973976
8905960,8905960,8973976
8906331,8906331,8973976
8906483,8906483,8973976
8907106,8907106,8973976
8907285,8907285,8973976
8907342,8907342,8973976
8907595,8907595,8973976
8907656,8907656,8973976
8907839,8907839,8973976
8907908,8907908,8973976
8908571,8908571,8973976
8909079,8909079,8973976
8909125,8909125,8973976
8909220,8909220,8973976
8909628,8909628,8973976
8909827,8909827,8973976
8910460,8910460,8973976
8910709,8910709,8973976
8910725,8910725,8973976
8910785,8910785,8973976
8910806,8910806,8973976
8911051,8911051,8973976
8911117,8911117,8973976
8911521,8911521,8973976
8911554,8911554,8973976
8911671,8911671,8973976
8911693,8911693,8973976
8911759,8911759,8973976
8911764,8911764,8973976
8911881,8911881,8973976
8912034,8912034,8973976
8912085,8912085,8973976
8912245,8912245,8973976
8912773,8912773,8973976
8913074,8913074,8973976
8913218,8913218,8973976
8913711,8913711,8973976
8913736,8913736,8973976
8913791,8913791,8973976
8914049,8914049,8973976
8914146,8914146,8973976
8914809,8914809,8973976
8915062,8915062,8973976
8915290,8915290,8973976
8915870,8915870,8973976
8915897,8915897,8973976
8915929,8915929,8973976
8916005,8916005,8973976
8916364,8916364,8973976
8916447,8916447,8973976
8916473,8916473,8973976
8916638,8916638,8973976
8916709,8916709,8973976
8916821,8916821,8973976
8916828,8916828,8973976
8916851,8916851,8973976
8917076,8917076,8973976
8917144,8917144,8973976
8917244,8917244,8973976
8918166,8918166,8973976
8918454,8918454,8973976
8918564,8918564,8973976
8918760,8918760,8973976
8919234,8919234,8973976
8919405,8919405,8973976
8919970,8919970,8973976
8921127,8921127,8973976
8921234,8921234,8973976
8921535,8921535,8973976
8921538,8921538,8973976
8921791,8921791,8973976
8921887,8921887,8973976
8922559,8922559,8973976
8922835,8922835,8973976
8922851,8922851,8973976
8922857,8922857,8973976
8923186,8923186,8973976
8924118,8924118,8973976
8924257,8924257,8973976
8924453,8924453,8973976
8924647,8924647,8973976
8925160,8925160,8973976
8925505,8925505,8973976
8926130,8926130,8973976
8926271,8926271,8973976
8926353,8926353,8973976
8926756,8926756,8973976
8926774,8926774,8973976
8926818,8926818,8973976
8926835,8926835,8973976
8926932,8926932,8973976
8927482,8927482,8973976
8927777,8927777,8973976
8927986,8927986,8973976
8928075,8928075,8973976
8928114,8928114,8973976
8928489,8928489,8973976
8928764,8928764,8973976
8929056,8929056,8973976
8929075,8929075,8973976
8929127,8929127,8973976
8929190,8929190,8973976
8929277,8929277,8973976
8929640,8929640,8973976
8929659,8929659,8973976
8930157,8930157,8973976
8930158,8930158,8973976
8930260,8930260,8973976
8930536,8930536,8973976
8930741,8930741,8973976
8930766,8930766,8973976
8930827,8930827,8973976
8931273,8931273,8973976
8931415,8931415,8973976
8931428,8931428,8973976
8931837,8931837,8973976
8931839,8931839,8973976
8931909,8931909,8973976
8931956,8931956,8973976
8932275,8932275,8973976
8932711,8932711,8973976
8932731,8932731,8973976
8932896,8932896,8973976
8932958,8932958,8973976
8933113,8933113,8973976
8933113,8933113,8973976
8933152,8933152,8973976
8933374,8933374,8973976
8933583,8933583,8973976
8933834,8933834,8973976
8933885,8933885,8973976
8934102,8934102,8973976
8934253,8934253,8973976
8934255,8934255,8973976
8934472,8934472,8973976
8934493,8934493,8973976
8935071,8935071,8973976
8935351,8935351,8973976
8936553,8936553,8973976
8936604,8936604,8973976
8937017,8937017,8973976
8937163,8937163,8973976
8937291,8937291,8973976
8937510,8937510,8973976
8937841,8937841,8973976
8938146,8938146,8973976
8938176,8938176,8973976
8938284,8938284,8973976
8938438,8938438,8973976
8939236,8939236,8973976
8939275,8939275,8973976
8939331,8939331,8973976
8939564,8939564,8973976
8939853,8939853,8973976
8940215,8940215,8973976
8940448,8940448,8973976
8940681,8940681,8973976
8940911,8940911,8973976
8941169,8941169,8973976
8941319,8941319,8973976
8941407,8941407,8973976
8941569,8941569,8973976
8941581,8941581,8973976
8941755,8941755,8973976
8942022,8942022,8973976
8942459,8942459,8973976
8942469,8942469,8973976
8942702,8942702,8973976
8942875,8942875,8973976
8943057,8943057,8973976
8943195,8943195,8973976
8943584,8943584,8973976
8943876,8943876,8973976
8944146,8944146,8973976
8944630,8944630,8973976
8944737,8944737,8973976
8944990,8944990,8973976
8945327,8945327,8973976
8945421,8945421,8973976
8946180,8946180,8973976
8946210,8946210,8973976
8946463,8946463,8973976
8946521,8946521,8973976
8946603,8946603,8973976
8946907,8946907,8973976
8947106,8947106,8973976
8947177,8947177,8973976
8947735,8947735,8973976
8947884,8947884,8973976
8948713,8948713,8973976
8948892,8948892,8973976
8949070,8949070,8973976
8949361,8949361,8973976
8949627,8949627,8973976
8949855,8949855,8973976
8950673,8950673,8973976
8951100,8951100,8973976
8951393,8951393,8973976
8951428,8951428,8973976
8951736,8951736,8973976
8951891,8951891,8973976
8952051,8952051,8973976
8952361,8952361,8973976
8953080,8953080,8973976
8953351,8953351,8973976
8953414,8953414,8973976
8954239,8954239,8973976
8954684,8954684,8973976
8954781,8954781,8973976
8955009,8955009,8973976
8955131,8955131,8973976
8955191,8955191,8973976
8955339,8955339,8973976
8955704,8955704,8973976
8955876,8955876,8973976
8956107,8956107,8973976
8956593,8956593,8973976
8956712,8956712,8973976
8956977,8956977,8973976
8957097,8957097,8973976
8957528,8957528,8973976
8958381,8958381,8973976
8958385,8958385,8973976
8958483,8958483,8973976
8958581,8958581,8973976
8959032,8959032,8973976
8959049,8959049,8973976
8959221,8959221,8973976
8959944,8959944,8973976
8960459,8960459,8973976
8960951,8960951,8973976
8961749,8961749,8973976
8961776,8961776,8973976
8962071,8962071,8973976
8962204,8962204,8973976
8962286,8962286,8973976
8962314,8962314,8973976
8962496,8962496,8973976
8962590,8962590,8973976
8962593,8962593,8973976
8962612,8962612,8973976
8962663,8962663,8973976
8962856,8962856,8973976
8962917,8962917,8973976
8963045,8963045,8973976
8963078,8963078,8973976
8963352,8963352,8973976
8963418,8963418,8973976
8963681,8963681,8973976
8963837,8963837,8973976
8963953,8963953,8973976
8964231,8964231,8973976
8964316,8964316,8973976
8964580,8964580,8973976
8965062,8965062,8973976
8965236,8965236,8973976
8965594,8965594,8973976
8965677,8965677,8973976
8965804,8965804,8973976
8966006,8966006,8973976
8966484,8966484,8973976
8966841,8966841,8973976
8966845,8966845,8973976
8967042,8967042,8973976
8967250,8967250,8973976
8967264,8967264,8973976
8967456,8967456,8973976
8967500,8967500,8973976
8967520,8967520,8973976
8967741,8967741,8973976
8968373,8968373,8973976
8969183,8969183,8973976
8969421,8969421,8973976
8969704,8969704,8973976
8970220,8970220,8973976
8970512,8970512,8973976
8970539,8970539,8973976
8970828,8970828,8973976
8971021,8971021,8973976
8971031,8971031,8973976
8971077,8971077,8973976
8971591,8971591,8973976
8971601,8971601,8973976
8971694,8971694,8973976
8972268,8972268,8973976
8972280,8972280,8973976
8972555,8972555,8973976
8972640,8972640,8973976
8972783,8972783,8973976
8972817,8972817,8973976
8972993,8972993,8973976
8973013,8973013,8973976
8973057,8973057,8973976
8973589,8973589,8973976
8973628,8973628,8973976
8973754,8973754,8973976
8973816,8973816,8973976
8973826,8973826,8973976
8973911,8973911,8973976
8973955,8973955,8973976
8974096,8974096,9945601
8974208,8974208,9945601
8974708,8974708,9945601
8974761,8974761,9945601
8974777,8974777,9945601
8975275,8975275,9945601
8975457,8975457,9945601
8975549,8975549,9945601
8976051,8976051,9945601
8976072,8976072,9945601
8976231,8976231,9945601
8976562,8976562,9945601
8976583,8976583,9945601
8976688,8976688,9945601
8976876,8976876,9945601
8976882,8976882,9945601
8976943,8976943,9945601
8976964,8976964,9945601
8977223,8977223,9945601
8977312,8977312,9945601
8977447,8977447,9945601
8977614,8977614,9945601
8977844,8977844,9945601
8978440,8978440,9945601
8978724,8978724,9945601
8978794,8978794,9945601
8978804,8978804,9945601
8978869,8978869,9945601
8979227,8979227,9945601
8979628,8979628,9945601
8979707,8979707,9945601
8980229,8980229,9945601
8980598,8980598,9945601
8981066,8981066,9945601
8982268,8982268,9945601
8982981,8982981,9945601
8983198,8983198,9945601
8983275,8983275,9945601
8983372,8983372,9945601
8983445,8983445,9945601
8983516,8983516,9945601
8983740,8983740,9945601
8983948,8983948,9945601
8984487,8984487,9945601
8984753,8984753,9945601
8984762,8984762,9945601
8984772,8984772,9945601
8985357,8985357,9945601
8985422,8985422,9945601
8985859,8985859,9945601
8985940,8985940,9945601
8985950,8985950,9945601
8986380,8986380,9945601
8986454,8986454,9945601
8986573,8986573,9945601
8987132,8987132,9945601
8987425,8987425,9945601
8987654,8987654,9945601
8987723,8987723,9945601
8988132,8988132,9945601
8988231,8988231,9945601
8988450,8988450,9945601
8988943,8988943,9945601
8989575,8989575,9945601
8989683,8989683,9945601
8989997,8989997,9945601
8990854,8990854,9945601
8991088,8991088,9945601
8991298,8991298,9945601
8991566,8991566,9945601
8991855,8991855,9945601
8991920,8991920,9945601
8991920,8991920,9945601
8993252,8993252,9945601
8993340,8993340,9945601
8993370,8993370,9945601
8993421,8993421,9945601
8993824,8993824,9945601
8993840,8993840,9945601
8993875,8993875,9945601
8994134,8994134,9945601
8994226,8994226,9945601
8994580,8994580,9945601
8994758,8994758,9945601
8994784,8994784,9945601
8994791,8994791,9945601
8995058,8995058,9945601
8995219,8995219,9945601
8995229,8995229,9945601
8995260,8995260,9945601
8995656,8995656,9945601
8995741,8995741,9945601
8996111,8996111,9945601
8996149,8996149,9945601
8996443,8996443,9945601
8996626,8996626,9945601
8997107,8997107,9945601
8997447,8997447,9945601
8997501,8997501,9945601
8997614,8997614,9945601
8997649,8997649,9945601
8997654,8997654,9945601
8997707,8997707,9945601
8998206,8998206,9945601
8998208,8998208,9945601
8998250,8998250,9945601
8998454,8998454,9945601
8998710,8998710,9945601
8998733,8998733,9945601
8998740,8998740,9945601
8998995,8998995,9945601
8999107,8999107,9945601
8999146,8999146,9945601
8999249,8999249,9945601
8999485,8999485,9945601
8999548,8999548,9945601
8999646,8999646,9945601
8999714,8999714,9945601
8999720,8999720,9945601
8999770,8999770,9945601
8999954,8999954,9945601
9000046,9000046,9945601
9000072,9000072,9945601
9000344,9000344,9945601
9000501,9000501,9945601
9000585,9000585,9945601
9000813,9000813,9945601
9001531,9001531,9945601
9001565,9001565,9945601
9002022,9002022,9945601
9002197,9002197,9945601
9002719,9002719,9945601
9002837,9002837,9945601
9003371,9003371,9945601
9003469,9003469,9945601
9003743,9003743,9945601
9004506,9004506,9945601
9004538,9004538,9945601
9004878,9004878,9945601
9005121,9005121,9945601
9005301,9005301,9945601
9005610,9005610,9945601
9005717,9005717,9945601
9005963,9005963,9945601
9006082,9006082,9945601
9006128,9006128,9945601
9006314,9006314,9945601
9006391,9006391,9945601
9006659,9006659,9945601
9006683,9006683,9945601
9006936,9006936,9945601
9007042,9007042,9945601
9007156,9007156,9945601
9007309,9007309,9945601
9007336,9007336,9945601
9007452,9007452,9945601
9007617,9007617,9945601
9007720,9007720,9945601
9007872,9007872,9945601
9008051,9008051,9945601
9008206,9008206,9945601
9008616,9008616,9945601
9009296,9009296,9945601
9009849,9009849,9945601
9010088,9010088,9945601
9010817,9010817,9945601
9011071,9011071,9945601
9011209,9011209,9945601
9011390,9011390,9945601
9011608,9011608,9945601
9011755,9011755,9945601
9012028,9012028,9945601
9012555,9012555,9945601
9012746,9012746,9945601
9012836,9012836,9945601
9013203,9013203,9945601
9013300,9013300,9945601
9013653,9013653,9945601
9013696,9013696,9945601
9014299,9014299,9945601
9014352,9014352,9945601
9014586,9014586,9945601
9014780,9014780,9945601
9014811,9014811,9945601
9015129,9015129,9945601
9015871,9015871,9945601
9015879,9015879,9945601
9016111,9016111,9945601
9016589,9016589,9945601
9016603,9016603,9945601
9016744,9016744,9945601
9017487,9017487,9945601
9017732,9017732,9945601
9017979,9017979,9945601
9018764,9018764,9945601
9018815,9018815,9945601
9019141,9019141,9945601
9019239,9019239,9945601
9019371,9019371,9945601
9019790,9019790,9945601
9020357,9020357,9945601
9020371,9020371,9945601
9020745,9020745,9945601
9020890,9020890,9945601
9021260,9021260,9945601
9021418,9021418,9945601
9021728,9021728,9945601
9021783,9021783,9945601
9022175,9022175,9945601
9022885,9022885,9945601
9022992,9022992,9945601
9023017,9023017,9945601
9023163,9023163,9945601
9023548,9023548,9945601
9024760,9024760,9945601
9025516,9025516,9945601
9025940,9025940,9945601
9026093,9026093,9945601
9026133,9026133,9945601
9026286,9026286,9945601
9026341,9026341,9945601
9026452,9026452,9945601
9026566,9026566,9945601
9026609,9026609,9945601
9027116,9027116,9945601
9027143,9027143,9945601
9027199,9027199,9945601
9027274,9027274,9945601
9027859,9027859,9945601
9028084,9028084,9945601
9028309,9028309,9945601
9028448,9028448,9945601
9028557,9028557,9945601
9028754,9028754,9945601
9028893,9028893,9945601
9029422,9029422,9945601
9029437,9029437,9945601
9029712,9029712,9945601
9030437,9030437,9945601
9030686,9030686,9945601
9030724,9030724,9945601
9031323,9031323,9945601
9031458,9031458,9945601
9031460,9031460,9945601
9031725,9031725,9945601
9031925,9031925,9945601
9031934,9031934,9945601
9031949,9031949,9945601
9032066,9032066,9945601
9032106,9032106,9945601
9032502,9032502,9945601
9033805,9033805,9945601
9034058,9034058,9945601
9034558,9034558,9945601
9034728,9034728,9945601
9035088,9035088,9945601
9035150,9035150,9945601
9035217,9035217,9945601
9035365,9035365,9945601
9035784,9035784,9945601
9035798,9035798,9945601
9036046,9036046,9945601
9037136,9037136,9945601
9037266,9037266,9945601
9037757,9037757,9945601
9037972,9037972,9945601
9038103,9038103,9945601
9038551,9038551,9945601
9039156,9039156,9945601
9039273,9039273,9945601
9039611,9039611,9945601
9039790,9039790,9945601
9039910,9039910,9945601
9040222,9040222,9945601
9040302,9040302,9945601
9040500,9040500,9945601
9040789,9040789,9945601
9040995,9040995,9945601
9041263,9041263,9945601
9041414,9041414,9945601
9041574,9041574,9945601
9041695,9041695,9945601
9041779,9041779,9945601
9041806,9041806,9945601
9042257,9042257,9945601
9042994,9042994,9945601
9043412,9043412,9945601
9043587,9043587,9945601
9043857,9043857,9945601
9044054,9044054,9945601
9044151,9044151,9945601
9045387,9045387,9945601
9045401,9045401,9945601
9045689,9045689,9945601
9046129,9046129,9945601
9046685,9046685,9945601
9048100,9048100,9945601
9048224,9048224,9945601
9048434,9048434,9945601
9049076,9049076,9945601
9049172,9049172,9945601
9049426,9049426,9945601
9049468,9049468,9945601
9049470,9049470,9945601
9049569,9049569,9945601
9049616,9049616,9945601
9049630,9049630,9945601
9049897,9049897,9945601
9050182,9050182,9945601
9050243,9050243,9945601
9050378,9050378,9945601
9050888,9050888,9945601
9051358,9051358,9945601
9052062,9052062,9945601
9052523,9052523,9945601
9052632,9052632,9945601
9052881,9052881,9945601
9052962,9052962,9945601
9053294,9053294,9945601
9053376,9053376,9945601
9053451,9053451,9945601
9053475,9053475,9945601
9053890,9053890,9945601
9053942,9053942,9945601
9054221,9054221,9945601
9054606,9054606,9945601
9055072,9055072,9945601
9055203,9055203,9945601
9055402,9055402,9945601
9055437,9055437,9945601
9055507,9055507,9945601
9055659,9055659,9945601
9055709,9055709,9945601
9055827,9055827,9945601
9056186,9056186,9945601
9056384,9056384,9945601
9056601,9056601,9945601
9056758,9056758,9945601
9057087,9057087,9945601
9057090,9057090,9945601
9057276,9057276,9945601
9057840,9057840,9945601
9058370,9058370,9945601
9058938,9058938,9945601
9059429,9059429,9945601
9059612,9059612,9945601
9059978,9059978,9945601
9060230,9060230,9945601
9060324,9060324,9945601
9060334,9060334,9945601
9060372,9060372,9945601
9060764,9060764,9945601
9060824,9060824,9945601
9060872,9060872,9945601
9061706,9061706,9945601
9061906,9061906,9945601
9062155,9062155,9945601
9062873,9062873,9945601
9063030,9063030,9945601
9063424,9063424,9945601
9063529,9063529,9945601
9063712,9063712,9945601
9063740,9063740,9945601
9063894,9063894,9945601
9063927,9063927,9945601
9064229,9064229,9945601
9065055,9065055,9945601
9065214,9065214,9945601
9065298,9065298,9945601
9065571,9065571,9945601
9065670,9065670,9945601
9065786,9065786,9945601
9065811,9065811,9945601
9066251,9066251,9945601
9066291,9066291,9945601
9066736,9066736,9945601
9066787,9066787,9945601
9066910,9066910,9945601
9067097,9067097,9945601
9067435,9067435,9945601
9067605,9067605,9945601
9068072,9068072,9945601
9068509,9068509,9945601
9068554,9068554,9945601
9068763,9068763,9945601
9068818,9068818,9945601
9069207,9069207,9945601
9069242,9069242,9945601
9069542,9069542,9945601
9069678,9069678,9945601
9070117,9070117,9945601
9070172,9070172,9945601
9070626,9070626,9945601
9070911,9070911,9945601
9071099,9071099,9945601
9071287,9071287,9945601
9071678,9071678,9945601
9072397,9072397,9945601
9072960,9072960,9945601
9072997,9072997,9945601
9073024,9073024,9945601
9074106,9074106,9945601
9074289,9074289,9945601
9074331,9074331,9945601
9074391,9074391,9945601
9074895,9074895,9945601
9074989,9074989,9945601
9075240,9075240,9945601
9075592,9075592,9945601
9075638,9075638,9945601
9075974,9075974,9945601
9076309,9076309,9945601
9076687,9076687,9945601
9076800,9076800,9945601
9076856,9076856,9945601
9077155,9077155,9945601
9077316,9077316,9945601
9077368,9077368,9945601
9077630,9077630,9945601
9077801,9077801,9945601
9077958,9077958,9945601
9078205,9078205,9945601
9078302,9078302,9945601
9078450,9078450,9945601
9078602,9078602,9945601
9078797,9078797,9945601
9078958,9078958,9945601
9079355,9079355,9945601
9079461,9079461,9945601
9079672,9079672,9945601
9079711,9079711,9945601
9079724,9079724,9945601
9079750,9079750,9945601
9079865,9079865,9945601
9080035,9080035,9945601
9080986,9080986,9945601
9081188,9081188,9945601
9081736,9081736,9945601
9081800,9081800,9945601
9082816,9082816,9945601
9082846,9082846,9945601
9082959,9082959,9945601
9083027,9083027,9945601
9083186,9083186,9945601
9083238,9083238,9945601
9083619,9083619,9945601
9084303,9084303,9945601
9084341,9084341,9945601
9084679,9084679,9945601
9084820,9084820,9945601
9084890,9084890,9945601
9085219,9085219,9945601
9085475,9085475,9945601
9086186,9086186,9945601
9086238,9086238,9945601
9086874,9086874,9945601
9086936,9086936,9945601
9086997,9086997,9945601
9087017,9087017,9945601
9087376,9087376,9945601
9087434,9087434,9945601
9088704,9088704,9945601
9088714,9088714,9945601
9089217,9089217,9945601
9089223,9089223,9945601
9089384,9089384,9945601
9089637,9089637,9945601
9090022,9090022,9945601
9090105,9090105,9945601
9090605,9090605,9945601
9090743,9090743,9945601
9090958,9090958,9945601
9091523,9091523,9945601
9091736,9091736,9945601
9091806,9091806,9945601
9091866,9091866,9945601
9092171,9092171,9945601
9092177,9092177,9945601
9092224,9092224,9945601
9092852,9092852,9945601
9093211,9093211,9945601
9093535,9093535,9945601
9093607,9093607,9945601
9094036,9094036,9945601
9094156,9094156,9945601
9094253,9094253,9945601
9094839,9094839,9945601
9094841,9094841,9945601
9095183,9095183,9945601
9095260,9095260,9945601
9095546,9095546,9945601
9095761,9095761,9945601
9095881,9095881,9945601
9096002,9096002,9945601
9096017,9096017,9945601
9096218,9096218,9945601
9096285,9096285,9945601
9096312,9096312,9945601
9096453,9096453,9945601
9096683,9096683,9945601
9096689,9096689,9945601
9096795,9096795,9945601
9096984,9096984,9945601
9097001,9097001,9945601
9097023,9097023,9945601
9097075,9097075,9945601
9097272,9097272,9945601
9097386,9097386,9945601
9097471,9097471,9945601
9097544,9097544,9945601
9097616,9097616,9945601
9097886,9097886,9945601
9098982,9098982,9945601
9098989,9098989,9945601
9099088,9099088,9945601
9099387,9099387,9945601
9099607,9099607,9945601
9100025,9100025,9945601
9100302,9100302,9945601
9100319,9100319,9945601
9100413,9100413,9945601
9100622,9100622,9945601
9100723,9100723,9945601
9101918,9101918,9945601
9102722,9102722,9945601
9102900,9102900,9945601
9103180,9103180,9945601
9103243,9103243,9945601
9103753,9103753,9945601
9104001,9104001,9945601
9104110,9104110,9945601
9104441,9104441,9945601
9104505,9104505,9945601
9104600,9104600,9945601
9104640,9104640,9945601
9104975,9104975,9945601
9105135,9105135,9945601
9105963,9105963,9945601
9106441,9106441,9945601
9107065,9107065,9945601
9107130,9107130,9945601
9107363,9107363,9945601
9107677,9107677,9945601
9108062,9108062,9945601
9108115,9108115,9945601
9108315,9108315,9945601
9108453,9108453,9945601
9108942,9108942,9945601
9109220,9109220,9945601
9109448,9109448,9945601
9109572,9109572,9945601
9109616,9109616,9945601
9109929,9109929,9945601
9110394,9110394,9945601
9110637,9110637,9945601
9110943,9110943,9945601
9111046,9111046,9945601
9111132,9111132,9945601
9111555,9111555,9945601
9112620,9112620,9945601
9112780,9112780,9945601
9112842,9112842,9945601
9112896,9112896,9945601
9112919,9112919,9945601
9113009,9113009,9945601
9113111,9113111,9945601
9113319,9113319,9945601
9113807,9113807,9945601
9114186,9114186,9945601
9114881,9114881,9945601
9114956,9114956,9945601
9115120,9115120,9945601
9115439,9115439,9945601
9115497,9115497,9945601
9115696,9115696,9945601
9115973,9115973,9945601
9115979,9115979,9945601
9116669,9116669,9945601
9116703,9116703,9945601
9117061,9117061,9945601
9117122,9117122,9945601
9117209,9117209,9945601
9117259,9117259,9945601
9117897,9117897,9945601
9117912,9117912,9945601
9118080,9118080,9945601
9118561,9118561,9945601
9118692,9118692,9945601
9118703,9118703,9945601
9118786,9118786,9945601
9119018,9119018,9945601
9119257,9119257,9945601
9119396,9119396,9945601
9119511,9119511,9945601
9119555,9119555,9945601
9119658,9119658,9945601
9119747,9119747,9945601
9119780,9119780,9945601
9119922,9119922,9945601
9120108,9120108,9945601
9120250,9120250,9945601
9120709,9120709,9945601
9121032,9121032,9945601
9121138,9121138,9945601
9121490,9121490,9945601
9122185,9122185,9945601
9122201,9122201,9945601
9122314,9122314,9945601
9123047,9123047,9945601
9123078,9123078,9945601
9124555,9124555,9945601
9125354,9125354,9945601
9125370,9125370,9945601
9125530,9125530,9945601
9125672,9125672,9945601
9125921,9125921,9945601
9125928,9125928,9945601
9126171,9126171,9945601
9126182,9126182,9945601
9126223,9126223,9945601
9126256,9126256,9945601
9126442,9126442,9945601
9126639,9126639,9945601
9126858,9126858,9945601
9127273,9127273,9945601
9127324,9127324,9945601
9127524,9127524,9945601
9127897,9127897,9945601
9128193,9128193,9945601
9128297,9128297,9945601
9128427,9128427,9945601
9128560,9128560,9945601
9128900,9128900,9945601
9129143,9129143,9945601
9129256,9129256,9945601
9129471,9129471,9945601
9129731,9129731,9945601
9129732,9129732,9945601
9129740,9129740,9945601
9130130,9130130,9945601
9130243,9130243,9945601
9130531,9130531,9945601
9130777,9130777,9945601
9130822,9130822,9945601
9131150,9131150,9945601
9131413,9131413,9945601
9131712,9131712,9945601
9131744,9131744,9945601
9131825,9131825,9945601
9131848,9131848,9945601
9131969,9131969,9945601
9132086,9132086,9945601
9132438,9132438,9945601
9132440,9132440,9945601
9132656,9132656,9945601
9132838,9132838,9945601
9133187,9133187,9945601
9133616,9133616,9945601
9133775,9133775,9945601
9133906,9133906,9945601
9134180,9134180,9945601
9134337,9134337,9945601
9134454,9134454,9945601
9134665,9134665,9945601
9134675,9134675,9945601
9134711,9134711,9945601
9134894,9134894,9945601
9134978,9134978,9945601
9135161,9135161,9945601
9135386,9135386,9945601
9135720,9135720,9945601
9135737,9135737,9945601
9135906,9135906,9945601
9136439,9136439,9945601
9136601,9136601,9945601
9137258,9137258,9945601
9137663,9137663,9945601
9137688,9137688,9945601
9137702,9137702,9945601
9137855,9137855,9945601
9138662,9138662,9945601
9138917,9138917,9945601
9138968,9138968,9945601
9139082,9139082,9945601
9139170,9139170,9945601
9139256,9139256,9945601
9139967,9139967,9945601
9140311,9140311,9945601
9140372,9140372,9945601
9140741,9140741,9945601
9141017,9141017,9945601
9141339,9141339,9945601
9141376,9141376,9945601
9141380,9141380,9945601
9142112,9142112,9945601
9142382,9142382,9945601
9143428,9143428,9945601
9143461,9143461,9945601
9143501,9143501,9945601
9143592,9143592,9945601
9143654,9143654,9945601
9143785,9143785,9945601
9143999,9143999,9945601
9144212,9144212,9945601
9144628,9144628,9945601
9144784,9144784,9945601
9145416,9145416,9945601
9145478,9145478,9945601
9145670,9145670,9945601
9145925,9145925,9945601
9146077,9146077,9945601
9146244,9146244,9945601
9146356,9146356,9945601
9146539,9146539,9945601
9146824,9146824,9945601
9147064,9147064,9945601
9147123,9147123,9945601
9147747,9147747,9945601
9148009,9148009,9945601
9148343,9148343,9945601
9148368,9148368,9945601
9148533,9148533,9945601
9148559,9148559,9945601
9148639,9148639,9945601
9148661,9148661,9945601
9149023,9149023,9945601
9149153,9149153,9945601
9149187,9149187,9945601
9149292,9149292,9945601
9149326,9149326,9945601
9149393,9149393,9945601
9149904,9149904,9945601
9150125,9150125,9945601
9150258,9150258,9945601
9150385,9150385,9945601
9150414,9150414,9945601
9150641,9150641,9945601
9150702,9150702,9945601
9150941,9150941,9945601
9151676,9151676,9945601
9151834,9151834,9945601
9151835,9151835,9945601
9151959,9151959,9945601
9152047,9152047,9945601
9152700,9152700,9945601
9152805,9152805,9945601
9154129,9154129,9945601
9154214,9154214,9945601
9154576,9154576,9945601
9154618,9154618,9945601
9154648,9154648,9945601
9154671,9154671,9945601
9154764,9154764,9945601
9155061,9155061,9945601
9155352,9155352,9945601
9155589,9155589,9945601
9155657,9155657,9945601
9155744,9155744,9945601
9155896,9155896,9945601
9156559,9156559,9945601
9156671,9156671,9945601
9156728,9156728,9945601
9156923,9156923,9945601
9157068,9157068,9945601
9157575,9157575,9945601
9157639,9157639,9945601
9157688,9157688,9945601
9157940,9157940,9945601
9158336,9158336,9945601
9158465,9158465,9945601
9158497,9158497,9945601
9158555,9158555,9945601
9158781,9158781,9945601
9159258,9159258,9945601
9159437,9159437,9945601
9159796,9159796,9945601
9159930,9159930,9945601
9160436,9160436,9945601
9160455,9160455,9945601
9160525,9160525,9945601
9160633,9160633,9945601
9160852,9160852,9945601
9161003,9161003,9945601
9161700,9161700,9945601
9162029,9162029,9945601
9162420,9162420,9945601
9162529,9162529,9945601
9162588,9162588,9945601
9162645,9162645,9945601
9163256,9163256,9945601
9163679,9163679,9945601
9163878,9163878,9945601
9164193,9164193,9945601
9164263,9164263,9945601
9164402,9164402,9945601
9164500,9164500,9945601
9164805,9164805,9945601
9165028,9165028,9945601
9165208,9165208,9945601
9166513,9166513,9945601
9166681,9166681,9945601
9166977,9166977,9945601
9167178,9167178,9945601
9167220,9167220,9945601
9167311,9167311,9945601
9167401,9167401,9945601
9167776,9167776,9945601
9167929,9167929,9945601
9167956,9167956,9945601
9168301,9168301,9945601
9168382,9168382,9945601
9169152,9169152,9945601
9169606,9169606,9945601
9169948,9169948,9945601
9170015,9170015,9945601
9170759,9170759,9945601
9171073,9171073,9945601
9171142,9171142,9945601
9171473,9171473,9945601
9171719,9171719,9945601
9171820,9171820,9945601
9172423,9172423,9945601
9172637,9172637,9945601
9173395,9173395,9945601
9173607,9173607,9945601
9173792,9173792,9945601
9174178,9174178,9945601
9174253,9174253,9945601
9174417,9174417,9945601
9174830,9174830,9945601
9174862,9174862,9945601
9175259,9175259,9945601
9175692,9175692,9945601
9175711,9175711,9945601
9176217,9176217,9945601
9176680,9176680,9945601
9176886,9176886,9945601
9176998,9176998,9945601
9177020,9177020,9945601
9177254,9177254,9945601
9177298,9177298,9945601
9177439,9177439,9945601
9177453,9177453,9945601
9177515,9177515,9945601
9178349,9178349,9945601
9178779,9178779,9945601
9179200,9179200,9945601
9179229,9179229,9945601
9179247,9179247,9945601
9179291,9179291,9945601
9179493,9179493,9945601
9179642,9179642,9945601
9179879,9179879,9945601
9179998,9179998,9945601
9180183,9180183,9945601
9180471,9180471,9945601
9180516,9180516,9945601
9180559,9180559,9945601
9180788,9180788,9945601
9181063,9181063,9945601
9181182,9181182,9945601
9181453,9181453,9945601
9181678,9181678,9945601
9182012,9182012,9945601
9182128,9182128,9945601
9182302,9182302,9945601
9182358,9182358,9945601
9182522,9182522,9945601
9182784,9182784,9945601
9182793,9182793,9945601
9182897,9182897,9945601
9183045,9183045,9945601
9183071,9183071,9945601
9183296,9183296,9945601
9183397,9183397,9945601
9183521,9183521,9945601
9183947,9183947,9945601
9184113,9184113,9945601
9184120,9184120,9945601
9184311,9184311,9945601
9184344,9184344,9945601
9184717,9184717,9945601
9184724,9184724,9945601
9184737,9184737,9945601
9185213,9185213,9945601
9185445,9185445,9945601
9185763,9185763,9945601
9185859,9185859,9945601
9185904,9185904,9945601
9186205,9186205,9945601
9186285,9186285,9945601
9186424,9186424,9945601
9186580,9186580,9945601
9186898,9186898,9945601
9186922,9186922,9945601
9187066,9187066,9945601
9187425,9187425,9945601
9187550,9187550,9945601
9187591,9187591,9945601
9187614,9187614,9945601
9188469,9188469,9945601
9188721,9188721,9945601
9189023,9189023,9945601
9189164,9189164,9945601
9189192,9189192,9945601
9189354,9189354,9945601
9189443,9189443,9945601
9189597,9189597,9945601
9189797,9189797,9945601
9190248,9190248,9945601
9190534,9190534,9945601
9190790,9190790,9945601
9190878,9190878,9945601
9191127,9191127,9945601
9191227,9191227,9945601
9191442,9191442,9945601
9191625,9191625,9945601
9192036,9192036,9945601
9192305,9192305,9945601
9192378,9192378,9945601
9192773,9192773,9945601
9193169,9193169,9945601
9193249,9193249,9945601
9193778,9193778,9945601
9194061,9194061,9945601
9194539,9194539,9945601
9194565,9194565,9945601
9194641,9194641,9945601
9194684,9194684,9945601
9194836,9194836,9945601
9195086,9195086,9945601
9195102,9195102,9945601
9195275,9195275,9945601
9195349,9195349,9945601
9195418,9195418,9945601
9195614,9195614,9945601
9195634,9195634,9945601
9195782,9195782,9945601
9196068,9196068,9945601
9196226,9196226,9945601
9196268,9196268,9945601
9196417,9196417,9945601
9197099,9197099,9945601
9197232,9197232,9945601
9197659,9197659,9945601
9198216,9198216,9945601
9198633,9198633,9945601
9198939,9198939,9945601
9199207,9199207,9945601
9199282,9199282,9945601
9199357,9199357,9945601
9200191,9200191,9945601
9200253,9200253,9945601
9201009,9201009,9945601
9201303,9201303,9945601
9201305,9201305,9945601
9201589,9201589,9945601
9201590,9201590,9945601
9202075,9202075,9945601
9202091,9202091,9945601
9203037,9203037,9945601
9203706,9203706,9945601
9203844,9203844,9945601
9203912,9203912,9945601
9204001,9204001,9945601
9204319,9204319,9945601
9204414,9204414,9945601
9204683,9204683,9945601
9204725,9204725,9945601
9204923,9204923,9945601
9204927,9204927,9945601
9205085,9205085,9945601
9205485,9205485,9945601
9205493,9205493,9945601
9205709,9205709,9945601
9205846,9205846,9945601
9205883,9205883,9945601
9206142,9206142,9945601
9206300,9206300,9945601
9206813,9206813,9945601
9207106,9207106,9945601
9207135,9207135,9945601
9207245,9207245,9945601
9207468,9207468,9945601
9207484,9207484,9945601
9207650,9207650,9945601
9207772,9207772,9945601
9208111,9208111,9945601
9208177,9208177,9945601
9208301,9208301,9945601
9208331,9208331,9945601
9208802,9208802,9945601
9209120,9209120,9945601
9209802,9209802,9945601
9210550,9210550,9945601
9211043,9211043,9945601
9211164,9211164,9945601
9211212,9211212,9945601
9211717,9211717,9945601
9212638,9212638,9945601
9212815,9212815,9945601
9213496,9213496,9945601
9213576,9213576,9945601
9213732,9213732,9945601
9214039,9214039,9945601
9214256,9214256,9945601
9214275,9214275,9945601
9214398,9214398,9945601
9214462,9214462,9945601
9214478,9214478,9945601
9214819,9214819,9945601
9215017,9215017,9945601
9215363,9215363,9945601
9215807,9215807,9945601
9215990,9215990,9945601
9217414,9217414,9945601
9217906,9217906,9945601
9217927,9217927,9945601
9218278,9218278,9945601
9218404,9218404,9945601
9218420,9218420,9945601
9218504,9218504,9945601
9218797,9218797,9945601
9219559,9219559,9945601
9219626,9219626,9945601
9219957,9219957,9945601
9220005,9220005,9945601
9220680,9220680,9945601
9221500,9221500,9945601
9222239,9222239,9945601
9222299,9222299,9945601
9222679,9222679,9945601
9222709,9222709,9945601
9222972,9222972,9945601
9223634,9223634,9945601
9223791,9223791,9945601
9223910,9223910,9945601
9224053,9224053,9945601
9224118,9224118,9945601
9224148,9224148,9945601
9224160,9224160,9945601
9224889,9224889,9945601
9225059,9225059,9945601
9225218,9225218,9945601
9225674,9225674,9945601
9225796,9225796,9945601
9226719,9226719,9945601
9226752,9226752,9945601
9226956,9226956,9945601
9226979,9226979,9945601
9227354,9227354,9945601
9227640,9227640,9945601
9227740,9227740,9945601
9227787,9227787,9945601
9227804,9227804,9945601
9227811,9227811,9945601
9228359,9228359,9945601
9228480,9228480,9945601
9228785,9228785,9945601
9228879,9228879,9945601
9228923,9228923,9945601
9229213,9229213,9945601
9229374,9229374,9945601
9229563,9229563,9945601
9229659,9229659,9945601
9229661,9229661,9945601
9230014,9230014,9945601
9230019,9230019,9945601
9230475,9230475,9945601
9230577,9230577,9945601
9231276,9231276,9945601
9232119,9232119,9945601
9232283,9232283,9945601
9232611,9232611,9945601
9232682,9232682,9945601
9232874,9232874,9945601
9233364,9233364,9945601
9234779,9234779,9945601
9235043,9235043,9945601
9235196,9235196,9945601
9235275,9235275,9945601
9235415,9235415,9945601
9235425,9235425,9945601
9236427,9236427,9945601
9236518,9236518,9945601
9236716,9236716,9945601
9237051,9237051,9945601
9237267,9237267,9945601
9237303,9237303,9945601
9237355,9237355,9945601
9237405,9237405,9945601
9237442,9237442,9945601
9237901,9237901,9945601
9238443,9238443,9945601
9238463,9238463,9945601
9238504,9238504,9945601
9238617,9238617,9945601
9238767,9238767,9945601
9238783,9238783,9945601
9238854,9238854,9945601
9239311,9239311,9945601
9239662,9239662,9945601
9239708,9239708,9945601
9239830,9239830,9945601
9240036,9240036,9945601
9240982,9240982,9945601
9241135,9241135,9945601
9241391,9241391,9945601
9241503,9241503,9945601
9241588,9241588,9945601
9241654,9241654,9945601
9241655,9241655,9945601
9241713,9241713,9945601
9241831,9241831,9945601
9241875,9241875,9945601
9241881,9241881,9945601
9241970,9241970,9945601
9241990,9241990,9945601
9242005,9242005,9945601
9242305,9242305,9945601
9242682,9242682,9945601
9242821,9242821,9945601
9242845,9242845,9945601
9242877,9242877,9945601
9243124,9243124,9945601
9243491,9243491,9945601
9243530,9243530,9945601
9243757,9243757,9945601
9243988,9243988,9945601
9244048,9244048,9945601
9244597,9244597,9945601
9244723,9244723,9945601
9244954,9244954,9945601
9245205,9245205,9945601
9245526,9245526,9945601
9245549,9245549,9945601
9245733,9245733,9945601
9245918,9245918,9945601
9245943,9245943,9945601
9247515,9247515,9945601
9247560,9247560,9945601
9247666,9247666,9945601
9248470,9248470,9945601
9248575,9248575,9945601
9249558,9249558,9945601
9249652,9249652,9945601
9249902,9249902,9945601
9250200,9250200,9945601
9250226,9250226,9945601
9250241,9250241,9945601
9250252,9250252,9945601
9250354,9250354,9945601
9250419,9250419,9945601
9250863,9250863,9945601
9250873,9250873,9945601
9251077,9251077,9945601
9251310,9251310,9945601
9251527,9251527,9945601
9252283,9252283,9945601
9252408,9252408,9945601
9252525,9252525,9945601
9252647,9252647,9945601
9252831,9252831,9945601
9253435,9253435,9945601
9253816,9253816,9945601
9254134,9254134,9945601
9254438,9254438,9945601
9254715,9254715,9945601
9254789,9254789,9945601
9255309,9255309,9945601
9255619,9255619,9945601
9255997,9255997,9945601
9256077,9256077,9945601
9256541,9256541,9945601
9256645,9256645,9945601
9256794,9256794,9945601
9256821,9256821,9945601
9256856,9256856,9945601
9257459,9257459,9945601
9257662,9257662,9945601
9257845,9257845,9945601
9258038,9258038,9945601
9258358,9258358,9945601
9258480,9258480,9945601
9258776,9258776,9945601
9258835,9258835,9945601
9258873,9258873,9945601
9259182,9259182,9945601
9259443,9259443,9945601
9259518,9259518,9945601
9259902,9259902,9945601
9260225,9260225,9945601
9260289,9260289,9945601
9260293,9260293,9945601
9260684,9260684,9945601
9260694,9260694,9945601
9260724,9260724,9945601
9260746,9260746,9945601
9261328,9261328,9945601
9261670,9261670,9945601
9261679,9261679,9945601
9261695,9261695,9945601
9261799,9261799,9945601
9261846,9261846,9945601
9261977,9261977,9945601
9262154,9262154,9945601
9262281,9262281,9945601
9262345,9262345,9945601
9262348,9262348,9945601
9263196,9263196,9945601
9263208,9263208,9945601
9263591,9263591,9945601
9263809,9263809,9945601
9263965,9263965,9945601
9264869,9264869,9945601
9265075,9265075,9945601
9265119,9265119,9945601
9265201,9265201,9945601
9265221,9265221,9945601
9265251,9265251,9945601
9265260,9265260,9945601
9265347,9265347,9945601
9265642,9265642,9945601
9266406,9266406,9945601
9266530,9266530,9945601
9266744,9266744,9945601
9266749,9266749,9945601
9267224,9267224,9945601
9267298,9267298,9945601
9267304,9267304,9945601
9267533,9267533,9945601
9267658,9267658,9945601
9267974,9267974,9945601
9268662,9268662,9945601
9269047,9269047,9945601
9269064,9269064,9945601
9269079,9269079,9945601
9269156,9269156,9945601
9269346,9269346,9945601
9269684,9269684,9945601
9270077,9270077,9945601
9270902,9270902,9945601
9271099,9271099,9945601
9271313,9271313,9945601
9271729,9271729,9945601
9271866,9271866,9945601
9271931,9271931,9945601
9272081,9272081,9945601
9272088,9272088,9945601
9272140,9272140,9945601
9272850,9272850,9945601
9273068,9273068,9945601
9273663,9273663,9945601
9273785,9273785,9945601
9274383,9274383,9945601
9275101,9275101,9945601
9275783,9275783,9945601
9275975,9275975,9945601
9276761,9276761,9945601
9276853,9276853,9945601
9277262,9277262,9945601
9277301,9277301,9945601
9277836,9277836,9945601
9277968,9277968,9945601
9278289,9278289,9945601
9278510,9278510,9945601
9278778,9278778,9945601
9279018,9279018,9945601
9279412,9279412,9945601
9279442,9279442,9945601
9279554,9279554,9945601
9279957,9279957,9945601
9280050,9280050,9945601
9280097,9280097,9945601
9280208,9280208,9945601
9281048,9281048,9945601
9281092,9281092,9945601
9281186,9281186,9945601
9281261,9281261,9945601
9281356,9281356,9945601
9282024,9282024,9945601
9282438,9282438,9945601
9282450,9282450,9945601
9282580,9282580,9945601
9282771,9282771,9945601
9283610,9283610,9945601
9283705,9283705,9945601
9284366,9284366,9945601
9284492,9284492,9945601
9284712,9284712,9945601
9284905,9284905,9945601
9285335,9285335,9945601
9285615,9285615,9945601
9285656,9285656,9945601
9286242,9286242,9945601
9286298,9286298,9945601
9286718,9286718,9945601
9286826,9286826,9945601
9286852,9286852,9945601
9287053,9287053,9945601
9287242,9287242,9945601
9287397,9287397,9945601
9287459,9287459,9945601
9287491,9287491,9945601
9287546,9287546,9945601
9287668,9287668,9945601
9287677,9287677,9945601
9287703,9287703,9945601
9288259,9288259,9945601
9288644,9288644,9945601
9288781,9288781,9945601
9288830,9288830,9945601
9288995,9288995,9945601
9289008,9289008,9945601
9289047,9289047,9945601
9289685,9289685,9945601
9289901,9289901,9945601
9289925,9289925,9945601
9290366,9290366,9945601
9290463,9290463,9945601
9290609,9290609,9945601
9291011,9291011,9945601
9291339,9291339,9945601
9291560,9291560,9945601
9291673,9291673,9945601
9292166,9292166,9945601
9292203,9292203,9945601
9293090,9293090,9945601
9293595,9293595,9945601
9293922,9293922,9945601
9294099,9294099,9945601
9294150,9294150,9945601
9294153,9294153,9945601
9294395,9294395,9945601
9294414,9294414,9945601
9294718,9294718,9945601
9294840,9294840,9945601
9295392,9295392,9945601
9295672,9295672,9945601
9295739,9295739,9945601
9296055,9296055,9945601
9296181,9296181,9945601
9296346,9296346,9945601
9296450,9296450,9945601
9296520,9296520,9945601
9296611,9296611,9945601
9296771,9296771,9945601
9296813,9296813,9945601
9297153,9297153,9945601
9297440,9297440,9945601
9297698,9297698,9945601
9297854,9297854,9945601
9298029,9298029,9945601
9298326,9298326,9945601
9298496,9298496,9945601
9298866,9298866,9945601
9298940,9298940,9945601
9299140,9299140,9945601
9299147,9299147,9945601
9299876,9299876,9945601
9300416,9300416,9945601
9300453,9300453,9945601
9300484,9300484,9945601
9300487,9300487,9945601
9300635,9300635,9945601
9300715,9300715,9945601
9300738,9300738,9945601
9301608,9301608,9945601
9301887,9301887,9945601
9302015,9302015,9945601
9302555,9302555,9945601
9302995,9302995,9945601
9303020,9303020,9945601
9303028,9303028,9945601
9303085,9303085,9945601
9303330,9303330,9945601
9303419,9303419,9945601
9303498,9303498,9945601
9303923,9303923,9945601
9304091,9304091,9945601
9304346,9304346,9945601
9304552,9304552,9945601
9304722,9304722,9945601
9304741,9304741,9945601
9304778,9304778,9945601
9305249,9305249,9945601
9305366,9305366,9945601
9305375,9305375,9945601
9305413,9305413,9945601
9305969,9305969,9945601
9306081,9306081,9945601
9306341,9306341,9945601
9306490,9306490,9945601
9306504,9306504,9945601
9306622,9306622,9945601
9306776,9306776,9945601
9306886,9306886,9945601
9306901,9306901,9945601
9306938,9306938,9945601
9306946,9306946,9945601
9307015,9307015,9945601
9307475,9307475,9945601
9307619,9307619,9945601
9307724,9307724,9945601
9307778,9307778,9945601
9307935,9307935,9945601
9308351,9308351,9945601
9308483,9308483,9945601
9308493,9308493,9945601
9309102,9309102,9945601
9309330,9309330,9945601
9309402,9309402,9945601
9309595,9309595,9945601
9309664,9309664,9945601
9309768,9309768,9945601
9309798,9309798,9945601
9309922,9309922,9945601
9310066,9310066,9945601
9310401,9310401,9945601
9310468,9310468,9945601
9310488,9310488,9945601
9311033,9311033,9945601
9311130,9311130,9945601
9311597,9311597,9945601
9311608,9311608,9945601
9311755,9311755,9945601
9311808,9311808,9945601
9312327,9312327,9945601
9312860,9312860,9945601
9313216,9313216,9945601
9313447,9313447,9945601
9313914,9313914,9945601
9314258,9314258,9945601
9314474,9314474,9945601
9314825,9314825,9945601
9315230,9315230,9945601
9315306,9315306,9945601
9315526,9315526,9945601
9315995,9315995,9945601
9316029,9316029,9945601
9316260,9316260,9945601
9316706,9316706,9945601
9316797,9316797,9945601
9316810,9316810,9945601
9316994,9316994,9945601
9317800,9317800,9945601
9317864,9317864,9945601
9318067,9318067,9945601
9318429,9318429,9945601
9319084,9319084,9945601
9319169,9319169,9945601
9319293,9319293,9945601
9319466,9319466,9945601
9319837,9319837,9945601
9320502,9320502,9945601
9320637,9320637,9945601
9320743,9320743,9945601
9320875,9320875,9945601
9321141,9321141,9945601
9321272,9321272,9945601
9321400,9321400,9945601
9321834,9321834,9945601
9322377,9322377,9945601
9322378,9322378,9945601
9322420,9322420,9945601
9323039,9323039,9945601
9323310,9323310,9945601
9323363,9323363,9945601
9323378,9323378,9945601
9324100,9324100,9945601
9324212,9324212,9945601
9324285,9324285,9945601
9324785,9324785,9945601
9325286,9325286,9945601
9325304,9325304,9945601
9325700,9325700,9945601
9326256,9326256,9945601
9326445,9326445,9945601
9326554,9326554,9945601
9326829,9326829,9945601
9326917,9326917,9945601
9327090,9327090,9945601
9327299,9327299,9945601
9327784,9327784,9945601
9327787,9327787,9945601
9327929,9327929,9945601
9328159,9328159,9945601
9328247,9328247,9945601
9328803,9328803,9945601
9328832,9328832,9945601
9328938,9328938,9945601
9329091,9329091,9945601
9329437,9329437,9945601
9329580,9329580,9945601
9329916,9329916,9945601
9330482,9330482,9945601
9330703,9330703,9945601
9330784,9330784,9945601
9330802,9330802,9945601
9330844,9330844,9945601
9330872,9330872,9945601
9331133,9331133,9945601
9331233,9331233,9945601
9331446,9331446,9945601
9331593,9331593,9945601
9331893,9331893,9945601
9331978,9331978,9945601
9331993,9331993,9945601
9332396,9332396,9945601
9332694,9332694,9945601
9332704,9332704,9945601
9332736,9332736,9945601
9332891,9332891,9945601
9333035,9333035,9945601
9333041,9333041,9945601
9333122,9333122,9945601
9333351,9333351,9945601
9333566,9333566,9945601
9333660,9333660,9945601
9333778,9333778,9945601
9333868,9333868,9945601
9334153,9334153,9945601
9334217,9334217,9945601
9334228,9334228,9945601
9334635,9334635,9945601
9334680,9334680,9945601
9335030,9335030,9945601
9335352,9335352,9945601
9335408,9335408,9945601
9335811,9335811,9945601
9335814,9335814,9945601
9335968,9335968,9945601
9336294,9336294,9945601
9336310,9336310,9945601
9336511,9336511,9945601
9337445,9337445,9945601
9338619,9338619,9945601
9338653,9338653,9945601
9338677,9338677,9945601
9338750,9338750,9945601
9338960,9338960,9945601
9339121,9339121,9945601
9339635,9339635,9945601
9340219,9340219,9945601
9340242,9340242,9945601
9340455,9340455,9945601
9340496,9340496,9945601
9341138,9341138,9945601
9341175,9341175,9945601
9341218,9341218,9945601
9341243,9341243,9945601
9341325,9341325,9945601
9341652,9341652,9945601
9341888,9341888,9945601
9341909,9341909,9945601
9342101,9342101,9945601
9342874,9342874,9945601
9342952,9342952,9945601
9343171,9343171,9945601
9343461,9343461,9945601
9343476,9343476,9945601
9343665,9343665,9945601
9344154,9344154,9945601
9344390,9344390,9945601
9345360,9345360,9945601
9345476,9345476,9945601
9345864,9345864,9945601
9346069,9346069,9945601
9346337,9346337,9945601
9346446,9346446,9945601
9346550,9346550,9945601
9346798,9346798,9945601
9346869,9346869,9945601
9347022,9347022,9945601
9347243,9347243,9945601
9347262,9347262,9945601
9347273,9347273,9945601
9347402,9347402,9945601
9347460,9347460,9945601
9347835,9347835,9945601
9348299,9348299,9945601
9349236,9349236,9945601
9349526,9349526,9945601
9349725,9349725,9945601
9349946,9349946,9945601
9350049,9350049,9945601
9350103,9350103,9945601
9350755,9350755,9945601
9351594,9351594,9945601
9351609,9351609,9945601
9351909,9351909,9945601
9352037,9352037,9945601
9352368,9352368,9945601
9352377,9352377,9945601
9352554,9352554,9945601
9353130,9353130,9945601
9353510,9353510,9945601
9353740,9353740,9945601
9353811,9353811,9945601
9353878,9353878,9945601
9354004,9354004,9945601
9354106,9354106,9945601
9354631,9354631,9945601
9354970,9354970,9945601
9355028,9355028,9945601
9355255,9355255,9945601
9355282,9355282,9945601
9355356,9355356,9945601
9355446,9355446,9945601
9355563,9355563,9945601
9355898,9355898,9945601
9356462,9356462,9945601
9357028,9357028,9945601
9357219,9357219,9945601
9357290,9357290,9945601
9357443,9357443,9945601
9357849,9357849,9945601
9357881,9357881,9945601
9358172,9358172,9945601
9358414,9358414,9945601
9358530,9358530,9945601
9359437,9359437,9945601
9359689,9359689,9945601
9359810,9359810,9945601
9359913,9359913,9945601
9360083,9360083,9945601
9360405,9360405,9945601
9360625,9360625,9945601
9360756,9360756,9945601
9360896,9360896,9945601
9361128,9361128,9945601
9361728,9361728,9945601
9361894,9361894,9945601
9362066,9362066,9945601
9362425,9362425,9945601
9362687,9362687,9945601
9362902,9362902,9945601
9363175,9363175,9945601
9363660,9363660,9945601
9363804,9363804,9945601
9364061,9364061,9945601
9364305,9364305,9945601
9366423,9366423,9945601
9366469,9366469,9945601
9366911,9366911,9945601
9366999,9366999,9945601
9367105,9367105,9945601
9367901,9367901,9945601
9367968,9367968,9945601
9368011,9368011,9945601
9368045,9368045,9945601
9368168,9368168,9945601
9368517,9368517,9945601
9368559,9368559,9945601
9368686,9368686,9945601
9369015,9369015,9945601
9369144,9369144,9945601
9369283,9369283,9945601
9370279,9370279,9945601
9370315,9370315,9945601
9370819,9370819,9945601
9371292,9371292,9945601
9371507,9371507,9945601
9371617,9371617,9945601
9371787,9371787,9945601
9371949,9371949,9945601
9372043,9372043,9945601
9372112,9372112,9945601
9372236,9372236,9945601
9372323,9372323,9945601
9372515,9372515,9945601
9372898,9372898,9945601
9373005,9373005,9945601
9373304,9373304,9945601
9373309,9373309,9945601
9373406,9373406,9945601
9373450,9373450,9945601
9373610,9373610,9945601
9373784,9373784,9945601
9374151,9374151,9945601
9374357,9374357,9945601
9374442,9374442,9945601
9374490,9374490,9945601
9374690,9374690,9945601
9374842,9374842,9945601
9375208,9375208,9945601
9375619,9375619,9945601
9376012,9376012,9945601
9376097,9376097,9945601
9376330,9376330,9945601
9376459,9376459,9945601
9376569,9376569,9945601
9376651,9376651,9945601
9377256,9377256,9945601
9377320,9377320,9945601
9377459,9377459,9945601
9377607,9377607,9945601
9377793,9377793,9945601
9378148,9378148,9945601
9378237,9378237,9945601
9378286,9378286,9945601
9378607,9378607,9945601
9378859,9378859,9945601
9379001,9379001,9945601
9379048,9379048,9945601
9379070,9379070,9945601
9379370,9379370,9945601
9379718,9379718,9945601
9379890,9379890,9945601
9380011,9380011,9945601
9380451,9380451,9945601
9380580,9380580,9945601
9380875,9380875,9945601
9381436,9381436,9945601
9381581,9381581,9945601
9381790,9381790,9945601
9382466,9382466,9945601
9382615,9382615,9945601
9382728,9382728,9945601
9383353,9383353,9945601
9383621,9383621,9945601
9383689,9383689,9945601
9383770,9383770,9945601
9384007,9384007,9945601
9384190,9384190,9945601
9384208,9384208,9945601
9384336,9384336,9945601
9385042,9385042,9945601
9385378,9385378,9945601
9385641,9385641,9945601
9385777,9385777,9945601
9385830,9385830,9945601
9386209,9386209,9945601
9386518,9386518,9945601
9386587,9386587,9945601
9386692,9386692,9945601
9386874,9386874,9945601
9387253,9387253,9945601
9387545,9387545,9945601
9387567,9387567,9945601
9387605,9387605,9945601
9387726,9387726,9945601
9387877,9387877,9945601
9388069,9388069,9945601
9388103,9388103,9945601
9388158,9388158,9945601
9388381,9388381,9945601
9388475,9388475,9945601
9388621,9388621,9945601
9389492,9389492,9945601
9389987,9389987,9945601
9390143,9390143,9945601
9390229,9390229,9945601
9390578,9390578,9945601
9390640,9390640,9945601
9390678,9390678,9945601
9391445,9391445,9945601
9392048,9392048,9945601
9392048,9392048,9945601
9392275,9392275,9945601
9392346,9392346,9945601
9392460,9392460,9945601
9392737,9392737,9945601
9392801,9392801,9945601
9393152,9393152,9945601
9393299,9393299,9945601
9393416,9393416,9945601
9393419,9393419,9945601
9394239,9394239,9945601
9394247,9394247,9945601
9394688,9394688,9945601
9394847,9394847,9945601
9395031,9395031,9945601
9395170,9395170,9945601
9395206,9395206,9945601
9395667,9395667,9945601
9395761,9395761,9945601
9395762,9395762,9945601
9395915,9395915,9945601
9396064,9396064,9945601
9396245,9396245,9945601
9396261,9396261,9945601
9396294,9396294,9945601
9396486,9396486,9945601
9396770,9396770,9945601
9396779,9396779,9945601
9397271,9397271,9945601
9397362,9397362,9945601
9397405,9397405,9945601
9397408,9397408,9945601
9397432,9397432,9945601
9397526,9397526,9945601
9397971,9397971,9945601
9397972,9397972,9945601
9398016,9398016,9945601
9398093,9398093,9945601
9398645,9398645,9945601
9398862,9398862,9945601
9399205,9399205,9945601
9399615,9399615,9945601
9400046,9400046,9945601
9400242,9400242,9945601
9400475,9400475,9945601
9401225,9401225,9945601
9401449,9401449,9945601
9401608,9401608,9945601
9401619,9401619,9945601
9401643,9401643,9945601
9401985,9401985,9945601
9402024,9402024,9945601
9402081,9402081,9945601
9402333,9402333,9945601
9403749,9403749,9945601
9403885,9403885,9945601
9404098,9404098,9945601
9404158,9404158,9945601
9404339,9404339,9945601
9404701,9404701,9945601
9405227,9405227,9945601
9405385,9405385,9945601
9405433,9405433,9945601
9405468,9405468,9945601
9405526,9405526,9945601
9405565,9405565,9945601
9405864,9405864,9945601
9406055,9406055,9945601
9406195,9406195,9945601
9406220,9406220,9945601
9406486,9406486,9945601
9407506,9407506,9945601
9407611,9407611,9945601
9407691,9407691,9945601
9408354,9408354,9945601
9408991,9408991,9945601
9409006,9409006,9945601
9409366,9409366,9945601
9409679,9409679,9945601
9409819,9409819,9945601
9409850,9409850,9945601
9409909,9409909,9945601
9410028,9410028,9945601
9410317,9410317,9945601
9410345,9410345,9945601
9410383,9410383,9945601
9410810,9410810,9945601
9411148,9411148,9945601
9411222,9411222,9945601
9411671,9411671,9945601
9411806,9411806,9945601
9411929,9411929,9945601
9412036,9412036,9945601
9412058,9412058,9945601
9412109,9412109,9945601
9412233,9412233,9945601
9413610,9413610,9945601
9413798,9413798,9945601
9413821,9413821,9945601
9413885,9413885,9945601
9414812,9414812,9945601
9414867,9414867,9945601
9414950,9414950,9945601
9415159,9415159,9945601
9415342,9415342,9945601
9415371,9415371,9945601
9415563,9415563,9945601
9416068,9416068,9945601
9416661,9416661,9945601
9416956,9416956,9945601
9417253,9417253,9945601
9417945,9417945,9945601
9418559,9418559,9945601
9418689,9418689,9945601
9418884,9418884,9945601
9418942,9418942,9945601
9419078,9419078,9945601
9419363,9419363,9945601
9419380,9419380,9945601
9419422,9419422,9945601
9419661,9419661,9945601
9419817,9419817,9945601
9419838,9419838,9945601
9419944,9419944,9945601
9420586,9420586,9945601
9420794,9420794,9945601
9420818,9420818,9945601
9421096,9421096,9945601
9421167,9421167,9945601
9421205,9421205,9945601
9421206,9421206,9945601
9421331,9421331,9945601
9421614,9421614,9945601
9421777,9421777,9945601
9421797,9421797,9945601
9421965,9421965,9945601
9422098,9422098,9945601
9422229,9422229,9945601
9422263,9422263,9945601
9422295,9422295,9945601
9422365,9422365,9945601
9422450,9422450,9945601
9422750,9422750,9945601
9422857,9422857,9945601
9422896,9422896,9945601
9422996,9422996,9945601
9423207,9423207,9945601
9423447,9423447,9945601
9423477,9423477,9945601
9423519,9423519,9945601
9424438,9424438,9945601
9424894,9424894,9945601
9424929,9424929,9945601
9425487,9425487,9945601
9425536,9425536,9945601
9425612,9425612,9945601
9426216,9426216,9945601
9426567,9426567,9945601
9426609,9426609,9945601
9426791,9426791,9945601
9426804,9426804,9945601
9426933,9426933,9945601
9427224,9427224,9945601
9427259,9427259,9945601
9427562,9427562,9945601
9427712,9427712,9945601
9428032,9428032,9945601
9428064,9428064,9945601
9428433,9428433,9945601
9428442,9428442,9945601
9428569,9428569,9945601
9428706,9428706,9945601
9428724,9428724,9945601
9429174,9429174,9945601
9429569,9429569,9945601
9429756,9429756,9945601
9429902,9429902,9945601
9430165,9430165,9945601
9430285,9430285,9945601
9430641,9430641,9945601
9430837,9430837,9945601
9431211,9431211,9945601
9431259,9431259,9945601
9431734,9431734,9945601
9431932,9431932,9945601
9432067,9432067,9945601
9432149,9432149,9945601
9432205,9432205,9945601
9432221,9432221,9945601
9432594,9432594,9945601
9433479,9433479,9945601
9433505,9433505,9945601
9433703,9433703,9945601
9433802,9433802,9945601
9434127,9434127,9945601
9434261,9434261,9945601
9434776,9434776,9945601
9434858,9434858,9945601
9435282,9435282,9945601
9435441,9435441,9945601
9435558,9435558,9945601
9435842,9435842,9945601
9436527,9436527,9945601
9436572,9436572,9945601
9437392,9437392,9945601
9437546,9437546,9945601
9437832,9437832,9945601
9438062,9438062,9945601
9438335,9438335,9945601
9438360,9438360,9945601
9438542,9438542,9945601
9439231,9439231,9945601
9439275,9439275,9945601
9439378,9439378,9945601
9439818,9439818,9945601
9439913,9439913,9945601
9439996,9439996,9945601
9440250,9440250,9945601
9440317,9440317,9945601
9440336,9440336,9945601
9440431,9440431,9945601
9440679,9440679,9945601
9440707,9440707,9945601
9441046,9441046,9945601
9441108,9441108,9945601
9441518,9441518,9945601
9441537,9441537,9945601
9441724,9441724,9945601
9441826,9441826,9945601
9442122,9442122,9945601
9442596,9442596,9945601
9442618,9442618,9945601
9442665,9442665,9945601
9442761,9442761,9945601
9442785,9442785,9945601
9442815,9442815,9945601
9443031,9443031,9945601
9443091,9443091,9945601
9443138,9443138,9945601
9443174,9443174,9945601
9443678,9443678,9945601
9443698,9443698,9945601
9443767,9443767,9945601
9443770,9443770,9945601
9443849,9443849,9945601
9444641,9444641,9945601
9444810,9444810,9945601
9444829,9444829,9945601
9445054,9445054,9945601
9445281,9445281,9945601
9445415,9445415,9945601
9445430,9445430,9945601
9445689,9445689,9945601
9445834,9445834,9945601
9446432,9446432,9945601
9446498,9446498,9945601
9446574,9446574,9945601
9446821,9446821,9945601
9447049,9447049,9945601
9447145,9447145,9945601
9447556,9447556,9945601
9447634,9447634,9945601
9448484,9448484,9945601
9449055,9449055,9945601
9449199,9449199,9945601
9449300,9449300,9945601
9449729,9449729,9945601
9449895,9449895,9945601
9449986,9449986,9945601
9450138,9450138,9945601
9450173,9450173,9945601
9450750,9450750,9945601
9450936,9450936,9945601
9451388,9451388,9945601
9452181,9452181,9945601
9452832,9452832,9945601
9453450,9453450,9945601
9453494,9453494,9945601
9453791,9453791,9945601
9453969,9453969,9945601
9454545,9454545,9945601
9454810,9454810,9945601
9455142,9455142,9945601
9455197,9455197,9945601
9455400,9455400,9945601
9455495,9455495,9945601
9455735,9455735,9945601
9455864,9455864,9945601
9456424,9456424,9945601
9456552,9456552,9945601
9456617,9456617,9945601
9456690,9456690,9945601
9456816,9456816,9945601
9456887,9456887,9945601
9457042,9457042,9945601
9457203,9457203,9945601
9457431,9457431,9945601
9457921,9457921,9945601
9458264,9458264,9945601
9458323,9458323,9945601
9459310,9459310,9945601
9459333,9459333,9945601
9459581,9459581,9945601
9460113,9460113,9945601
9460647,9460647,9945601
9460926,9460926,9945601
9461571,9461571,9945601
9461946,9461946,9945601
9462200,9462200,9945601
9462375,9462375,9945601
9462535,9462535,9945601
9462588,9462588,9945601
9463942,9463942,9945601
9464412,9464412,9945601
9465425,9465425,9945601
9465504,9465504,9945601
9465913,9465913,9945601
9466244,9466244,9945601
9466554,9466554,9945601
9467050,9467050,9945601
9467275,9467275,9945601
9467636,9467636,9945601
9467659,9467659,9945601
9468335,9468335,9945601
9468416,9468416,9945601
9468493,9468493,9945601
9468777,9468777,9945601
9468996,9468996,9945601
9469475,9469475,9945601
9469881,9469881,9945601
9469977,9469977,9945601
9470092,9470092,9945601
9470186,9470186,9945601
9470364,9470364,9945601
9470372,9470372,9945601
9470584,9470584,9945601
9471594,9471594,9945601
9471794,9471794,9945601
9471959,9471959,9945601
9472125,9472125,9945601
9472201,9472201,9945601
9472507,9472507,9945601
9472664,9472664,9945601
9473156,9473156,9945601
9473291,9473291,9945601
9473724,9473724,9945601
9473767,9473767,9945601
9474012,9474012,9945601
9474322,9474322,9945601
9474707,9474707,9945601
9474795,9474795,9945601
9474941,9474941,9945601
9474968,9474968,9945601
9475239,9475239,9945601
9475276,9475276,9945601
9475377,9475377,9945601
9475387,9475387,9945601
9475466,9475466,9945601
9475477,9475477,9945601
9475522,9475522,9945601
9475878,9475878,9945601
9476029,9476029,9945601
9476318,9476318,9945601
9476658,9476658,9945601
9477689,9477689,9945601
9477696,9477696,9945601
9478455,9478455,9945601
9478534,9478534,9945601
9478545,9478545,9945601
9479050,9479050,9945601
9479259,9479259,9945601
9479264,9479264,9945601
9479485,9479485,9945601
9479526,9479526,9945601
9479820,9479820,9945601
9480077,9480077,9945601
9480183,9480183,9945601
9480279,9480279,9945601
9480318,9480318,9945601
9480373,9480373,9945601
9480571,9480571,9945601
9480756,9480756,9945601
9480828,9480828,9945601
9480871,9480871,9945601
9482580,9482580,9945601
9482850,9482850,9945601
9483116,9483116,9945601
9483357,9483357,9945601
9483402,9483402,9945601
9483536,9483536,9945601
9483687,9483687,9945601
9483977,9483977,9945601
9484134,9484134,9945601
9484164,9484164,9945601
9484836,9484836,9945601
9485429,9485429,9945601
9485457,9485457,9945601
9485741,9485741,9945601
9485864,9485864,9945601
9485934,9485934,9945601
9486061,9486061,9945601
9486145,9486145,9945601
9486905,9486905,9945601
9487074,9487074,9945601
9487099,9487099,9945601
9487131,9487131,9945601
9487259,9487259,9945601
9487547,9487547,9945601
9487708,9487708,9945601
9487759,9487759,9945601
9488081,9488081,9945601
9488695,9488695,9945601
9488909,9488909,9945601
9489132,9489132,9945601
9489187,9489187,9945601
9489241,9489241,9945601
9489860,9489860,9945601
9489921,9489921,9945601
9490284,9490284,9945601
9490895,9490895,9945601
9491329,9491329,9945601
9491469,9491469,9945601
9492112,9492112,9945601
9492397,9492397,9945601
9492427,9492427,9945601
9492608,9492608,9945601
9492694,9492694,9945601
9493074,9493074,9945601
9493110,9493110,9945601
9493199,9493199,9945601
9493207,9493207,9945601
9493256,9493256,9945601
9493459,9493459,9945601
9493853,9493853,9945601
9493916,9493916,9945601
9493944,9493944,9945601
9494268,9494268,9945601
9494461,9494461,9945601
9494732,9494732,9945601
9494910,9494910,9945601
9495036,9495036,9945601
9495125,9495125,9945601
9495561,9495561,9945601
9495951,9495951,9945601
9496115,9496115,9945601
9496311,9496311,9945601
9496459,9496459,9945601
9496532,9496532,9945601
9496700,9496700,9945601
9496765,9496765,9945601
9496890,9496890,9945601
9496918,9496918,9945601
9497065,9497065,9945601
9497152,9497152,9945601
9497306,9497306,9945601
9497380,9497380,9945601
9497863,9497863,9945601
9498613,9498613,9945601
9498702,9498702,9945601
9498733,9498733,9945601
9499052,9499052,9945601
9499625,9499625,9945601
9499748,9499748,9945601
9500045,9500045,9945601
9500435,9500435,9945601
9500777,9500777,9945601
9501089,9501089,9945601
9501115,9501115,9945601
9501262,9501262,9945601
9502074,9502074,9945601
9502142,9502142,9945601
9502247,9502247,9945601
9502634,9502634,9945601
9502799,9502799,9945601
9503537,9503537,9945601
9504100,9504100,9945601
9504109,9504109,9945601
9504440,9504440,9945601
9504606,9504606,9945601
9504704,9504704,9945601
9504830,9504830,9945601
9505008,9505008,9945601
9505704,9505704,9945601
9506077,9506077,9945601
9506152,9506152,9945601
9506172,9506172,9945601
9506279,9506279,9945601
9506286,9506286,9945601
9506342,9506342,9945601
9506420,9506420,9945601
9506467,9506467,9945601
9506562,9506562,9945601
9506823,9506823,9945601
9506976,9506976,9945601
9506990,9506990,9945601
9507543,9507543,9945601
9508169,9508169,9945601
9508183,9508183,9945601
9508423,9508423,9945601
9508658,9508658,9945601
9508768,9508768,9945601
9508863,9508863,9945601
9508901,9508901,9945601
9509083,9509083,9945601
9509091,9509091,9945601
9509205,9509205,9945601
9509459,9509459,9945601
9509551,9509551,9945601
9509786,9509786,9945601
9509923,9509923,9945601
9510464,9510464,9945601
9510492,9510492,9945601
9510619,9510619,9945601
9511165,9511165,9945601
9512009,9512009,9945601
9512468,9512468,9945601
9512762,9512762,9945601
9513138,9513138,9945601
9513278,9513278,9945601
9513542,9513542,9945601
9513774,9513774,9945601
9513858,9513858,9945601
9513880,9513880,9945601
9513882,9513882,9945601
9513917,9513917,9945601
9513923,9513923,9945601
9514099,9514099,9945601
9514494,9514494,9945601
9514700,9514700,9945601
9515246,9515246,9945601
9517079,9517079,9945601
9517130,9517130,9945601
9517397,9517397,9945601
9517923,9517923,9945601
9517966,9517966,9945601
9518098,9518098,9945601
9518603,9518603,9945601
9518705,9518705,9945601
9518748,9518748,9945601
9518868,9518868,9945601
9518998,9518998,9945601
9519154,9519154,9945601
9519178,9519178,9945601
9519925,9519925,9945601
9520182,9520182,9945601
9520421,9520421,9945601
9520500,9520500,9945601
9520632,9520632,9945601
9521449,9521449,9945601
9522243,9522243,9945601
9522247,9522247,9945601
9522712,9522712,9945601
9523026,9523026,9945601
9523084,9523084,9945601
9523474,9523474,9945601
9524895,9524895,9945601
9524980,9524980,9945601
9525362,9525362,9945601
9525465,9525465,9945601
9525643,9525643,9945601
9525997,9525997,9945601
9526368,9526368,9945601
9526810,9526810,9945601
9527012,9527012,9945601
9527411,9527411,9945601
9527556,9527556,9945601
9528282,9528282,9945601
9528520,9528520,9945601
9528545,9528545,9945601
9528566,9528566,9945601
9528583,9528583,9945601
9528601,9528601,9945601
9528605,9528605,9945601
9528638,9528638,9945601
9528903,9528903,9945601
9528981,9528981,9945601
9528990,9528990,9945601
9529014,9529014,9945601
9529053,9529053,9945601
9529609,9529609,9945601
9529619,9529619,9945601
9529816,9529816,9945601
9529868,9529868,9945601
9530540,9530540,9945601
9530588,9530588,9945601
9531048,9531048,9945601
9531117,9531117,9945601
9531404,9531404,9945601
9531646,9531646,9945601
9531834,9531834,9945601
9532239,9532239,9945601
9532430,9532430,9945601
9532820,9532820,9945601
9532959,9532959,9945601
9533547,9533547,9945601
9533765,9533765,9945601
9533827,9533827,9945601
9534409,9534409,9945601
9534424,9534424,9945601
9534456,9534456,9945601
9534484,9534484,9945601
9534699,9534699,9945601
9534846,9534846,9945601
9534879,9534879,9945601
9535002,9535002,9945601
9535079,9535079,9945601
9535657,9535657,9945601
9535694,9535694,9945601
9535873,9535873,9945601
9536104,9536104,9945601
9536208,9536208,9945601
9536527,9536527,9945601
9536911,9536911,9945601
9536981,9536981,9945601
9536987,9536987,9945601
9537045,9537045,9945601
9537354,9537354,9945601
9537503,9537503,9945601
9537786,9537786,9945601
9537860,9537860,9945601
9538413,9538413,9945601
9538448,9538448,9945601
9538599,9538599,9945601
9538613,9538613,9945601
9539484,9539484,9945601
9539645,9539645,9945601
9540382,9540382,9945601
9540430,9540430,9945601
9540447,9540447,9945601
9540786,9540786,9945601
9541114,9541114,9945601
9541988,9541988,9945601
9542056,9542056,9945601
9542334,9542334,9945601
9542552,9542552,9945601
9543000,9543000,9945601
9543027,9543027,9945601
9543764,9543764,9945601
9544034,9544034,9945601
9544245,9544245,9945601
9544274,9544274,9945601
9544396,9544396,9945601
9544692,9544692,9945601
9545928,9545928,9945601
9546121,9546121,9945601
9547414,9547414,9945601
9547566,9547566,9945601
9547670,9547670,9945601
9547799,9547799,9945601
9547948,9547948,9945601
9548272,9548272,9945601
9548613,9548613,9945601
9549121,9549121,9945601
9549556,9549556,9945601
9549709,9549709,9945601
9549776,9549776,9945601
9550144,9550144,9945601
9550238,9550238,9945601
9550246,9550246,9945601
9550355,9550355,9945601
9551453,9551453,9945601
9551471,9551471,9945601
9551601,9551601,9945601
9552041,9552041,9945601
9552128,9552128,9945601
9552196,9552196,9945601
9552311,9552311,9945601
9552658,9552658,9945601
9552679,9552679,9945601
9552723,9552723,9945601
9552773,9552773,9945601
9552831,9552831,9945601
9552840,9552840,9945601
9553134,9553134,9945601
9553600,9553600,9945601
9554012,9554012,9945601
9554193,9554193,9945601
9554284,9554284,9945601
9554672,9554672,9945601
9554705,9554705,9945601
9555106,9555106,9945601
9555548,9555548,9945601
9555723,9555723,9945601
9555953,9555953,9945601
9556350,9556350,9945601
9556758,9556758,9945601
9556934,9556934,9945601
9557013,9557013,9945601
9557256,9557256,9945601
9557422,9557422,9945601
9557521,9557521,9945601
9558188,9558188,9945601
9558366,9558366,9945601
9558684,9558684,9945601
9558952,9558952,9945601
9559391,9559391,9945601
9559545,9559545,9945601
9559623,9559623,9945601
9559704,9559704,9945601
9559730,9559730,9945601
9560041,9560041,9945601
9560048,9560048,9945601
9560086,9560086,9945601
9560210,9560210,9945601
9560518,9560518,9945601
9560768,9560768,9945601
9560862,9560862,9945601
9561366,9561366,9945601
9561764,9561764,9945601
9561906,9561906,9945601
9562003,9562003,9945601
9562080,9562080,9945601
9562136,9562136,9945601
9562369,9562369,9945601
9563010,9563010,9945601
9563210,9563210,9945601
9563219,9563219,9945601
9563229,9563229,9945601
9563250,9563250,9945601
9563348,9563348,9945601
9563424,9563424,9945601
9563600,9563600,9945601
9564038,9564038,9945601
9565334,9565334,9945601
9565346,9565346,9945601
9565842,9565842,9945601
9565863,9565863,9945601
9566080,9566080,9945601
9566386,9566386,9945601
9567341,9567341,9945601
9567344,9567344,9945601
9567715,9567715,9945601
9567862,9567862,9945601
9568296,9568296,9945601
9568498,9568498,9945601
9568566,9568566,9945601
9569148,9569148,9945601
9569292,9569292,9945601
9569343,9569343,9945601
9569640,9569640,9945601
9569676,9569676,9945601
9569793,9569793,9945601
9570378,9570378,9945601
9570407,9570407,9945601
9570564,9570564,9945601
9571746,9571746,9945601
9571788,9571788,9945601
9571908,9571908,9945601
9572243,9572243,9945601
9573348,9573348,9945601
9573755,9573755,9945601
9573968,9573968,9945601
9574133,9574133,9945601
9574433,9574433,9945601
9574492,9574492,9945601
9574884,9574884,9945601
9575239,9575239,9945601
9575395,9575395,9945601
9575410,9575410,9945601
9575646,9575646,9945601
9575738,9575738,9945601
9576431,9576431,9945601
9576728,9576728,9945601
9576848,9576848,9945601
9577435,9577435,9945601
9577559,9577559,9945601
9577615,9577615,9945601
9577645,9577645,9945601
9578116,9578116,9945601
9578121,9578121,9945601
9578396,9578396,9945601
9578535,9578535,9945601
9578719,9578719,9945601
9578725,9578725,9945601
9578952,9578952,9945601
9579750,9579750,9945601
9579896,9579896,9945601
9579924,9579924,9945601
9580107,9580107,9945601
9580145,9580145,9945601
9580261,9580261,9945601
9581377,9581377,9945601
9581404,9581404,9945601
9581714,9581714,9945601
9582108,9582108,9945601
9582252,9582252,9945601
9582367,9582367,9945601
9582802,9582802,9945601
9583348,9583348,9945601
9583555,9583555,9945601
9583952,9583952,9945601
9584074,9584074,9945601
9584578,9584578,9945601
9585065,9585065,9945601
9585169,9585169,9945601
9585170,9585170,9945601
9585361,9585361,9945601
9585534,9585534,9945601
9585980,9585980,9945601
9586079,9586079,9945601
9586203,9586203,9945601
9586489,9586489,9945601
9586835,9586835,9945601
9587188,9587188,9945601
9587217,9587217,9945601
9587395,9587395,9945601
9587481,9587481,9945601
9587796,9587796,9945601
9588364,9588364,9945601
9588465,9588465,9945601
9588497,9588497,9945601
9589334,9589334,9945601
9589374,9589374,9945601
9589696,9589696,9945601
9590036,9590036,9945601
9590055,9590055,9945601
9590826,9590826,9945601
9591156,9591156,9945601
9591359,9591359,9945601
9591393,9591393,9945601
9591516,9591516,9945601
9591923,9591923,9945601
9591979,9591979,9945601
9591984,9591984,9945601
9592356,9592356,9945601
9592470,9592470,9945601
9592537,9592537,9945601
9592602,9592602,9945601
9593045,9593045,9945601
9593184,9593184,9945601
9593527,9593527,9945601
9593710,9593710,9945601
9594289,9594289,9945601
9594612,9594612,9945601
9595416,9595416,9945601
9595426,9595426,9945601
9595456,9595456,9945601
9595534,9595534,9945601
9596349,9596349,9945601
9596530,9596530,9945601
9596551,9596551,9945601
9596607,9596607,9945601
9596625,9596625,9945601
9596634,9596634,9945601
9596648,9596648,9945601
9596758,9596758,9945601
9596921,9596921,9945601
9597189,9597189,9945601
9597456,9597456,9945601
9597581,9597581,9945601
9597750,9597750,9945601
9598305,9598305,9945601
9598428,9598428,9945601
9598437,9598437,9945601
9598732,9598732,9945601
9599226,9599226,9945601
9599608,9599608,9945601
9599984,9599984,9945601
9599994,9599994,9945601
9600527,9600527,9945601
9601031,9601031,9945601
9601389,9601389,9945601
9601505,9601505,9945601
9601524,9601524,9945601
9601543,9601543,9945601
9601707,9601707,9945601
9601988,9601988,9945601
9602032,9602032,9945601
9602316,9602316,9945601
9602364,9602364,9945601
9602653,9602653,9945601
9603105,9603105,9945601
9603284,9603284,9945601
9603477,9603477,9945601
9603605,9603605,9945601
9604184,9604184,9945601
9604212,9604212,9945601
9604388,9604388,9945601
9604648,9604648,9945601
9605071,9605071,9945601
9605255,9605255,9945601
9605395,9605395,9945601
9605671,9605671,9945601
9605702,9605702,9945601
9605936,9605936,9945601
9606248,9606248,9945601
9606529,9606529,9945601
9606554,9606554,9945601
9607048,9607048,9945601
9607124,9607124,9945601
9607199,9607199,9945601
9607655,9607655,9945601
9607661,9607661,9945601
9608072,9608072,9945601
9608446,9608446,9945601
9609008,9609008,9945601
9609419,9609419,9945601
9609618,9609618,9945601
9609925,9609925,9945601
9610003,9610003,9945601
9610141,9610141,9945601
9610317,9610317,9945601
9610439,9610439,9945601
9610450,9610450,9945601
9610637,9610637,9945601
9610645,9610645,9945601
9611173,9611173,9945601
9611386,9611386,9945601
9611456,9611456,9945601
9611817,9611817,9945601
9611899,9611899,9945601
9612673,9612673,9945601
9613510,9613510,9945601
9613576,9613576,9945601
9613625,9613625,9945601
9613752,9613752,9945601
9614045,9614045,9945601
9614115,9614115,9945601
9616131,9616131,9945601
9616499,9616499,9945601
9617057,9617057,9945601
9617342,9617342,9945601
9617568,9617568,9945601
9617696,9617696,9945601
9617996,9617996,9945601
9618475,9618475,9945601
9618657,9618657,9945601
9618724,9618724,9945601
9618846,9618846,9945601
9619125,9619125,9945601
9619185,9619185,9945601
9619360,9619360,9945601
9619767,9619767,9945601
9619779,9619779,9945601
9619999,9619999,9945601
9620190,9620190,9945601
9620223,9620223,9945601
9620770,9620770,9945601
9621127,9621127,9945601
9622102,9622102,9945601
9622261,9622261,9945601
9622595,9622595,9945601
9623719,9623719,9945601
9623935,9623935,9945601
9624168,9624168,9945601
9624298,9624298,9945601
9624877,9624877,9945601
9624893,9624893,9945601
9624975,9624975,9945601
9625160,9625160,9945601
9625225,9625225,9945601
9625365,9625365,9945601
9625417,9625417,9945601
9625433,9625433,9945601
9625811,9625811,9945601
9625821,9625821,9945601
9625898,9625898,9945601
9626013,9626013,9945601
9626424,9626424,9945601
9626829,9626829,9945601
9627305,9627305,9945601
9627446,9627446,9945601
9627486,9627486,9945601
9627638,9627638,9945601
9628798,9628798,9945601
9628824,9628824,9945601
9628837,9628837,9945601
9628917,9628917,9945601
9629103,9629103,9945601
9629191,9629191,9945601
9629798,9629798,9945601
9629911,9629911,9945601
9630069,9630069,9945601
9631542,9631542,9945601
9631614,9631614,9945601
9632457,9632457,9945601
9632993,9632993,9945601
9633240,9633240,9945601
9633711,9633711,9945601
9633968,9633968,9945601
9634213,9634213,9945601
9634225,9634225,9945601
9634548,9634548,9945601
9634810,9634810,9945601
9635424,9635424,9945601
9635517,9635517,9945601
9636688,9636688,9945601
9636826,9636826,9945601
9637132,9637132,9945601
9637182,9637182,9945601
9637258,9637258,9945601
9637620,9637620,9945601
9637754,9637754,9945601
9638138,9638138,9945601
9638447,9638447,9945601
9638507,9638507,9945601
9638928,9638928,9945601
9639067,9639067,9945601
9639421,9639421,9945601
9639449,9639449,9945601
9639972,9639972,9945601
9640020,9640020,9945601
9640184,9640184,9945601
9640279,9640279,9945601
9640360,9640360,9945601
9640895,9640895,9945601
9641130,9641130,9945601
9641277,9641277,9945601
9641346,9641346,9945601
9641863,9641863,9945601
9641892,9641892,9945601
9642223,9642223,9945601
9642399,9642399,9945601
9642838,9642838,9945601
9643427,9643427,9945601
9644068,9644068,9945601
9644227,9644227,9945601
9644917,9644917,9945601
9644981,9644981,9945601
9645071,9645071,9945601
9645157,9645157,9945601
9645304,9645304,9945601
9645675,9645675,9945601
9645730,9645730,9945601
9645904,9645904,9945601
9646268,9646268,9945601
9646270,9646270,9945601
9646626,9646626,9945601
9646645,9646645,9945601
9646674,9646674,9945601
9646736,9646736,9945601
9647070,9647070,9945601
9647115,9647115,9945601
9647117,9647117,9945601
9647469,9647469,9945601
9647736,9647736,9945601
9647924,9647924,9945601
9648185,9648185,9945601
9648340,9648340,9945601
9648579,9648579,9945601
9649057,9649057,9945601
9649206,9649206,9945601
9649254,9649254,9945601
9649497,9649497,9945601
9650004,9650004,9945601
9650122,9650122,9945601
9650363,9650363,9945601
9650693,9650693,9945601
9651274,9651274,9945601
9651427,9651427,9945601
9651792,9651792,9945601
9651795,9651795,9945601
9651993,9651993,9945601
9652025,9652025,9945601
9652200,9652200,9945601
9652265,9652265,9945601
9652406,9652406,9945601
9652788,9652788,9945601
9652856,9652856,9945601
9653446,9653446,9945601
9653468,9653468,9945601
9653564,9653564,9945601
9653915,9653915,9945601
9654507,9654507,9945601
9654808,9654808,9945601
9654879,9654879,9945601
9655179,9655179,9945601
9655649,9655649,9945601
9655746,9655746,9945601
9655835,9655835,9945601
9655889,9655889,9945601
9656139,9656139,9945601
9656184,9656184,9945601
9656362,9656362,9945601
9656618,9656618,9945601
9656648,9656648,9945601
9656797,9656797,9945601
9656860,9656860,9945601
9656998,9656998,9945601
9657412,9657412,9945601
9657567,9657567,9945601
9658158,9658158,9945601
9658169,9658169,9945601
9658513,9658513,9945601
9658536,9658536,9945601
9658633,9658633,9945601
9658899,9658899,9945601
9659182,9659182,9945601
9659330,9659330,9945601
9659709,9659709,9945601
9660030,9660030,9945601
9660277,9660277,9945601
9660282,9660282,9945601
9660305,9660305,9945601
9660696,9660696,9945601
9660725,9660725,9945601
9660809,9660809,9945601
9661006,9661006,9945601
9661331,9661331,9945601
9661345,9661345,9945601
9661683,9661683,9945601
9661891,9661891,9945601
9662088,9662088,9945601
9662150,9662150,9945601
9662237,9662237,9945601
9662668,9662668,9945601
9662720,9662720,9945601
9662847,9662847,9945601
9662885,9662885,9945601
9663295,9663295,9945601
9663391,9663391,9945601
9663672,9663672,9945601
9663707,9663707,9945601
9664105,9664105,9945601
9664203,9664203,9945601
9664610,9664610,9945601
9664771,9664771,9945601
9664947,9664947,9945601
9665474,9665474,9945601
9665852,9665852,9945601
9665953,9665953,9945601
9666079,9666079,9945601
9666102,9666102,9945601
9666278,9666278,9945601
9666835,9666835,9945601
9667330,9667330,9945601
9667505,9667505,9945601
9667847,9667847,9945601
9668194,9668194,9945601
9668200,9668200,9945601
9668360,9668360,9945601
9668439,9668439,9945601
9668768,9668768,9945601
9668987,9668987,9945601
9669126,9669126,9945601
9669130,9669130,9945601
9669529,9669529,9945601
9669977,9669977,9945601
9670059,9670059,9945601
9670323,9670323,9945601
9670878,9670878,9945601
9671507,9671507,9945601
9671825,9671825,9945601
9672133,9672133,9945601
9672316,9672316,9945601
9672691,9672691,9945601
9672762,9672762,9945601
9672776,9672776,9945601
9672911,9672911,9945601
9673335,9673335,9945601
9674028,9674028,9945601
9674249,9674249,9945601
9674946,9674946,9945601
9675694,9675694,9945601
9675704,9675704,9945601
9675801,9675801,9945601
9675897,9675897,9945601
9675926,9675926,9945601
9675956,9675956,9945601
9676060,9676060,9945601
9676114,9676114,9945601
9676161,9676161,9945601
9676243,9676243,9945601
9676268,9676268,9945601
9676382,9676382,9945601
9676464,9676464,9945601
9676517,9676517,9945601
9676958,9676958,9945601
9677138,9677138,9945601
9677607,9677607,9945601
9677619,9677619,9945601
9677849,9677849,9945601
9677937,9677937,9945601
9678007,9678007,9945601
9678029,9678029,9945601
9678125,9678125,9945601
9678298,9678298,9945601
9678691,9678691,9945601
9678844,9678844,9945601
9679484,9679484,9945601
9679825,9679825,9945601
9680366,9680366,9945601
9680618,9680618,9945601
9681058,9681058,9945601
9681220,9681220,9945601
9681413,9681413,9945601
9681512,9681512,9945601
9681626,9681626,9945601
9681753,9681753,9945601
9681766,9681766,9945601
9681799,9681799,9945601
9681843,9681843,9945601
9682068,9682068,9945601
9682842,9682842,9945601
9683787,9683787,9945601
9683891,9683891,9945601
9684099,9684099,9945601
9684199,9684199,9945601
9684213,9684213,9945601
9684315,9684315,9945601
9684549,9684549,9945601
9684898,9684898,9945601
9685973,9685973,9945601
9686017,9686017,9945601
9686464,9686464,9945601
9687457,9687457,9945601
9687469,9687469,9945601
9687518,9687518,9945601
9688068,9688068,9945601
9688138,9688138,9945601
9688348,9688348,9945601
9688549,9688549,9945601
9689133,9689133,9945601
9689299,9689299,9945601
9690219,9690219,9945601
9690229,9690229,9945601
9690327,9690327,9945601
9690389,9690389,9945601
9690648,9690648,9945601
9691530,9691530,9945601
9692106,9692106,9945601
9692360,9692360,9945601
9692391,9692391,9945601
9692464,9692464,9945601
9692741,9692741,9945601
9693088,9693088,9945601
9693640,9693640,9945601
9693831,9693831,9945601
9693945,9693945,9945601
9694125,9694125,9945601
9694329,9694329,9945601
9694591,9694591,9945601
9694797,9694797,9945601
9694797,9694797,9945601
9695023,9695023,9945601
9695052,9695052,9945601
9695524,9695524,9945601
9695884,9695884,9945601
9695947,9695947,9945601
9696111,9696111,9945601
9696390,9696390,9945601
9696392,9696392,9945601
9696437,9696437,9945601
9696794,9696794,9945601
9696840,9696840,9945601
9696969,9696969,9945601
9697217,9697217,9945601
9697742,9697742,9945601
9697951,9697951,9945601
9697968,9697968,9945601
9697969,9697969,9945601
9698004,9698004,9945601
9698154,9698154,9945601
9698412,9698412,9945601
9698567,9698567,9945601
9698799,9698799,9945601
9698820,9698820,9945601
9698939,9698939,9945601
9698989,9698989,9945601
9699228,9699228,9945601
9699400,9699400,9945601
9699817,9699817,9945601
9699891,9699891,9945601
9699895,9699895,9945601
9700045,9700045,9945601
9700061,9700061,9945601
9700536,9700536,9945601
9701003,9701003,9945601
9701003,9701003,9945601
9701421,9701421,9945601
9701581,9701581,9945601
9701729,9701729,9945601
9701990,9701990,9945601
9702318,9702318,9945601
9702448,9702448,9945601
9703382,9703382,9945601
9703618,9703618,9945601
9703729,9703729,9945601
9703806,9703806,9945601
9704294,9704294,9945601
9704336,9704336,9945601
9704360,9704360,9945601
9705265,9705265,9945601
9705343,9705343,9945601
9706766,9706766,9945601
9707307,9707307,9945601
9707373,9707373,9945601
9707610,9707610,9945601
9707662,9707662,9945601
9707763,9707763,9945601
9708554,9708554,9945601
9708562,9708562,9945601
9708564,9708564,9945601
9709211,9709211,9945601
9709364,9709364,9945601
9709765,9709765,9945601
9710172,9710172,9945601
9710241,9710241,9945601
9710792,9710792,9945601
9710924,9710924,9945601
9710927,9710927,9945601
9711070,9711070,9945601
9711205,9711205,9945601
9711420,9711420,9945601
9711475,9711475,9945601
9711778,9711778,9945601
9712363,9712363,9945601
9712431,9712431,9945601
9712949,9712949,9945601
9713367,9713367,9945601
9714073,9714073,9945601
9714289,9714289,9945601
9714535,9714535,9945601
9714537,9714537,9945601
9714945,9714945,9945601
9714979,9714979,9945601
9715135,9715135,9945601
9715468,9715468,9945601
9715485,9715485,9945601
9715777,9715777,9945601
9715851,9715851,9945601
9715991,9715991,9945601
9716468,9716468,9945601
9717567,9717567,9945601
9717601,9717601,9945601
9717771,9717771,9945601
9717880,9717880,9945601
9718106,9718106,9945601
9718139,9718139,9945601
9718351,9718351,9945601
9718653,9718653,9945601
9718917,9718917,9945601
9719210,9719210,9945601
9719222,9719222,9945601
9719337,9719337,9945601
9719360,9719360,9945601
9719751,9719751,9945601
9719788,9719788,9945601
9720551,9720551,9945601
9720736,9720736,9945601
9720867,9720867,9945601
9721011,9721011,9945601
9721016,9721016,9945601
9721303,9721303,9945601
9721342,9721342,9945601
9721371,9721371,9945601
9721520,9721520,9945601
9721697,9721697,9945601
9722264,9722264,9945601
9722323,9722323,9945601
9722506,9722506,9945601
9722859,9722859,9945601
9723127,9723127,9945601
9723156,9723156,9945601
9723794,9723794,9945601
9723964,9723964,9945601
9724792,9724792,9945601
9724956,9724956,9945601
9725327,9725327,9945601
9725347,9725347,9945601
9725479,9725479,9945601
9725944,9725944,9945601
9725964,9725964,9945601
9726284,9726284,9945601
9726388,9726388,9945601
9726611,9726611,9945601
9726856,9726856,9945601
9727406,9727406,9945601
9727433,9727433,9945601
9727605,9727605,9945601
9727612,9727612,9945601
9727780,9727780,9945601
9728096,9728096,9945601
9728410,9728410,9945601
9728511,9728511,9945601
9728904,9728904,9945601
9729139,9729139,9945601
9729371,9729371,9945601
9729432,9729432,9945601
9729538,9729538,9945601
9729800,9729800,9945601
9730256,9730256,9945601
9730312,9730312,9945601
9730319,9730319,9945601
9730489,9730489,9945601
9730664,9730664,9945601
9730857,9730857,9945601
9730980,9730980,9945601
9731283,9731283,9945601
9731384,9731384,9945601
9731418,9731418,9945601
9731662,9731662,9945601
9731849,9731849,9945601
9732078,9732078,9945601
9732182,9732182,9945601
9732576,9732576,9945601
9732579,9732579,9945601
9732746,9732746,9945601
9733541,9733541,9945601
9733699,9733699,9945601
9733701,9733701,9945601
9733777,9733777,9945601
9733817,9733817,9945601
9733896,9733896,9945601
9734362,9734362,9945601
9734908,9734908,9945601
9735305,9735305,9945601
9735411,9735411,9945601
9735606,9735606,9945601
9736634,9736634,9945601
9737038,9737038,9945601
9737214,9737214,9945601
9737851,9737851,9945601
9737940,9737940,9945601
9738183,9738183,9945601
9739100,9739100,9945601
9739146,9739146,9945601
9739243,9739243,9945601
9739289,9739289,9945601
9739360,9739360,9945601
9739657,9739657,9945601
9739948,9739948,9945601
9740201,9740201,9945601
9740238,9740238,9945601
9740489,9740489,9945601
9741125,9741125,9945601
9741240,9741240,9945601
9741422,9741422,9945601
9742194,9742194,9945601
9742558,9742558,9945601
9742738,9742738,9945601
9743114,9743114,9945601
9743628,9743628,9945601
9743738,9743738,9945601
9743827,9743827,9945601
9743937,9743937,9945601
9744346,9744346,9945601
9744456,9744456,9945601
9744536,9744536,9945601
9744602,9744602,9945601
9744650,9744650,9945601
9744714,9744714,9945601
9744779,9744779,9945601
9745347,9745347,9945601
9745677,9745677,9945601
9745745,9745745,9945601
9745910,9745910,9945601
9746147,9746147,9945601
9746278,9746278,9945601
9746395,9746395,9945601
9746499,9746499,9945601
9746930,9746930,9945601
9747085,9747085,9945601
9747138,9747138,9945601
9747162,9747162,9945601
9747873,9747873,9945601
9748015,9748015,9945601
9748111,9748111,9945601
9748159,9748159,9945601
9749213,9749213,9945601
9749374,9749374,9945601
9749588,9749588,9945601
9749885,9749885,9945601
9750252,9750252,9945601
9750633,9750633,9945601
9750875,9750875,9945601
9751239,9751239,9945601
9751505,9751505,9945601
9751936,9751936,9945601
9751987,9751987,9945601
9752039,9752039,9945601
9752066,9752066,9945601
9752746,9752746,9945601
9752781,9752781,9945601
9753005,9753005,9945601
9753093,9753093,9945601
9753278,9753278,9945601
9753679,9753679,9945601
9754136,9754136,9945601
9754335,9754335,9945601
9754652,9754652,9945601
9754966,9754966,9945601
9755059,9755059,9945601
9755435,9755435,9945601
9756302,9756302,9945601
9756830,9756830,9945601
9757049,9757049,9945601
9757365,9757365,9945601
9757463,9757463,9945601
9757706,9757706,9945601
9757714,9757714,9945601
9757756,9757756,9945601
9758024,9758024,9945601
9758055,9758055,9945601
9758092,9758092,9945601
9758093,9758093,9945601
9758385,9758385,9945601
9758513,9758513,9945601
9758600,9758600,9945601
9759425,9759425,9945601
9759439,9759439,9945601
9759531,9759531,9945601
9759760,9759760,9945601
9759820,9759820,9945601
9759867,9759867,9945601
9759919,9759919,9945601
9760123,9760123,9945601
9760175,9760175,9945601
9760323,9760323,9945601
9760818,9760818,9945601
9760840,9760840,9945601
9760862,9760862,9945601
9761286,9761286,9945601
9761953,9761953,9945601
9762974,9762974,9945601
9763133,9763133,9945601
9763394,9763394,9945601
9763489,9763489,9945601
9763613,9763613,9945601
9764357,9764357,9945601
9764462,9764462,9945601
9764663,9764663,9945601
9764830,9764830,9945601
9764884,9764884,9945601
9764937,9764937,9945601
9765009,9765009,9945601
9765014,9765014,9945601
9765602,9765602,9945601
9765688,9765688,9945601
9765747,9765747,9945601
9766116,9766116,9945601
9766577,9766577,9945601
9766805,9766805,9945601
9766939,9766939,9945601
9767030,9767030,9945601
9767175,9767175,9945601
9767282,9767282,9945601
9767993,9767993,9945601
9768029,9768029,9945601
9768061,9768061,9945601
9768524,9768524,9945601
9768695,9768695,9945601
9768926,9768926,9945601
9769005,9769005,9945601
9769366,9769366,9945601
9769626,9769626,9945601
9769707,9769707,9945601
9769811,9769811,9945601
9770538,9770538,9945601
9770641,9770641,9945601
9770816,9770816,9945601
9770896,9770896,9945601
9771017,9771017,9945601
9771790,9771790,9945601
9772468,9772468,9945601
9772713,9772713,9945601
9773272,9773272,9945601
9773600,9773600,9945601
9773773,9773773,9945601
9774041,9774041,9945601
9774110,9774110,9945601
9774264,9774264,9945601
9774285,9774285,9945601
9774855,9774855,9945601
9775087,9775087,9945601
9775166,9775166,9945601
9775359,9775359,9945601
9775512,9775512,9945601
9776058,9776058,9945601
9776758,9776758,9945601
9776802,9776802,9945601
9776873,9776873,9945601
9777271,9777271,9945601
9777364,9777364,9945601
9778405,9778405,9945601
9778587,9778587,9945601
9778827,9778827,9945601
9778874,9778874,9945601
9779431,9779431,9945601
9779650,9779650,9945601
9779831,9779831,9945601
9780169,9780169,9945601
9781426,9781426,9945601
9781601,9781601,9945601
9781697,9781697,9945601
9781910,9781910,9945601
9782015,9782015,9945601
9782223,9782223,9945601
9782236,9782236,9945601
9782287,9782287,9945601
9782357,9782357,9945601
9782404,9782404,9945601
9782477,9782477,9945601
9782540,9782540,9945601
9782650,9782650,9945601
9782738,9782738,9945601
9783100,9783100,9945601
9783418,9783418,9945601
9783746,9783746,9945601
9783882,9783882,9945601
9784294,9784294,9945601
9784517,9784517,9945601
9784688,9784688,9945601
9784748,9784748,9945601
9784763,9784763,9945601
9785233,9785233,9945601
9785418,9785418,9945601
9786231,9786231,9945601
9786727,9786727,9945601
9787191,9787191,9945601
9787607,9787607,9945601
9787908,9787908,9945601
9787977,9787977,9945601
9788009,9788009,9945601
9788106,9788106,9945601
9788340,9788340,9945601
9788349,9788349,9945601
9788633,9788633,9945601
9788729,9788729,9945601
9788755,9788755,9945601
9788810,9788810,9945601
9788864,9788864,9945601
9788919,9788919,9945601
9789207,9789207,9945601
9789465,9789465,9945601
9790552,9790552,9945601
9790597,9790597,9945601
9790725,9790725,9945601
9790951,9790951,9945601
9791016,9791016,9945601
9791058,9791058,9945601
9791429,9791429,9945601
9791667,9791667,9945601
9791924,9791924,9945601
9792334,9792334,9945601
9793363,9793363,9945601
9793921,9793921,9945601
9794112,9794112,9945601
9794728,9794728,9945601
9795174,9795174,9945601
9795175,9795175,9945601
9795283,9795283,9945601
9795305,9795305,9945601
9795357,9795357,9945601
9795632,9795632,9945601
9795730,9795730,9945601
9795846,9795846,9945601
9796040,9796040,9945601
9796113,9796113,9945601
9796879,9796879,9945601
9796973,9796973,9945601
9797444,9797444,9945601
9797523,9797523,9945601
9797571,9797571,9945601
9797705,9797705,9945601
9798375,9798375,9945601
9798678,9798678,9945601
9798868,9798868,9945601
9798889,9798889,9945601
9799059,9799059,9945601
9799169,9799169,9945601
9799451,9799451,9945601
9799641,9799641,9945601
9799809,9799809,9945601
9800373,9800373,9945601
9800635,9800635,9945601
9800687,9800687,9945601
9800694,9800694,9945601
9800778,9800778,9945601
9800794,9800794,9945601
9800813,9800813,9945601
9800845,9800845,9945601
9801159,9801159,9945601
9801520,9801520,9945601
9801641,9801641,9945601
9801866,9801866,9945601
9801912,9801912,9945601
9802428,9802428,9945601
9802556,9802556,9945601
9803820,9803820,9945601
9804002,9804002,9945601
9804110,9804110,9945601
9804164,9804164,9945601
9804587,9804587,9945601
9805127,9805127,9945601
9805351,9805351,9945601
9805709,9805709,9945601
9806093,9806093,9945601
9806284,9806284,9945601
9807353,9807353,9945601
9807474,9807474,9945601
9807599,9807599,9945601
9807600,9807600,9945601
9807920,9807920,9945601
9808029,9808029,9945601
9808356,9808356,9945601
9808384,9808384,9945601
9808910,9808910,9945601
9809069,9809069,9945601
9809308,9809308,9945601
9809376,9809376,9945601
9809912,9809912,9945601
9810077,9810077,9945601
9810105,9810105,9945601
9810337,9810337,9945601
9810424,9810424,9945601
9810743,9810743,9945601
9810845,9810845,9945601
9811297,9811297,9945601
9811304,9811304,9945601
9811712,9811712,9945601
9811842,9811842,9945601
9812154,9812154,9945601
9812431,9812431,9945601
9812642,9812642,9945601
9812737,9812737,9945601
9813488,9813488,9945601
9813645,9813645,9945601
9814244,9814244,9945601
9814265,9814265,9945601
9814648,9814648,9945601
9814660,9814660,9945601
9814870,9814870,9945601
9814967,9814967,9945601
9814991,9814991,9945601
9815228,9815228,9945601
9815513,9815513,9945601
9815580,9815580,9945601
9815618,9815618,9945601
9815708,9815708,9945601
9816179,9816179,9945601
9816707,9816707,9945601
9816880,9816880,9945601
9817133,9817133,9945601
9817402,9817402,9945601
9817484,9817484,9945601
9817628,9817628,9945601
9817748,9817748,9945601
9817891,9817891,9945601
9817901,9817901,9945601
9818463,9818463,9945601
9819113,9819113,9945601
9819287,9819287,9945601
9819922,9819922,9945601
9820499,9820499,9945601
9820518,9820518,9945601
9820526,9820526,9945601
9820550,9820550,9945601
9820804,9820804,9945601
9820825,9820825,9945601
9820933,9820933,9945601
9821049,9821049,9945601
9821808,9821808,9945601
9822034,9822034,9945601
9822064,9822064,9945601
9822202,9822202,9945601
9823694,9823694,9945601
9823954,9823954,9945601
9823974,9823974,9945601
9824200,9824200,9945601
9824242,9824242,9945601
9824307,9824307,9945601
9824339,9824339,9945601
9824519,9824519,9945601
9824532,9824532,9945601
9825010,9825010,9945601
9825017,9825017,9945601
9825165,9825165,9945601
9825290,9825290,9945601
9825396,9825396,9945601
9825426,9825426,9945601
9825567,9825567,9945601
9825709,9825709,9945601
9825904,9825904,9945601
9826428,9826428,9945601
9826549,9826549,9945601
9826925,9826925,9945601
9826977,9826977,9945601
9827125,9827125,9945601
9827725,9827725,9945601
9827816,9827816,9945601
9828237,9828237,9945601
9828595,9828595,9945601
9828603,9828603,9945601
9828614,9828614,9945601
9828859,9828859,9945601
9828893,9828893,9945601
9829025,9829025,9945601
9829235,9829235,9945601
9829374,9829374,9945601
9829457,9829457,9945601
9829534,9829534,9945601
9829666,9829666,9945601
9829911,9829911,9945601
9830363,9830363,9945601
9831807,9831807,9945601
9831861,9831861,9945601
9831914,9831914,9945601
9832046,9832046,9945601
9832116,9832116,9945601
9832460,9832460,9945601
9832674,9832674,9945601
9832884,9832884,9945601
9832941,9832941,9945601
9833166,9833166,9945601
9833245,9833245,9945601
9834074,9834074,9945601
9834303,9834303,9945601
9834624,9834624,9945601
9834739,9834739,9945601
9835025,9835025,9945601
9835138,9835138,9945601
9835948,9835948,9945601
9836995,9836995,9945601
9837053,9837053,9945601
9837185,9837185,9945601
9837355,9837355,9945601
9837529,9837529,9945601
9837894,9837894,9945601
9838023,9838023,9945601
9838241,9838241,9945601
9838736,9838736,9945601
9838804,9838804,9945601
9838873,9838873,9945601
9839009,9839009,9945601
9839310,9839310,9945601
9839458,9839458,9945601
9839955,9839955,9945601
9840568,9840568,9945601
9840574,9840574,9945601
9840656,9840656,9945601
9840748,9840748,9945601
9841032,9841032,9945601
9841166,9841166,9945601
9841486,9841486,9945601
9841928,9841928,9945601
9842545,9842545,9945601
9842597,9842597,9945601
9842971,9842971,9945601
9842988,9842988,9945601
9843089,9843089,9945601
9843785,9843785,9945601
9843961,9843961,9945601
9844232,9844232,9945601
9844553,9844553,9945601
9844858,9844858,9945601
9845030,9845030,9945601
9845047,9845047,9945601
9845118,9845118,9945601
9845959,9845959,9945601
9846017,9846017,9945601
9846476,9846476,9945601
9846694,9846694,9945601
9847220,9847220,9945601
9847275,9847275,9945601
9847302,9847302,9945601
9848147,9848147,9945601
9848247,9848247,9945601
9848310,9848310,9945601
9848820,9848820,9945601
9849203,9849203,9945601
9849717,9849717,9945601
9849737,9849737,9945601
9850320,9850320,9945601
9850489,9850489,9945601
9850705,9850705,9945601
9851564,9851564,9945601
9851787,9851787,9945601
9851974,9851974,9945601
9852175,9852175,9945601
9852231,9852231,9945601
9852313,9852313,9945601
9852991,9852991,9945601
9853073,9853073,9945601
9853153,9853153,9945601
9853444,9853444,9945601
9853563,9853563,9945601
9853893,9853893,9945601
9854018,9854018,9945601
9854366,9854366,9945601
9854425,9854425,9945601
9854505,9854505,9945601
9854644,9854644,9945601
9854856,9854856,9945601
9855047,9855047,9945601
9855104,9855104,9945601
9855389,9855389,9945601
9855861,9855861,9945601
9855995,9855995,9945601
9856454,9856454,9945601
9856654,9856654,9945601
9856957,9856957,9945601
9857417,9857417,9945601
9857664,9857664,9945601
9857847,9857847,9945601
9857964,9857964,9945601
9858577,9858577,9945601
9858598,9858598,9945601
9858750,9858750,9945601
9858770,9858770,9945601
9859472,9859472,9945601
9860439,9860439,9945601
9860754,9860754,9945601
9861450,9861450,9945601
9861495,9861495,9945601
9862410,9862410,9945601
9863162,9863162,9945601
9863167,9863167,9945601
9863190,9863190,9945601
9863513,9863513,9945601
9863583,9863583,9945601
9863653,9863653,9945601
9864332,9864332,9945601
9864419,9864419,9945601
9864653,9864653,9945601
9865278,9865278,9945601
9865353,9865353,9945601
9865387,9865387,9945601
9866747,9866747,9945601
9866779,9866779,9945601
9866856,9866856,9945601
9866882,9866882,9945601
9867627,9867627,9945601
9868363,9868363,9945601
9868782,9868782,9945601
9868876,9868876,9945601
9869431,9869431,9945601
9869445,9869445,9945601
9869526,9869526,9945601
9869600,9869600,9945601
9869750,9869750,9945601
9870009,9870009,9945601
9870068,9870068,9945601
9870500,9870500,9945601
9870567,9870567,9945601
9870645,9870645,9945601
9870812,9870812,9945601
9871010,9871010,9945601
9871016,9871016,9945601
9871241,9871241,9945601
9871379,9871379,9945601
9871488,9871488,9945601
9871723,9871723,9945601
9871785,9871785,9945601
9872030,9872030,9945601
9872218,9872218,9945601
9872296,9872296,9945601
9872509,9872509,9945601
9873052,9873052,9945601
9873084,9873084,9945601
9873170,9873170,9945601
9873721,9873721,9945601
9873878,9873878,9945601
9874258,9874258,9945601
9874433,9874433,9945601
9874510,9874510,9945601
9874567,9874567,9945601
9874904,9874904,9945601
9874966,9874966,9945601
9875180,9875180,9945601
9875809,9875809,9945601
9875858,9875858,9945601
9875996,9875996,9945601
9876302,9876302,9945601
9877065,9877065,9945601
9877752,9877752,9945601
9878199,9878199,9945601
9878702,9878702,9945601
9878941,9878941,9945601
9879072,9879072,9945601
9879118,9879118,9945601
9879293,9879293,9945601
9879435,9879435,9945601
9879801,9879801,9945601
9879885,9879885,9945601
9880041,9880041,9945601
9880137,9880137,9945601
9880330,9880330,9945601
9880506,9880506,9945601
9880612,9880612,9945601
9880622,9880622,9945601
9880736,9880736,9945601
9881155,9881155,9945601
9881483,9881483,9945601
9881648,9881648,9945601
9881767,9881767,9945601
9881896,9881896,9945601
9881991,9881991,9945601
9882157,9882157,9945601
9882473,9882473,9945601
9882704,9882704,9945601
9882945,9882945,9945601
9883079,9883079,9945601
9883081,9883081,9945601
9883130,9883130,9945601
9883181,9883181,9945601
9883309,9883309,9945601
9883312,9883312,9945601
9885126,9885126,9945601
9885218,9885218,9945601
9885611,9885611,9945601
9885813,9885813,9945601
9885881,9885881,9945601
9886082,9886082,9945601
9886330,9886330,9945601
9886402,9886402,9945601
9886490,9886490,9945601
9886662,9886662,9945601
9887180,9887180,9945601
9887486,9887486,9945601
9887548,9887548,9945601
9887815,9887815,9945601
9887954,9887954,9945601
9888066,9888066,9945601
9888075,9888075,9945601
9888322,9888322,9945601
9888407,9888407,9945601
9888437,9888437,9945601
9888572,9888572,9945601
9889005,9889005,9945601
9889155,9889155,9945601
9889297,9889297,9945601
9889601,9889601,9945601
9889936,9889936,9945601
9890044,9890044,9945601
9890389,9890389,9945601
9890698,9890698,9945601
9890714,9890714,9945601
9890898,9890898,9945601
9891490,9891490,9945601
9891563,9891563,9945601
9891647,9891647,9945601
9891856,9891856,9945601
9891891,9891891,9945601
9892654,9892654,9945601
9893393,9893393,9945601
9893521,9893521,9945601
9893580,9893580,9945601
9894426,9894426,9945601
9894467,9894467,9945601
9895082,9895082,9945601
9895667,9895667,9945601
9895674,9895674,9945601
9895919,9895919,9945601
9895954,9895954,9945601
9896004,9896004,9945601
9896060,9896060,9945601
9896152,9896152,9945601
9896940,9896940,9945601
9896997,9896997,9945601
9897108,9897108,9945601
9898306,9898306,9945601
9898326,9898326,9945601
9898355,9898355,9945601
9898796,9898796,9945601
9898810,9898810,9945601
9899019,9899019,9945601
9899411,9899411,9945601
9900317,9900317,9945601
9900446,9900446,9945601
9900966,9900966,9945601
9901029,9901029,9945601
9901926,9901926,9945601
9902073,9902073,9945601
9902416,9902416,9945601
9902606,9902606,9945601
9902810,9902810,9945601
9903042,9903042,9945601
9903219,9903219,9945601
9903246,9903246,9945601
9903543,9903543,9945601
9903663,9903663,9945601
9903746,9903746,9945601
9904286,9904286,9945601
9904293,9904293,9945601
9904370,9904370,9945601
9904659,9904659,9945601
9904824,9904824,9945601
9904970,9904970,9945601
9905085,9905085,9945601
9905095,9905095,9945601
9905815,9905815,9945601
9906044,9906044,9945601
9906123,9906123,9945601
9906330,9906330,9945601
9906868,9906868,9945601
9906932,9906932,9945601
9907386,9907386,9945601
9907625,9907625,9945601
9908124,9908124,9945601
9908176,9908176,9945601
9908302,9908302,9945601
9908324,9908324,9945601
9908913,9908913,9945601
9908949,9908949,9945601
9909130,9909130,9945601
9909229,9909229,9945601
9909236,9909236,9945601
9909382,9909382,9945601
9909988,9909988,9945601
9910008,9910008,9945601
9910011,9910011,9945601
9910894,9910894,9945601
9910926,9910926,9945601
9911432,9911432,9945601
9911516,9911516,9945601
9911761,9911761,9945601
9911777,9911777,9945601
9911793,9911793,9945601
9912182,9912182,9945601
9912233,9912233,9945601
9912337,9912337,9945601
9912801,9912801,9945601
9912970,9912970,9945601
9913439,9913439,9945601
9913698,9913698,9945601
9914941,9914941,9945601
9915284,9915284,9945601
9915424,9915424,9945601
9915564,9915564,9945601
9915985,9915985,9945601
9916170,9916170,9945601
9916551,9916551,9945601
9916914,9916914,9945601
9917183,9917183,9945601
9917201,9917201,9945601
9917220,9917220,9945601
9917410,9917410,9945601
9917422,9917422,9945601
9917867,9917867,9945601
9917891,9917891,9945601
9918022,9918022,9945601
9918062,9918062,9945601
9918648,9918648,9945601
9918974,9918974,9945601
9919416,9919416,9945601
9919426,9919426,9945601
9919530,9919530,9945601
9919539,9919539,9945601
9919667,9919667,9945601
9920232,9920232,9945601
9920241,9920241,9945601
9920426,9920426,9945601
9920629,9920629,9945601
9921046,9921046,9945601
9922091,9922091,9945601
9922676,9922676,9945601
9923116,9923116,9945601
9924422,9924422,9945601
9924459,9924459,9945601
9924767,9924767,9945601
9924971,9924971,9945601
9925038,9925038,9945601
9925103,9925103,9945601
9925194,9925194,9945601
9925776,9925776,9945601
9925854,9925854,9945601
9926881,9926881,9945601
9926957,9926957,9945601
9927148,9927148,9945601
9927327,9927327,9945601
9927666,9927666,9945601
9928445,9928445,9945601
9928596,9928596,9945601
9928629,9928629,9945601
9928976,9928976,9945601
9929043,9929043,9945601
9929124,9929124,9945601
9929174,9929174,9945601
9929178,9929178,9945601
9929774,9929774,9945601
9929858,9929858,9945601
9930033,9930033,9945601
9930186,9930186,9945601
9930797,9930797,9945601
9930957,9930957,9945601
9931314,9931314,9945601
9931444,9931444,9945601
9931827,9931827,9945601
9932034,9932034,9945601
9932063,9932063,9945601
9932079,9932079,9945601
9932287,9932287,9945601
9932529,9932529,9945601
9932717,9932717,9945601
9932789,9932789,9945601
9933005,9933005,9945601
9933151,9933151,9945601
9933320,9933320,9945601
9933493,9933493,9945601
9933789,9933789,9945601
9933938,9933938,9945601
9933999,9933999,9945601
9934125,9934125,9945601
9934129,9934129,9945601
9934288,9934288,9945601
9934404,9934404,9945601
9934778,9934778,9945601
9934876,9934876,9945601
9934919,9934919,9945601
9935157,9935157,9945601
9936227,9936227,9945601
9936859,9936859,9945601
9937063,9937063,9945601
9937622,9937622,9945601
9937681,9937681,9945601
9937920,9937920,9945601
9938015,9938015,9945601
9938041,9938041,9945601
9938414,9938414,9945601
9938415,9938415,9945601
9938528,9938528,9945601
9938814,9938814,9945601
9939324,9939324,9945601
9940225,9940225,9945601
9940424,9940424,9945601
9940566,9940566,9945601
9940609,9940609,9945601
9940800,9940800,9945601
9941047,9941047,9945601
9941664,9941664,9945601
9941816,9941816,9945601
9941896,9941896,9945601
9941948,9941948,9945601
9941948,9941948,9945601
9942067,9942067,9945601
9942111,9942111,9945601
9942599,9942599,9945601
9942775,9942775,9945601
9943198,9943198,9945601
9943351,9943351,9945601
9943400,9943400,9945601
9943527,9943527,9945601
9943768,9943768,9945601
9944263,9944263,9945601
9944388,9944388,9945601
9944885,9944885,9945601
9945039,9945039,9945601
9945160,9945160,9945601
9945491,9945491,9945601
9945581,9945581,9945601
9945581,9945581,9945601
9946601,9946601,10953002
9946698,9946698,10953002
9946702,9946702,10953002
9947288,9947288,10953002
9947295,9947295,10953002
9947409,9947409,10953002
9947954,9947954,10953002
9947968,9947968,10953002
9948162,9948162,10953002
9948693,9948693,10953002
9948868,9948868,10953002
9948991,9948991,10953002
9949311,9949311,10953002
9949406,9949406,10953002
9950173,9950173,10953002
9950484,9950484,10953002
9950626,9950626,10953002
9950782,9950782,10953002
9951181,9951181,10953002
9951235,9951235,10953002
9951298,9951298,10953002
9951394,9951394,10953002
9951785,9951785,10953002
9951841,9951841,10953002
9952228,9952228,10953002
9952262,9952262,10953002
9952382,9952382,10953002
9952696,9952696,10953002
9952785,9952785,10953002
9952796,9952796,10953002
9952971,9952971,10953002
9953052,9953052,10953002
9953443,9953443,10953002
9953666,9953666,10953002
9953957,9953957,10953002
9955335,9955335,10953002
9955497,9955497,10953002
9955995,9955995,10953002
9956524,9956524,10953002
9956702,9956702,10953002
9957440,9957440,10953002
9958183,9958183,10953002
9958321,9958321,10953002
9958427,9958427,10953002
9958522,9958522,10953002
9958538,9958538,10953002
9958584,9958584,10953002
9958977,9958977,10953002
9959041,9959041,10953002
9959109,9959109,10953002
9959971,9959971,10953002
9960146,9960146,10953002
9961140,9961140,10953002
9961317,9961317,10953002
9961441,9961441,10953002
9961771,9961771,10953002
9961958,9961958,10953002
9961968,9961968,10953002
9962123,9962123,10953002
9962209,9962209,10953002
9962403,9962403,10953002
9962434,9962434,10953002
9962657,9962657,10953002
9962814,9962814,10953002
9962919,9962919,10953002
9963305,9963305,10953002
9963338,9963338,10953002
9963869,9963869,10953002
9964240,9964240,10953002
9964379,9964379,10953002
9964728,9964728,10953002
9965785,9965785,10953002
9966407,9966407,10953002
9966444,9966444,10953002
9966564,9966564,10953002
9966626,9966626,10953002
9966758,9966758,10953002
9967684,9967684,10953002
9967820,9967820,10953002
9968214,9968214,10953002
9968248,9968248,10953002
9968259,9968259,10953002
9968377,9968377,10953002
9968522,9968522,10953002
9968601,9968601,10953002
9968651,9968651,10953002
9968756,9968756,10953002
9969484,9969484,10953002
9969491,9969491,10953002
9969787,9969787,10953002
9970502,9970502,10953002
9970641,9970641,10953002
9970667,9970667,10953002
9970906,9970906,10953002
9971001,9971001,10953002
9971104,9971104,10953002
9971125,9971125,10953002
9971169,9971169,10953002
9971523,9971523,10953002
9971987,9971987,10953002
9972000,9972000,10953002
9972261,9972261,10953002
9972549,9972549,10953002
9972673,9972673,10953002
9972798,9972798,10953002
9972970,9972970,10953002
9973476,9973476,10953002
9973517,9973517,10953002
9973556,9973556,10953002
9973907,9973907,10953002
9974108,9974108,10953002
9974297,9974297,10953002
9974468,9974468,10953002
9974562,9974562,10953002
9974847,9974847,10953002
9974871,9974871,10953002
9975364,9975364,10953002
9975520,9975520,10953002
9975543,9975543,10953002
9975606,9975606,10953002
9975630,9975630,10953002
9975967,9975967,10953002
9976120,9976120,10953002
9976240,9976240,10953002
9976337,9976337,10953002
9976509,9976509,10953002
9976679,9976679,10953002
9977184,9977184,10953002
9977514,9977514,10953002
9977726,9977726,10953002
9978770,9978770,10953002
9979201,9979201,10953002
9979702,9979702,10953002
9979796,9979796,10953002
9979809,9979809,10953002
9980042,9980042,10953002
9980397,9980397,10953002
9980400,9980400,10953002
9980448,9980448,10953002
9981245,9981245,10953002
9981656,9981656,10953002
9981660,9981660,10953002
9981986,9981986,10953002
9982486,9982486,10953002
9982586,9982586,10953002
9982601,9982601,10953002
9982943,9982943,10953002
9983310,9983310,10953002
9983772,9983772,10953002
9983851,9983851,10953002
9983916,9983916,10953002
9984760,9984760,10953002
9984859,9984859,10953002
9985291,9985291,10953002
9985494,9985494,10953002
9985600,9985600,10953002
9985761,9985761,10953002
9986165,9986165,10953002
9986548,9986548,10953002
9986724,9986724,10953002
9986908,9986908,10953002
9987716,9987716,10953002
9987864,9987864,10953002
9988175,9988175,10953002
9988236,9988236,10953002
9988401,9988401,10953002
9988755,9988755,10953002
9988903,9988903,10953002
9989254,9989254,10953002
9989582,9989582,10953002
9989658,9989658,10953002
9990617,9990617,10953002
9990732,9990732,10953002
9990861,9990861,10953002
9990872,9990872,10953002
9991289,9991289,10953002
9991527,9991527,10953002
9991748,9991748,10953002
9991776,9991776,10953002
9991920,9991920,10953002
9991983,9991983,10953002
9992016,9992016,10953002
9992205,9992205,10953002
9992234,9992234,10953002
9992235,9992235,10953002
9992621,9992621,10953002
9993027,9993027,10953002
9993098,9993098,10953002
9993137,9993137,10953002
9993353,9993353,10953002
9993480,9993480,10953002
9994271,9994271,10953002
9994843,9994843,10953002
9995071,9995071,10953002
9995329,9995329,10953002
9995329,9995329,10953002
9995470,9995470,10953002
9995507,9995507,10953002
9995753,9995753,10953002
9995991,9995991,10953002
9996032,9996032,10953002
9996635,9996635,10953002
9996758,9996758,10953002
9997079,9997079,10953002
9997114,9997114,10953002
9997118,9997118,10953002
9997131,9997131,10953002
9997143,9997143,10953002
9997179,9997179,10953002
9997284,9997284,10953002
9997474,9997474,10953002
9997586,9997586,10953002
9997961,9997961,10953002
9998577,9998577,10953002
9998827,9998827,10953002
9998847,9998847,10953002
9998879,9998879,10953002
9999668,9999668,10953002
9999700,9999700,10953002
9999906,9999906,10953002
9999918,9999918,10953002
10000088,10000088,10953002
10000256,10000256,10953002
10000564,10000564,10953002
10000611,10000611,10953002
10001033,10001033,10953002
10001055,10001055,10953002
10001318,10001318,10953002
10001374,10001374,10953002
10001429,10001429,10953002
10001579,10001579,10953002
10001914,10001914,10953002
10002232,10002232,10953002
10003041,10003041,10953002
10003162,10003162,10953002
10003570,10003570,10953002
10004032,10004032,10953002
10004149,10004149,10953002
10004220,10004220,10953002
10004253,10004253,10953002
10004314,10004314,10953002
10004512,10004512,10953002
10004697,10004697,10953002
10004872,10004872,10953002
10004939,10004939,10953002
10005233,10005233,10953002
10005635,10005635,10953002
10005646,10005646,10953002
10005910,10005910,10953002
10006632,10006632,10953002
10007008,10007008,10953002
10007167,10007167,10953002
10007835,10007835,10953002
10008553,10008553,10953002
10009272,10009272,10953002
10009633,10009633,10953002
10010024,10010024,10953002
10010060,10010060,10953002
10010418,10010418,10953002
10010426,10010426,10953002
10010588,10010588,10953002
10010672,10010672,10953002
10010731,10010731,10953002
10010788,10010788,10953002
10010920,10010920,10953002
10011534,10011534,10953002
10011619,10011619,10953002
10011710,10011710,10953002
10011921,10011921,10953002
10012008,10012008,10953002
10012020,10012020,10953002
10012203,10012203,10953002
10012237,10012237,10953002
10012350,10012350,10953002
10012412,10012412,10953002
10012948,10012948,10953002
10013510,10013510,10953002
10013790,10013790,10953002
10013799,10013799,10953002
10013917,10013917,10953002
10014494,10014494,10953002
10014893,10014893,10953002
10015091,10015091,10953002
10015234,10015234,10953002
10015250,10015250,10953002
10015263,10015263,10953002
10016237,10016237,10953002
10016248,10016248,10953002
10016659,10016659,10953002
10016816,10016816,10953002
10017041,10017041,10953002
10017169,10017169,10953002
10017473,10017473,10953002
10018276,10018276,10953002
10018711,10018711,10953002
10019091,10019091,10953002
10019482,10019482,10953002
10019547,10019547,10953002
10019864,10019864,10953002
10019899,10019899,10953002
10020061,10020061,10953002
10020322,10020322,10953002
10020882,10020882,10953002
10021129,10021129,10953002
10021362,10021362,10953002
10021481,10021481,10953002
10021598,10021598,10953002
10021974,10021974,10953002
10022235,10022235,10953002
10022286,10022286,10953002
10022714,10022714,10953002
10022787,10022787,10953002
10023405,10023405,10953002
10023409,10023409,10953002
10023623,10023623,10953002
10023845,10023845,10953002
10025207,10025207,10953002
10025256,10025256,10953002
10025466,10025466,10953002
10025735,10025735,10953002
10025783,10025783,10953002
10025797,10025797,10953002
10026066,10026066,10953002
10026195,10026195,10953002
10026402,10026402,10953002
10026839,10026839,10953002
10026997,10026997,10953002
10027204,10027204,10953002
10027853,10027853,10953002
10027878,10027878,10953002
10028549,10028549,10953002
10028959,10028959,10953002
10029831,10029831,10953002
10030160,10030160,10953002
10030638,10030638,10953002
10030741,10030741,10953002
10031301,10031301,10953002
10031648,10031648,10953002
10032215,10032215,10953002
10032464,10032464,10953002
10032490,10032490,10953002
10032799,10032799,10953002
10032971,10032971,10953002
10033287,10033287,10953002
10033297,10033297,10953002
10034265,10034265,10953002
10034634,10034634,10953002
10035077,10035077,10953002
10035247,10035247,10953002
10035278,10035278,10953002
10035288,10035288,10953002
10035335,10035335,10953002
10035638,10035638,10953002
10036169,10036169,10953002
10036641,10036641,10953002
10036669,10036669,10953002
10036814,10036814,10953002
10036869,10036869,10953002
10037066,10037066,10953002
10037238,10037238,10953002
10037412,10037412,10953002
10037544,10037544,10953002
10037576,10037576,10953002
10037698,10037698,10953002
10038260,10038260,10953002
10038291,10038291,10953002
10038613,10038613,10953002
10038793,10038793,10953002
10039472,10039472,10953002
10039774,10039774,10953002
10039885,10039885,10953002
10040457,10040457,10953002
10040539,10040539,10953002
10040565,10040565,10953002
10040582,10040582,10953002
10040907,10040907,10953002
10041004,10041004,10953002
10041163,10041163,10953002
10041471,10041471,10953002
10041517,10041517,10953002
10041554,10041554,10953002
10041700,10041700,10953002
10041919,10041919,10953002
10042108,10042108,10953002
10042138,10042138,10953002
10042151,10042151,10953002
10042296,10042296,10953002
10042413,10042413,10953002
10042484,10042484,10953002
10043358,10043358,10953002
10043728,10043728,10953002
10043963,10043963,10953002
10044096,10044096,10953002
10044242,10044242,10953002
10045428,10045428,10953002
10045574,10045574,10953002
10045658,10045658,10953002
10045896,10045896,10953002
10046029,10046029,10953002
10046301,10046301,10953002
10046422,10046422,10953002
10046537,10046537,10953002
10046583,10046583,10953002
10046839,10046839,10953002
10046953,10046953,10953002
10047597,10047597,10953002
10048161,10048161,10953002
10048272,10048272,10953002
10048495,10048495,10953002
10048816,10048816,10953002
10048834,10048834,10953002
10048884,10048884,10953002
10048905,10048905,10953002
10049007,10049007,10953002
10049487,10049487,10953002
10049517,10049517,10953002
10049544,10049544,10953002
10049566,10049566,10953002
10050201,10050201,10953002
10050987,10050987,10953002
10050996,10050996,10953002
10051174,10051174,10953002
10051755,10051755,10953002
10051894,10051894,10953002
10052029,10052029,10953002
10052079,10052079,10953002
10052092,10052092,10953002
10052606,10052606,10953002
10052648,10052648,10953002
10052884,10052884,10953002
10053002,10053002,10953002
10053147,10053147,10953002
10053211,10053211,10953002
10053406,10053406,10953002
10053555,10053555,10953002
10053558,10053558,10953002
10053783,10053783,10953002
10054088,10054088,10953002
10054162,10054162,10953002
10054712,10054712,10953002
10054862,10054862,10953002
10054947,10054947,10953002
10055406,10055406,10953002
10055562,10055562,10953002
10055615,10055615,10953002
10055649,10055649,10953002
10056277,10056277,10953002
10056320,10056320,10953002
10056748,10056748,10953002
10056835,10056835,10953002
10057225,10057225,10953002
10057492,10057492,10953002
10057566,10057566,10953002
10057612,10057612,10953002
10057732,10057732,10953002
10057912,10057912,10953002
10058036,10058036,10953002
10058315,10058315,10953002
10058733,10058733,10953002
10059502,10059502,10953002
10059542,10059542,10953002
10059693,10059693,10953002
10059910,10059910,10953002
10059947,10059947,10953002
10060037,10060037,10953002
10060077,10060077,10953002
10060450,10060450,10953002
10060470,10060470,10953002
10060617,10060617,10953002
10060941,10060941,10953002
10061164,10061164,10953002
10061291,10061291,10953002
10061625,10061625,10953002
10061815,10061815,10953002
10062030,10062030,10953002
10062226,10062226,10953002
10062452,10062452,10953002
10062640,10062640,10953002
10063060,10063060,10953002
10063092,10063092,10953002
10063239,10063239,10953002
10063296,10063296,10953002
10063302,10063302,10953002
10063539,10063539,10953002
10063678,10063678,10953002
10063782,10063782,10953002
10064488,10064488,10953002
10064725,10064725,10953002
10065051,10065051,10953002
10065051,10065051,10953002
10065491,10065491,10953002
10065841,10065841,10953002
10065890,10065890,10953002
10065948,10065948,10953002
10066062,10066062,10953002
10066154,10066154,10953002
10066478,10066478,10953002
10066912,10066912,10953002
10067173,10067173,10953002
10067315,10067315,10953002
10067385,10067385,10953002
10067540,10067540,10953002
10067665,10067665,10953002
10068406,10068406,10953002
10068966,10068966,10953002
10068996,10068996,10953002
10069211,10069211,10953002
10070066,10070066,10953002
10070139,10070139,10953002
10070326,10070326,10953002
10070708,10070708,10953002
10071053,10071053,10953002
10071302,10071302,10953002
10071584,10071584,10953002
10071848,10071848,10953002
10072000,10072000,10953002
10072102,10072102,10953002
10072286,10072286,10953002
10072432,10072432,10953002
10072504,10072504,10953002
10072835,10072835,10953002
10072850,10072850,10953002
10073019,10073019,10953002
10073086,10073086,10953002
10073254,10073254,10953002
10073386,10073386,10953002
10073563,10073563,10953002
10073628,10073628,10953002
10074027,10074027,10953002
10074114,10074114,10953002
10074239,10074239,10953002
10075052,10075052,10953002
10075186,10075186,10953002
10075445,10075445,10953002
10075784,10075784,10953002
10075851,10075851,10953002
10075900,10075900,10953002
10076525,10076525,10953002
10076627,10076627,10953002
10076651,10076651,10953002
10076732,10076732,10953002
10076984,10076984,10953002
10077224,10077224,10953002
10077537,10077537,10953002
10077604,10077604,10953002
10077842,10077842,10953002
10078609,10078609,10953002
10078808,10078808,10953002
10079093,10079093,10953002
10080002,10080002,10953002
10080506,10080506,10953002
10081359,10081359,10953002
10081395,10081395,10953002
10081409,10081409,10953002
10083042,10083042,10953002
10083052,10083052,10953002
10083242,10083242,10953002
10083294,10083294,10953002
10083577,10083577,10953002
10084059,10084059,10953002
10084162,10084162,10953002
10084279,10084279,10953002
10084979,10084979,10953002
10085740,10085740,10953002
10086088,10086088,10953002
10086117,10086117,10953002
10086856,10086856,10953002
10087269,10087269,10953002
10087412,10087412,10953002
10087523,10087523,10953002
10087540,10087540,10953002
10088031,10088031,10953002
10088280,10088280,10953002
10088723,10088723,10953002
10088960,10088960,10953002
10089137,10089137,10953002
10089158,10089158,10953002
10089344,10089344,10953002
10089587,10089587,10953002
10089700,10089700,10953002
10089931,10089931,10953002
10090022,10090022,10953002
10090127,10090127,10953002
10090266,10090266,10953002
10090583,10090583,10953002
10090608,10090608,10953002
10090688,10090688,10953002
10090824,10090824,10953002
10091483,10091483,10953002
10091660,10091660,10953002
10091715,10091715,10953002
10091806,10091806,10953002
10092603,10092603,10953002
10092837,10092837,10953002
10093041,10093041,10953002
10093125,10093125,10953002
10093298,10093298,10953002
10093421,10093421,10953002
10093669,10093669,10953002
10093800,10093800,10953002
10093816,10093816,10953002
10093868,10093868,10953002
10094191,10094191,10953002
10094421,10094421,10953002
10094684,10094684,10953002
10094857,10094857,10953002
10094964,10094964,10953002
10096227,10096227,10953002
10096348,10096348,10953002
10096428,10096428,10953002
10096442,10096442,10953002
10096477,10096477,10953002
10096534,10096534,10953002
10097105,10097105,10953002
10097133,10097133,10953002
10097247,10097247,10953002
10097391,10097391,10953002
10097430,10097430,10953002
10097535,10097535,10953002
10097583,10097583,10953002
10097663,10097663,10953002
10098259,10098259,10953002
10098458,10098458,10953002
10098553,10098553,10953002
10099252,10099252,10953002
10099334,10099334,10953002
10099348,10099348,10953002
10099543,10099543,10953002
10099686,10099686,10953002
10100023,10100023,10953002
10100100,10100100,10953002
10100283,10100283,10953002
10100848,10100848,10953002
10100864,10100864,10953002
10101414,10101414,10953002
10101698,10101698,10953002
10102002,10102002,10953002
10102088,10102088,10953002
10102345,10102345,10953002
10102607,10102607,10953002
10103136,10103136,10953002
10103325,10103325,10953002
10103602,10103602,10953002
10104988,10104988,10953002
10105075,10105075,10953002
10105354,10105354,10953002
10105449,10105449,10953002
10106041,10106041,10953002
10106051,10106051,10953002
10106058,10106058,10953002
10106331,10106331,10953002
10107440,10107440,10953002
10107561,10107561,10953002
10107642,10107642,10953002
10108917,10108917,10953002
10108995,10108995,10953002
10109435,10109435,10953002
10110465,10110465,10953002
10110497,10110497,10953002
10110633,10110633,10953002
10110850,10110850,10953002
10110933,10110933,10953002
10110943,10110943,10953002
10111487,10111487,10953002
10112004,10112004,10953002
10112438,10112438,10953002
10112845,10112845,10953002
10112856,10112856,10953002
10113108,10113108,10953002
10113174,10113174,10953002
10113524,10113524,10953002
10114013,10114013,10953002
10114109,10114109,10953002
10114615,10114615,10953002
10114713,10114713,10953002
10114792,10114792,10953002
10114818,10114818,10953002
10114848,10114848,10953002
10114929,10114929,10953002
10115023,10115023,10953002
10115090,10115090,10953002
10115126,10115126,10953002
10115129,10115129,10953002
10115893,10115893,10953002
10116046,10116046,10953002
10116417,10116417,10953002
10116592,10116592,10953002
10116910,10116910,10953002
10117410,10117410,10953002
10117472,10117472,10953002
10117595,10117595,10953002
10117640,10117640,10953002
10117678,10117678,10953002
10118110,10118110,10953002
10118512,10118512,10953002
10118619,10118619,10953002
10118941,10118941,10953002
10119251,10119251,10953002
10119638,10119638,10953002
10119670,10119670,10953002
10120528,10120528,10953002
10120566,10120566,10953002
10120578,10120578,10953002
10121210,10121210,10953002
10121259,10121259,10953002
10121420,10121420,10953002
10121493,10121493,10953002
10121675,10121675,10953002
10121717,10121717,10953002
10121778,10121778,10953002
10121909,10121909,10953002
10122502,10122502,10953002
10122546,10122546,10953002
10122620,10122620,10953002
10122866,10122866,10953002
10122875,10122875,10953002
10123465,10123465,10953002
10123881,10123881,10953002
10124043,10124043,10953002
10124636,10124636,10953002
10124857,10124857,10953002
10125266,10125266,10953002
10125271,10125271,10953002
10125452,10125452,10953002
10125680,10125680,10953002
10125943,10125943,10953002
10126000,10126000,10953002
10126018,10126018,10953002
10126631,10126631,10953002
10126658,10126658,10953002
10126684,10126684,10953002
10126760,10126760,10953002
10127488,10127488,10953002
10128936,10128936,10953002
10129053,10129053,10953002
10129268,10129268,10953002
10129299,10129299,10953002
10129461,10129461,10953002
10129898,10129898,10953002
10130075,10130075,10953002
10130146,10130146,10953002
10130164,10130164,10953002
10130565,10130565,10953002
10130700,10130700,10953002
10131579,10131579,10953002
10131820,10131820,10953002
10132134,10132134,10953002
10132242,10132242,10953002
10132389,10132389,10953002
10132396,10132396,10953002
10132435,10132435,10953002
10132758,10132758,10953002
10132795,10132795,10953002
10133147,10133147,10953002
10133352,10133352,10953002
10133508,10133508,10953002
10133716,10133716,10953002
10133836,10133836,10953002
10134434,10134434,10953002
10134783,10134783,10953002
10135366,10135366,10953002
10135795,10135795,10953002
10136017,10136017,10953002
10136048,10136048,10953002
10136390,10136390,10953002
10136436,10136436,10953002
10136647,10136647,10953002
10136764,10136764,10953002
10136894,10136894,10953002
10137239,10137239,10953002
10137356,10137356,10953002
10137403,10137403,10953002
10137799,10137799,10953002
10138136,10138136,10953002
10138172,10138172,10953002
10138452,10138452,10953002
10139221,10139221,10953002
10139438,10139438,10953002
10139965,10139965,10953002
10139985,10139985,10953002
10140215,10140215,10953002
10140579,10140579,10953002
10140928,10140928,10953002
10141295,10141295,10953002
10141569,10141569,10953002
10141755,10141755,10953002
10141970,10141970,10953002
10142106,10142106,10953002
10142270,10142270,10953002
10142337,10142337,10953002
10143194,10143194,10953002
10143364,10143364,10953002
10143537,10143537,10953002
10143749,10143749,10953002
10143800,10143800,10953002
10143995,10143995,10953002
10144161,10144161,10953002
10144307,10144307,10953002
10144455,10144455,10953002
10144482,10144482,10953002
10144552,10144552,10953002
10144699,10144699,10953002
10144709,10144709,10953002
10145197,10145197,10953002
10145333,10145333,10953002
10145920,10145920,10953002
10146523,10146523,10953002
10146665,10146665,10953002
10146889,10146889,10953002
10146922,10146922,10953002
10146940,10146940,10953002
10147080,10147080,10953002
10147282,10147282,10953002
10147953,10147953,10953002
10147979,10147979,10953002
10148134,10148134,10953002
10148193,10148193,10953002
10148268,10148268,10953002
10148460,10148460,10953002
10148621,10148621,10953002
10148675,10148675,10953002
10149164,10149164,10953002
10149200,10149200,10953002
10149315,10149315,10953002
10149621,10149621,10953002
10149856,10149856,10953002
10150100,10150100,10953002
10151832,10151832,10953002
10152005,10152005,10953002
10152292,10152292,10953002
10153055,10153055,10953002
10153637,10153637,10953002
10153660,10153660,10953002
10153796,10153796,10953002
10153910,10153910,10953002
10154083,10154083,10953002
10154268,10154268,10953002
10154359,10154359,10953002
10154515,10154515,10953002
10154540,10154540,10953002
10154916,10154916,10953002
10155200,10155200,10953002
10155529,10155529,10953002
10155835,10155835,10953002
10155869,10155869,10953002
10156232,10156232,10953002
10157204,10157204,10953002
10157414,10157414,10953002
10158113,10158113,10953002
10158563,10158563,10953002
10158665,10158665,10953002
10159255,10159255,10953002
10159459,10159459,10953002
10159496,10159496,10953002
10160428,10160428,10953002
10161098,10161098,10953002
10161134,10161134,10953002
10161139,10161139,10953002
10161165,10161165,10953002
10161304,10161304,10953002
10161538,10161538,10953002
10161672,10161672,10953002
10162185,10162185,10953002
10162218,10162218,10953002
10162586,10162586,10953002
10163341,10163341,10953002
10163455,10163455,10953002
10163497,10163497,10953002
10163986,10163986,10953002
10164026,10164026,10953002
10165117,10165117,10953002
10165718,10165718,10953002
10165834,10165834,10953002
10166214,10166214,10953002
10166271,10166271,10953002
10166281,10166281,10953002
10166631,10166631,10953002
10166675,10166675,10953002
10166930,10166930,10953002
10167408,10167408,10953002
10167445,10167445,10953002
10167609,10167609,10953002
10167760,10167760,10953002
10167826,10167826,10953002
10167936,10167936,10953002
10168355,10168355,10953002
10168469,10168469,10953002
10168805,10168805,10953002
10168985,10168985,10953002
10169098,10169098,10953002
10169219,10169219,10953002
10169574,10169574,10953002
10170161,10170161,10953002
10170880,10170880,10953002
10171043,10171043,10953002
10171047,10171047,10953002
10171178,10171178,10953002
10171235,10171235,10953002
10171416,10171416,10953002
10171494,10171494,10953002
10172082,10172082,10953002
10172216,10172216,10953002
10172848,10172848,10953002
10173367,10173367,10953002
10173498,10173498,10953002
10174164,10174164,10953002
10174445,10174445,10953002
10174492,10174492,10953002
10174510,10174510,10953002
10174761,10174761,10953002
10174790,10174790,10953002
10174874,10174874,10953002
10175330,10175330,10953002
10175449,10175449,10953002
10175604,10175604,10953002
10175918,10175918,10953002
10176195,10176195,10953002
10176613,10176613,10953002
10176699,10176699,10953002
10176802,10176802,10953002
10177095,10177095,10953002
10177361,10177361,10953002
10177847,10177847,10953002
10177886,10177886,10953002
10178585,10178585,10953002
10178749,10178749,10953002
10178784,10178784,10953002
10178906,10178906,10953002
10178974,10178974,10953002
10179078,10179078,10953002
10179632,10179632,10953002
10179877,10179877,10953002
10180135,10180135,10953002
10180772,10180772,10953002
10181278,10181278,10953002
10181434,10181434,10953002
10181508,10181508,10953002
10181612,10181612,10953002
10182217,10182217,10953002
10182409,10182409,10953002
10182943,10182943,10953002
10182997,10182997,10953002
10183015,10183015,10953002
10183197,10183197,10953002
10183345,10183345,10953002
10183493,10183493,10953002
10183906,10183906,10953002
10184116,10184116,10953002
10184248,10184248,10953002
10185042,10185042,10953002
10185140,10185140,10953002
10185599,10185599,10953002
10185870,10185870,10953002
10185938,10185938,10953002
10186107,10186107,10953002
10186109,10186109,10953002
10186652,10186652,10953002
10186708,10186708,10953002
10186787,10186787,10953002
10186882,10186882,10953002
10187874,10187874,10953002
10188132,10188132,10953002
10188516,10188516,10953002
10188698,10188698,10953002
10188982,10188982,10953002
10189013,10189013,10953002
10189160,10189160,10953002
10189362,10189362,10953002
10189679,10189679,10953002
10190085,10190085,10953002
10191263,10191263,10953002
10191995,10191995,10953002
10192286,10192286,10953002
10193043,10193043,10953002
10193260,10193260,10953002
10193387,10193387,10953002
10193645,10193645,10953002
10193891,10193891,10953002
10194170,10194170,10953002
10194277,10194277,10953002
10194297,10194297,10953002
10194538,10194538,10953002
10194797,10194797,10953002
10195024,10195024,10953002
10195147,10195147,10953002
10195342,10195342,10953002
10195990,10195990,10953002
10196009,10196009,10953002
10196052,10196052,10953002
10196229,10196229,10953002
10196512,10196512,10953002
10196677,10196677,10953002
10196917,10196917,10953002
10197333,10197333,10953002
10197421,10197421,10953002
10197481,10197481,10953002
10198033,10198033,10953002
10198361,10198361,10953002
10198498,10198498,10953002
10198582,10198582,10953002
10199218,10199218,10953002
10199443,10199443,10953002
10199652,10199652,10953002
10199909,10199909,10953002
10200261,10200261,10953002
10200813,10200813,10953002
10200885,10200885,10953002
10201385,10201385,10953002
10201469,10201469,10953002
10201552,10201552,10953002
10201561,10201561,10953002
10201789,10201789,10953002
10202071,10202071,10953002
10202439,10202439,10953002
10203601,10203601,10953002
10203611,10203611,10953002
10203854,10203854,10953002
10203993,10203993,10953002
10204070,10204070,10953002
10204283,10204283,10953002
10204527,10204527,10953002
10204557,10204557,10953002
10204743,10204743,10953002
10204773,10204773,10953002
10205045,10205045,10953002
10205176,10205176,10953002
10205240,10205240,10953002
10205369,10205369,10953002
10206098,10206098,10953002
10206164,10206164,10953002
10206185,10206185,10953002
10206217,10206217,10953002
10206280,10206280,10953002
10206486,10206486,10953002
10206584,10206584,10953002
10206791,10206791,10953002
10206811,10206811,10953002
10207297,10207297,10953002
10207890,10207890,10953002
10208114,10208114,10953002
10208563,10208563,10953002
10209149,10209149,10953002
10209478,10209478,10953002
10209701,10209701,10953002
10209752,10209752,10953002
10209840,10209840,10953002
10209909,10209909,10953002
10210968,10210968,10953002
10211138,10211138,10953002
10211334,10211334,10953002
10211489,10211489,10953002
10211554,10211554,10953002
10211979,10211979,10953002
10212070,10212070,10953002
10212493,10212493,10953002
10213228,10213228,10953002
10213475,10213475,10953002
10213503,10213503,10953002
10213529,10213529,10953002
10213695,10213695,10953002
10214186,10214186,10953002
10214603,10214603,10953002
10214656,10214656,10953002
10214734,10214734,10953002
10214818,10214818,10953002
10215158,10215158,10953002
10215162,10215162,10953002
10215351,10215351,10953002
10215358,10215358,10953002
10215541,10215541,10953002
10215615,10215615,10953002
10215965,10215965,10953002
10215998,10215998,10953002
10216093,10216093,10953002
10216283,10216283,10953002
10216307,10216307,10953002
10216388,10216388,10953002
10216581,10216581,10953002
10217038,10217038,10953002
10218275,10218275,10953002
10218343,10218343,10953002
10218407,10218407,10953002
10218848,10218848,10953002
10219093,10219093,10953002
10219114,10219114,10953002
10219118,10219118,10953002
10219162,10219162,10953002
10219207,10219207,10953002
10219338,10219338,10953002
10219359,10219359,10953002
10219372,10219372,10953002
10219500,10219500,10953002
10219581,10219581,10953002
10219985,10219985,10953002
10220001,10220001,10953002
10220700,10220700,10953002
10220928,10220928,10953002
10220938,10220938,10953002
10221068,10221068,10953002
10221209,10221209,10953002
10221591,10221591,10953002
10221711,10221711,10953002
10222354,10222354,10953002
10223181,10223181,10953002
10223624,10223624,10953002
10224543,10224543,10953002
10224582,10224582,10953002
10224679,10224679,10953002
10224693,10224693,10953002
10225095,10225095,10953002
10225123,10225123,10953002
10225141,10225141,10953002
10225156,10225156,10953002
10225193,10225193,10953002
10225409,10225409,10953002
10225653,10225653,10953002
10225815,10225815,10953002
10225859,10225859,10953002
10226076,10226076,10953002
10226136,10226136,10953002
10226198,10226198,10953002
10226372,10226372,10953002
10226528,10226528,10953002
10226990,10226990,10953002
10227424,10227424,10953002
10227489,10227489,10953002
10227619,10227619,10953002
10227723,10227723,10953002
10227911,10227911,10953002
10228148,10228148,10953002
10228325,10228325,10953002
10228436,10228436,10953002
10228460,10228460,10953002
10228590,10228590,10953002
10228835,10228835,10953002
10228901,10228901,10953002
10228944,10228944,10953002
10229115,10229115,10953002
10229382,10229382,10953002
10229508,10229508,10953002
10230014,10230014,10953002
10230228,10230228,10953002
10230342,10230342,10953002
10230396,10230396,10953002
10230413,10230413,10953002
10230904,10230904,10953002
10230936,10230936,10953002
10230957,10230957,10953002
10230993,10230993,10953002
10231292,10231292,10953002
10231459,10231459,10953002
10231811,10231811,10953002
10231909,10231909,10953002
10232253,10232253,10953002
10232618,10232618,10953002
10233028,10233028,10953002
10233283,10233283,10953002
10233319,10233319,10953002
10233440,10233440,10953002
10233851,10233851,10953002
10234025,10234025,10953002
10234225,10234225,10953002
10235030,10235030,10953002
10235121,10235121,10953002
10235217,10235217,10953002
10235830,10235830,10953002
10236004,10236004,10953002
10236028,10236028,10953002
10236088,10236088,10953002
10236247,10236247,10953002
10236693,10236693,10953002
10237388,10237388,10953002
10237583,10237583,10953002
10237785,10237785,10953002
10237792,10237792,10953002
10238060,10238060,10953002
10238608,10238608,10953002
10238625,10238625,10953002
10238807,10238807,10953002
10238836,10238836,10953002
10238965,10238965,10953002
10239270,10239270,10953002
10239508,10239508,10953002
10240135,10240135,10953002
10240293,10240293,10953002
10240316,10240316,10953002
10240621,10240621,10953002
10240959,10240959,10953002
10240993,10240993,10953002
10241015,10241015,10953002
10241118,10241118,10953002
10241680,10241680,10953002
10242064,10242064,10953002
10242624,10242624,10953002
10243501,10243501,10953002
10243708,10243708,10953002
10243994,10243994,10953002
10245036,10245036,10953002
10245533,10245533,10953002
10245539,10245539,10953002
10245777,10245777,10953002
10246375,10246375,10953002
10247195,10247195,10953002
10247291,10247291,10953002
10247542,10247542,10953002
10247549,10247549,10953002
10248588,10248588,10953002
10248621,10248621,10953002
10248635,10248635,10953002
10248662,10248662,10953002
10248872,10248872,10953002
10249079,10249079,10953002
10249435,10249435,10953002
10249759,10249759,10953002
10249809,10249809,10953002
10250107,10250107,10953002
10250407,10250407,10953002
10250884,10250884,10953002
10251160,10251160,10953002
10251626,10251626,10953002
10252078,10252078,10953002
10252336,10252336,10953002
10252379,10252379,10953002
10252435,10252435,10953002
10253628,10253628,10953002
10253871,10253871,10953002
10253991,10253991,10953002
10254010,10254010,10953002
10254335,10254335,10953002
10254425,10254425,10953002
10255146,10255146,10953002
10255225,10255225,10953002
10255410,10255410,10953002
10255521,10255521,10953002
10256369,10256369,10953002
10256516,10256516,10953002
10256639,10256639,10953002
10257446,10257446,10953002
10257619,10257619,10953002
10257655,10257655,10953002
10257800,10257800,10953002
10257942,10257942,10953002
10258123,10258123,10953002
10258473,10258473,10953002
10258481,10258481,10953002
10259033,10259033,10953002
10259219,10259219,10953002
10259508,10259508,10953002
10260130,10260130,10953002
10260238,10260238,10953002
10260263,10260263,10953002
10260643,10260643,10953002
10261082,10261082,10953002
10261126,10261126,10953002
10261173,10261173,10953002
10261308,10261308,10953002
10261455,10261455,10953002
10261533,10261533,10953002
10261601,10261601,10953002
10261906,10261906,10953002
10261989,10261989,10953002
10262155,10262155,10953002
10262199,10262199,10953002
10262324,10262324,10953002
10262430,10262430,10953002
10262529,10262529,10953002
10262548,10262548,10953002
10262774,10262774,10953002
10263092,10263092,10953002
10263106,10263106,10953002
10263788,10263788,10953002
10263969,10263969,10953002
10264476,10264476,10953002
10264603,10264603,10953002
10264879,10264879,10953002
10265001,10265001,10953002
10265068,10265068,10953002
10265350,10265350,10953002
10265357,10265357,10953002
10265456,10265456,10953002
10266453,10266453,10953002
10266576,10266576,10953002
10267148,10267148,10953002
10267321,10267321,10953002
10267759,10267759,10953002
10268007,10268007,10953002
10268170,10268170,10953002
10268245,10268245,10953002
10268325,10268325,10953002
10268471,10268471,10953002
10268570,10268570,10953002
10268807,10268807,10953002
10268837,10268837,10953002
10268974,10268974,10953002
10269062,10269062,10953002
10269550,10269550,10953002
10270016,10270016,10953002
10270121,10270121,10953002
10270757,10270757,10953002
10270973,10270973,10953002
10271365,10271365,10953002
10271970,10271970,10953002
10272294,10272294,10953002
10272408,10272408,10953002
10272530,10272530,10953002
10272540,10272540,10953002
10272781,10272781,10953002
10273040,10273040,10953002
10273603,10273603,10953002
10273941,10273941,10953002
10274057,10274057,10953002
10274148,10274148,10953002
10274189,10274189,10953002
10274622,10274622,10953002
10274785,10274785,10953002
10275316,10275316,10953002
10275556,10275556,10953002
10275829,10275829,10953002
10276088,10276088,10953002
10276253,10276253,10953002
10276352,10276352,10953002
10276504,10276504,10953002
10276714,10276714,10953002
10276879,10276879,10953002
10277071,10277071,10953002
10277568,10277568,10953002
10277683,10277683,10953002
10277830,10277830,10953002
10277843,10277843,10953002
10277955,10277955,10953002
10277962,10277962,10953002
10278057,10278057,10953002
10278387,10278387,10953002
10278648,10278648,10953002
10278726,10278726,10953002
10278893,10278893,10953002
10279062,10279062,10953002
10279114,10279114,10953002
10279139,10279139,10953002
10280284,10280284,10953002
10280979,10280979,10953002
10281083,10281083,10953002
10281240,10281240,10953002
10281376,10281376,10953002
10281427,10281427,10953002
10281914,10281914,10953002
10282227,10282227,10953002
10282320,10282320,10953002
10282645,10282645,10953002
10282926,10282926,10953002
10283039,10283039,10953002
10283182,10283182,10953002
10283442,10283442,10953002
10283555,10283555,10953002
10283620,10283620,10953002
10283702,10283702,10953002
10283976,10283976,10953002
10284159,10284159,10953002
10284318,10284318,10953002
10284339,10284339,10953002
10284520,10284520,10953002
10285907,10285907,10953002
10286485,10286485,10953002
10287157,10287157,10953002
10287407,10287407,10953002
10287449,10287449,10953002
10287496,10287496,10953002
10287840,10287840,10953002
10287858,10287858,10953002
10288570,10288570,10953002
10288933,10288933,10953002
10289118,10289118,10953002
10289419,10289419,10953002
10289938,10289938,10953002
10290729,10290729,10953002
10291562,10291562,10953002
10291682,10291682,10953002
10291966,10291966,10953002
10292297,10292297,10953002
10292693,10292693,10953002
10293261,10293261,10953002
10293401,10293401,10953002
10293457,10293457,10953002
10293724,10293724,10953002
10293817,10293817,10953002
10294066,10294066,10953002
10294266,10294266,10953002
10294507,10294507,10953002
10294850,10294850,10953002
10294970,10294970,10953002
10296251,10296251,10953002
10297157,10297157,10953002
10298273,10298273,10953002
10298630,10298630,10953002
10298839,10298839,10953002
10299395,10299395,10953002
10299620,10299620,10953002
10299652,10299652,10953002
10300213,10300213,10953002
10300249,10300249,10953002
10300555,10300555,10953002
10300558,10300558,10953002
10300614,10300614,10953002
10300750,10300750,10953002
10300943,10300943,10953002
10301083,10301083,10953002
10301159,10301159,10953002
10301333,10301333,10953002
10301363,10301363,10953002
10301366,10301366,10953002
10301790,10301790,10953002
10301949,10301949,10953002
10301972,10301972,10953002
10302089,10302089,10953002
10302201,10302201,10953002
10302708,10302708,10953002
10303154,10303154,10953002
10303219,10303219,10953002
10303645,10303645,10953002
10304149,10304149,10953002
10304360,10304360,10953002
10304854,10304854,10953002
10305242,10305242,10953002
10305326,10305326,10953002
10305489,10305489,10953002
10305649,10305649,10953002
10305843,10305843,10953002
10305885,10305885,10953002
10305985,10305985,10953002
10306050,10306050,10953002
10306132,10306132,10953002
10306161,10306161,10953002
10306575,10306575,10953002
10306642,10306642,10953002
10306830,10306830,10953002
10306984,10306984,10953002
10307018,10307018,10953002
10307357,10307357,10953002
10307547,10307547,10953002
10307599,10307599,10953002
10308192,10308192,10953002
10308865,10308865,10953002
10309023,10309023,10953002
10309249,10309249,10953002
10310014,10310014,10953002
10310360,10310360,10953002
10310571,10310571,10953002
10310671,10310671,10953002
10310942,10310942,10953002
10311001,10311001,10953002
10311263,10311263,10953002
10311285,10311285,10953002
10311384,10311384,10953002
10311925,10311925,10953002
10311975,10311975,10953002
10312407,10312407,10953002
10312637,10312637,10953002
10313040,10313040,10953002
10313406,10313406,10953002
10313882,10313882,10953002
10314174,10314174,10953002
10314302,10314302,10953002
10314387,10314387,10953002
10314530,10314530,10953002
10314789,10314789,10953002
10315213,10315213,10953002
10315221,10315221,10953002
10315284,10315284,10953002
10315723,10315723,10953002
10315898,10315898,10953002
10316455,10316455,10953002
10316702,10316702,10953002
10316745,10316745,10953002
10317514,10317514,10953002
10317821,10317821,10953002
10317900,10317900,10953002
10318133,10318133,10953002
10318169,10318169,10953002
10318375,10318375,10953002
10318453,10318453,10953002
10318982,10318982,10953002
10319190,10319190,10953002
10319428,10319428,10953002
10320007,10320007,10953002
10320496,10320496,10953002
10320500,10320500,10953002
10320549,10320549,10953002
10320851,10320851,10953002
10320970,10320970,10953002
10321093,10321093,10953002
10321305,10321305,10953002
10321349,10321349,10953002
10321372,10321372,10953002
10321560,10321560,10953002
10321777,10321777,10953002
10322035,10322035,10953002
10322228,10322228,10953002
10322445,10322445,10953002
10322608,10322608,10953002
10322772,10322772,10953002
10322832,10322832,10953002
10323018,10323018,10953002
10323332,10323332,10953002
10323353,10323353,10953002
10323853,10323853,10953002
10324298,10324298,10953002
10324727,10324727,10953002
10324774,10324774,10953002
10325053,10325053,10953002
10325157,10325157,10953002
10325287,10325287,10953002
10325702,10325702,10953002
10325818,10325818,10953002
10326962,10326962,10953002
10327821,10327821,10953002
10327838,10327838,10953002
10327968,10327968,10953002
10327984,10327984,10953002
10327995,10327995,10953002
10328204,10328204,10953002
10328422,10328422,10953002
10328441,10328441,10953002
10328603,10328603,10953002
10329026,10329026,10953002
10329184,10329184,10953002
10329772,10329772,10953002
10329896,10329896,10953002
10330249,10330249,10953002
10330356,10330356,10953002
10330416,10330416,10953002
10330492,10330492,10953002
10330718,10330718,10953002
10330950,10330950,10953002
10331334,10331334,10953002
10331501,10331501,10953002
10332061,10332061,10953002
10332678,10332678,10953002
10332713,10332713,10953002
10333100,10333100,10953002
10333492,10333492,10953002
10333594,10333594,10953002
10333784,10333784,10953002
10334051,10334051,10953002
10334557,10334557,10953002
10334577,10334577,10953002
10334593,10334593,10953002
10334641,10334641,10953002
10335052,10335052,10953002
10335066,10335066,10953002
10335181,10335181,10953002
10335223,10335223,10953002
10335295,10335295,10953002
10335507,10335507,10953002
10335557,10335557,10953002
10335582,10335582,10953002
10335683,10335683,10953002
10336171,10336171,10953002
10336228,10336228,10953002
10336395,10336395,10953002
10336840,10336840,10953002
10337059,10337059,10953002
10337170,10337170,10953002
10337297,10337297,10953002
10337589,10337589,10953002
10337799,10337799,10953002
10338274,10338274,10953002
10338384,10338384,10953002
10338514,10338514,10953002
10338582,10338582,10953002
10338610,10338610,10953002
10339037,10339037,10953002
10339071,10339071,10953002
10339366,10339366,10953002
10340508,10340508,10953002
10340985,10340985,10953002
10341275,10341275,10953002
10341698,10341698,10953002
10341882,10341882,10953002
10342414,10342414,10953002
10342493,10342493,10953002
10342630,10342630,10953002
10343293,10343293,10953002
10343696,10343696,10953002
10344191,10344191,10953002
10345005,10345005,10953002
10345097,10345097,10953002
10345307,10345307,10953002
10345448,10345448,10953002
10345465,10345465,10953002
10345609,10345609,10953002
10345899,10345899,10953002
10345908,10345908,10953002
10345922,10345922,10953002
10346161,10346161,10953002
10346176,10346176,10953002
10346182,10346182,10953002
10346628,10346628,10953002
10346701,10346701,10953002
10346848,10346848,10953002
10347532,10347532,10953002
10347553,10347553,10953002
10347575,10347575,10953002
10347664,10347664,10953002
10348063,10348063,10953002
10348114,10348114,10953002
10348268,10348268,10953002
10348276,10348276,10953002
10348597,10348597,10953002
10348834,10348834,10953002
10348885,10348885,10953002
10349002,10349002,10953002
10349285,10349285,10953002
10349288,10349288,10953002
10349294,10349294,10953002
10349491,10349491,10953002
10349547,10349547,10953002
10349696,10349696,10953002
10351234,10351234,10953002
10351636,10351636,10953002
10351797,10351797,10953002
10352476,10352476,10953002
10352494,10352494,10953002
10352593,10352593,10953002
10352871,10352871,10953002
10352899,10352899,10953002
10353100,10353100,10953002
10353872,10353872,10953002
10354084,10354084,10953002
10354815,10354815,10953002
10355088,10355088,10953002
10355458,10355458,10953002
10355832,10355832,10953002
10355888,10355888,10953002
10355952,10355952,10953002
10356170,10356170,10953002
10356203,10356203,10953002
10356402,10356402,10953002
10356460,10356460,10953002
10356666,10356666,10953002
10357069,10357069,10953002
10357382,10357382,10953002
10357728,10357728,10953002
10357850,10357850,10953002
10358594,10358594,10953002
10358965,10358965,10953002
10359182,10359182,10953002
10359296,10359296,10953002
10359732,10359732,10953002
10359822,10359822,10953002
10359828,10359828,10953002
10359994,10359994,10953002
10360045,10360045,10953002
10360165,10360165,10953002
10360174,10360174,10953002
10360466,10360466,10953002
10360482,10360482,10953002
10361792,10361792,10953002
10362119,10362119,10953002
10362186,10362186,10953002
10362399,10362399,10953002
10362442,10362442,10953002
10363058,10363058,10953002
10363759,10363759,10953002
10364101,10364101,10953002
10364596,10364596,10953002
10364608,10364608,10953002
10364902,10364902,10953002
10364937,10364937,10953002
10365175,10365175,10953002
10365179,10365179,10953002
10365188,10365188,10953002
10365394,10365394,10953002
10365727,10365727,10953002
10365862,10365862,10953002
10365982,10365982,10953002
10366039,10366039,10953002
10366254,10366254,10953002
10366328,10366328,10953002
10366348,10366348,10953002
10366702,10366702,10953002
10366706,10366706,10953002
10367788,10367788,10953002
10367848,10367848,10953002
10367882,10367882,10953002
10368018,10368018,10953002
10368245,10368245,10953002
10368523,10368523,10953002
10368566,10368566,10953002
10368742,10368742,10953002
10369171,10369171,10953002
10369179,10369179,10953002
10369661,10369661,10953002
10370245,10370245,10953002
10370284,10370284,10953002
10370819,10370819,10953002
10370900,10370900,10953002
10371221,10371221,10953002
10371269,10371269,10953002
10371741,10371741,10953002
10371904,10371904,10953002
10372181,10372181,10953002
10372320,10372320,10953002
10372594,10372594,10953002
10372768,10372768,10953002
10372919,10372919,10953002
10373305,10373305,10953002
10373334,10373334,10953002
10373960,10373960,10953002
10374685,10374685,10953002
10375444,10375444,10953002
10375615,10375615,10953002
10375904,10375904,10953002
10376711,10376711,10953002
10377376,10377376,10953002
10377562,10377562,10953002
10378259,10378259,10953002
10378324,10378324,10953002
10378646,10378646,10953002
10379322,10379322,10953002
10379954,10379954,10953002
10380147,10380147,10953002
10380777,10380777,10953002
10380785,10380785,10953002
10380904,10380904,10953002
10381563,10381563,10953002
10381822,10381822,10953002
10381973,10381973,10953002
10382243,10382243,10953002
10382522,10382522,10953002
10382721,10382721,10953002
10383359,10383359,10953002
10383489,10383489,10953002
10383520,10383520,10953002
10384097,10384097,10953002
10385023,10385023,10953002
10385053,10385053,10953002
10385124,10385124,10953002
10385340,10385340,10953002
10385595,10385595,10953002
10385697,10385697,10953002
10386441,10386441,10953002
10386468,10386468,10953002
10386512,10386512,10953002
10386987,10386987,10953002
10387281,10387281,10953002
10387504,10387504,10953002
10387878,10387878,10953002
10388170,10388170,10953002
10388246,10388246,10953002
10388448,10388448,10953002
10388624,10388624,10953002
10389076,10389076,10953002
10389342,10389342,10953002
10389597,10389597,10953002
10389816,10389816,10953002
10389853,10389853,10953002
10390144,10390144,10953002
10390278,10390278,10953002
10390420,10390420,10953002
10390569,10390569,10953002
10391305,10391305,10953002
10391674,10391674,10953002
10392910,10392910,10953002
10393228,10393228,10953002
10393332,10393332,10953002
10393425,10393425,10953002
10393739,10393739,10953002
10393830,10393830,10953002
10393837,10393837,10953002
10393998,10393998,10953002
10394069,10394069,10953002
10394134,10394134,10953002
10394145,10394145,10953002
10394324,10394324,10953002
10394625,10394625,10953002
10394674,10394674,10953002
10396261,10396261,10953002
10396296,10396296,10953002
10396337,10396337,10953002
10396768,10396768,10953002
10396852,10396852,10953002
10396957,10396957,10953002
10397163,10397163,10953002
10397290,10397290,10953002
10397368,10397368,10953002
10397420,10397420,10953002
10397970,10397970,10953002
10397973,10397973,10953002
10398004,10398004,10953002
10398174,10398174,10953002
10398351,10398351,10953002
10398474,10398474,10953002
10398487,10398487,10953002
10398659,10398659,10953002
10398826,10398826,10953002
10399194,10399194,10953002
10399218,10399218,10953002
10399252,10399252,10953002
10399381,10399381,10953002
10399734,10399734,10953002
10401212,10401212,10953002
10401702,10401702,10953002
10401706,10401706,10953002
10401819,10401819,10953002
10402164,10402164,10953002
10402241,10402241,10953002
10402269,10402269,10953002
10402347,10402347,10953002
10402440,10402440,10953002
10402592,10402592,10953002
10402753,10402753,10953002
10402871,10402871,10953002
10402886,10402886,10953002
10403213,10403213,10953002
10403284,10403284,10953002
10403387,10403387,10953002
10403707,10403707,10953002
10404184,10404184,10953002
10404357,10404357,10953002
10404491,10404491,10953002
10404782,10404782,10953002
10404802,10404802,10953002
10405042,10405042,10953002
10405657,10405657,10953002
10405761,10405761,10953002
10406218,10406218,10953002
10406283,10406283,10953002
10407005,10407005,10953002
10407010,10407010,10953002
10407265,10407265,10953002
10407703,10407703,10953002
10407962,10407962,10953002
10407971,10407971,10953002
10408046,10408046,10953002
10408418,10408418,10953002
10408459,10408459,10953002
10408558,10408558,10953002
10408777,10408777,10953002
10408804,10408804,10953002
10408907,10408907,10953002
10408917,10408917,10953002
10409535,10409535,10953002
10409886,10409886,10953002
10410062,10410062,10953002
10410245,10410245,10953002
10410255,10410255,10953002
10410322,10410322,10953002
10410350,10410350,10953002
10410581,10410581,10953002
10410904,10410904,10953002
10411792,10411792,10953002
10411963,10411963,10953002
10412461,10412461,10953002
10412498,10412498,10953002
10412886,10412886,10953002
10413288,10413288,10953002
10413323,10413323,10953002
10413928,10413928,10953002
10414231,10414231,10953002
10414277,10414277,10953002
10415034,10415034,10953002
10415065,10415065,10953002
10415073,10415073,10953002
10415427,10415427,10953002
10416199,10416199,10953002
10416446,10416446,10953002
10416732,10416732,10953002
10416733,10416733,10953002
10416759,10416759,10953002
10417210,10417210,10953002
10417261,10417261,10953002
10417553,10417553,10953002
10417604,10417604,10953002
10417647,10417647,10953002
10417903,10417903,10953002
10418185,10418185,10953002
10418302,10418302,10953002
10418922,10418922,10953002
10419320,10419320,10953002
10419449,10419449,10953002
10419854,10419854,10953002
10420236,10420236,10953002
10420533,10420533,10953002
10421178,10421178,10953002
10421298,10421298,10953002
10421478,10421478,10953002
10421483,10421483,10953002
10421550,10421550,10953002
10421602,10421602,10953002
10422605,10422605,10953002
10422680,10422680,10953002
10422736,10422736,10953002
10422973,10422973,10953002
10423081,10423081,10953002
10423223,10423223,10953002
10423310,10423310,10953002
10423596,10423596,10953002
10423661,10423661,10953002
10423765,10423765,10953002
10423783,10423783,10953002
10423972,10423972,10953002
10424037,10424037,10953002
10424109,10424109,10953002
10424609,10424609,10953002
10424666,10424666,10953002
10425592,10425592,10953002
10425967,10425967,10953002
10427141,10427141,10953002
10427272,10427272,10953002
10427360,10427360,10953002
10427558,10427558,10953002
10427796,10427796,10953002
10427894,10427894,10953002
10427942,10427942,10953002
10427978,10427978,10953002
10428254,10428254,10953002
10429030,10429030,10953002
10429135,10429135,10953002
10429262,10429262,10953002
10429532,10429532,10953002
10429793,10429793,10953002
10430062,10430062,10953002
10430090,10430090,10953002
10430778,10430778,10953002
10430805,10430805,10953002
10430862,10430862,10953002
10430871,10430871,10953002
10431182,10431182,10953002
10431208,10431208,10953002
10431271,10431271,10953002
10431348,10431348,10953002
10432371,10432371,10953002
10432682,10432682,10953002
10433030,10433030,10953002
10433092,10433092,10953002
10433235,10433235,10953002
10433293,10433293,10953002
10433908,10433908,10953002
10433936,10433936,10953002
10434225,10434225,10953002
10434318,10434318,10953002
10434488,10434488,10953002
10435299,10435299,10953002
10435405,10435405,10953002
10435836,10435836,10953002
10436206,10436206,10953002
10436238,10436238,10953002
10436299,10436299,10953002
10437119,10437119,10953002
10437126,10437126,10953002
10437446,10437446,10953002
10437664,10437664,10953002
10437777,10437777,10953002
10437815,10437815,10953002
10437923,10437923,10953002
10438917,10438917,10953002
10438987,10438987,10953002
10439115,10439115,10953002
10439193,10439193,10953002
10439307,10439307,10953002
10439348,10439348,10953002
10439402,10439402,10953002
10439790,10439790,10953002
10440702,10440702,10953002
10440737,10440737,10953002
10440833,10440833,10953002
10441233,10441233,10953002
10441296,10441296,10953002
10441361,10441361,10953002
10441714,10441714,10953002
10441787,10441787,10953002
10441897,10441897,10953002
10441914,10441914,10953002
10442045,10442045,10953002
10442460,10442460,10953002
10442627,10442627,10953002
10442699,10442699,10953002
10442791,10442791,10953002
10442807,10442807,10953002
10443032,10443032,10953002
10443694,10443694,10953002
10443709,10443709,10953002
10444429,10444429,10953002
10444713,10444713,10953002
10444765,10444765,10953002
10444790,10444790,10953002
10444871,10444871,10953002
10444909,10444909,10953002
10445175,10445175,10953002
10445483,10445483,10953002
10445745,10445745,10953002
10446346,10446346,10953002
10447057,10447057,10953002
10447323,10447323,10953002
10447350,10447350,10953002
10447680,10447680,10953002
10447957,10447957,10953002
10448054,10448054,10953002
10448333,10448333,10953002
10448396,10448396,10953002
10448529,10448529,10953002
10448737,10448737,10953002
10448915,10448915,10953002
10449270,10449270,10953002
10449480,10449480,10953002
10449734,10449734,10953002
10449794,10449794,10953002
10450211,10450211,10953002
10450482,10450482,10953002
10450921,10450921,10953002
10450968,10450968,10953002
10451075,10451075,10953002
10451236,10451236,10953002
10451289,10451289,10953002
10451477,10451477,10953002
10451596,10451596,10953002
10452238,10452238,10953002
10452772,10452772,10953002
10453374,10453374,10953002
10453487,10453487,10953002
10453730,10453730,10953002
10453780,10453780,10953002
10454220,10454220,10953002
10454904,10454904,10953002
10455038,10455038,10953002
10455122,10455122,10953002
10455525,10455525,10953002
10455562,10455562,10953002
10455596,10455596,10953002
10455597,10455597,10953002
10455650,10455650,10953002
10455944,10455944,10953002
10456485,10456485,10953002
10456519,10456519,10953002
10457003,10457003,10953002
10457120,10457120,10953002
10457573,10457573,10953002
10457628,10457628,10953002
10457839,10457839,10953002
10457919,10457919,10953002
10457998,10457998,10953002
10458030,10458030,10953002
10458439,10458439,10953002
10458532,10458532,10953002
10458807,10458807,10953002
10458966,10458966,10953002
10459214,10459214,10953002
10459450,10459450,10953002
10460236,10460236,10953002
10460256,10460256,10953002
10460316,10460316,10953002
10460379,10460379,10953002
10460401,10460401,10953002
10460577,10460577,10953002
10460585,10460585,10953002
10460713,10460713,10953002
10461032,10461032,10953002
10461232,10461232,10953002
10462076,10462076,10953002
10462183,10462183,10953002
10462309,10462309,10953002
10462364,10462364,10953002
10462433,10462433,10953002
10462579,10462579,10953002
10462687,10462687,10953002
10462856,10462856,10953002
10462966,10462966,10953002
10463545,10463545,10953002
10463979,10463979,10953002
10464467,10464467,10953002
10464711,10464711,10953002
10464977,10464977,10953002
10465061,10465061,10953002
10465103,10465103,10953002
10465162,10465162,10953002
10465213,10465213,10953002
10465453,10465453,10953002
10465904,10465904,10953002
10465932,10465932,10953002
10465933,10465933,10953002
10466043,10466043,10953002
10466560,10466560,10953002
10466881,10466881,10953002
10466998,10466998,10953002
10467005,10467005,10953002
10467204,10467204,10953002
10467877,10467877,10953002
10468112,10468112,10953002
10468617,10468617,10953002
10469014,10469014,10953002
10469652,10469652,10953002
10469884,10469884,10953002
10469888,10469888,10953002
10469949,10469949,10953002
10470219,10470219,10953002
10470325,10470325,10953002
10470654,10470654,10953002
10471251,10471251,10953002
10471292,10471292,10953002
10471294,10471294,10953002
10471482,10471482,10953002
10471566,10471566,10953002
10471858,10471858,10953002
10471921,10471921,10953002
10472112,10472112,10953002
10472396,10472396,10953002
10472461,10472461,10953002
10472562,10472562,10953002
10472823,10472823,10953002
10472846,10472846,10953002
10473159,10473159,10953002
10473235,10473235,10953002
10473260,10473260,10953002
10473617,10473617,10953002
10473793,10473793,10953002
10473887,10473887,10953002
10473951,10473951,10953002
10473985,10473985,10953002
10474976,10474976,10953002
10475345,10475345,10953002
10475497,10475497,10953002
10475852,10475852,10953002
10476002,10476002,10953002
10476119,10476119,10953002
10476307,10476307,10953002
10476327,10476327,10953002
10476482,10476482,10953002
10476489,10476489,10953002
10476853,10476853,10953002
10476936,10476936,10953002
10477034,10477034,10953002
10477185,10477185,10953002
10477217,10477217,10953002
10477289,10477289,10953002
10477435,10477435,10953002
10477634,10477634,10953002
10477655,10477655,10953002
10477894,10477894,10953002
10478255,10478255,10953002
10478479,10478479,10953002
10478520,10478520,10953002
10478659,10478659,10953002
10479018,10479018,10953002
10479430,10479430,10953002
10479693,10479693,10953002
10479942,10479942,10953002
10480017,10480017,10953002
10480025,10480025,10953002
10481416,10481416,10953002
10481776,10481776,10953002
10481788,10481788,10953002
10482121,10482121,10953002
10482188,10482188,10953002
10482374,10482374,10953002
10482740,10482740,10953002
10483284,10483284,10953002
10483470,10483470,10953002
10483998,10483998,10953002
10485106,10485106,10953002
10485821,10485821,10953002
10486131,10486131,10953002
10486256,10486256,10953002
10486507,10486507,10953002
10486574,10486574,10953002
10486658,10486658,10953002
10486794,10486794,10953002
10486879,10486879,10953002
10486905,10486905,10953002
10487276,10487276,10953002
10487407,10487407,10953002
10487530,10487530,10953002
10487600,10487600,10953002
10487894,10487894,10953002
10488100,10488100,10953002
10488269,10488269,10953002
10488755,10488755,10953002
10489049,10489049,10953002
10489067,10489067,10953002
10489110,10489110,10953002
10489289,10489289,10953002
10490451,10490451,10953002
10490659,10490659,10953002
10490879,10490879,10953002
10491420,10491420,10953002
10491486,10491486,10953002
10492192,10492192,10953002
10492225,10492225,10953002
10492607,10492607,10953002
10493293,10493293,10953002
10493504,10493504,10953002
10494296,10494296,10953002
10494486,10494486,10953002
10494539,10494539,10953002
10495276,10495276,10953002
10495306,10495306,10953002
10495470,10495470,10953002
10495584,10495584,10953002
10495994,10495994,10953002
10496137,10496137,10953002
10496251,10496251,10953002
10496589,10496589,10953002
10498084,10498084,10953002
10498404,10498404,10953002
10498576,10498576,10953002
10498801,10498801,10953002
10498943,10498943,10953002
10499548,10499548,10953002
10499789,10499789,10953002
10499793,10499793,10953002
10499808,10499808,10953002
10499928,10499928,10953002
10500182,10500182,10953002
10500286,10500286,10953002
10500315,10500315,10953002
10500456,10500456,10953002
10500773,10500773,10953002
10500919,10500919,10953002
10500947,10500947,10953002
10501141,10501141,10953002
10501295,10501295,10953002
10501856,10501856,10953002
10502348,10502348,10953002
10502557,10502557,10953002
10502774,10502774,10953002
10502893,10502893,10953002
10503472,10503472,10953002
10503695,10503695,10953002
10504017,10504017,10953002
10504149,10504149,10953002
10504384,10504384,10953002
10504787,10504787,10953002
10505308,10505308,10953002
10505571,10505571,10953002
10506065,10506065,10953002
10506071,10506071,10953002
10506082,10506082,10953002
10507623,10507623,10953002
10507687,10507687,10953002
10507769,10507769,10953002
10507945,10507945,10953002
10507979,10507979,10953002
10508017,10508017,10953002
10508053,10508053,10953002
10508097,10508097,10953002
10508396,10508396,10953002
10509078,10509078,10953002
10509232,10509232,10953002
10509243,10509243,10953002
10509617,10509617,10953002
10509679,10509679,10953002
10509812,10509812,10953002
10509973,10509973,10953002
10510790,10510790,10953002
10510793,10510793,10953002
10511401,10511401,10953002
10511982,10511982,10953002
10512112,10512112,10953002
10512192,10512192,10953002
10512454,10512454,10953002
10512613,10512613,10953002
10513124,10513124,10953002
10513260,10513260,10953002
10513596,10513596,10953002
10513602,10513602,10953002
10513611,10513611,10953002
10513679,10513679,10953002
10514228,10514228,10953002
10514302,10514302,10953002
10514538,10514538,10953002
10514590,10514590,10953002
10514834,10514834,10953002
10515123,10515123,10953002
10515531,10515531,10953002
10515599,10515599,10953002
10515749,10515749,10953002
10515914,10515914,10953002
10515997,10515997,10953002
10516519,10516519,10953002
10516568,10516568,10953002
10516728,10516728,10953002
10516800,10516800,10953002
10517133,10517133,10953002
10517162,10517162,10953002
10517599,10517599,10953002
10517825,10517825,10953002
10518141,10518141,10953002
10518346,10518346,10953002
10518493,10518493,10953002
10519060,10519060,10953002
10519377,10519377,10953002
10519709,10519709,10953002
10519750,10519750,10953002
10519841,10519841,10953002
10520138,10520138,10953002
10520382,10520382,10953002
10520441,10520441,10953002
10520448,10520448,10953002
10520773,10520773,10953002
10520912,10520912,10953002
10521130,10521130,10953002
10521335,10521335,10953002
10521382,10521382,10953002
10521714,10521714,10953002
10521970,10521970,10953002
10522244,10522244,10953002
10522283,10522283,10953002
10522364,10522364,10953002
10522492,10522492,10953002
10522645,10522645,10953002
10522696,10522696,10953002
10522973,10522973,10953002
10523439,10523439,10953002
10523548,10523548,10953002
10523639,10523639,10953002
10523746,10523746,10953002
10524319,10524319,10953002
10524345,10524345,10953002
10524733,10524733,10953002
10524888,10524888,10953002
10524990,10524990,10953002
10525137,10525137,10953002
10525172,10525172,10953002
10525180,10525180,10953002
10525404,10525404,10953002
10525784,10525784,10953002
10526199,10526199,10953002
10526354,10526354,10953002
10526492,10526492,10953002
10526515,10526515,10953002
10526789,10526789,10953002
10527113,10527113,10953002
10527538,10527538,10953002
10527983,10527983,10953002
10528115,10528115,10953002
10528248,10528248,10953002
10528763,10528763,10953002
10528772,10528772,10953002
10529084,10529084,10953002
10529098,10529098,10953002
10529136,10529136,10953002
10529290,10529290,10953002
10529383,10529383,10953002
10529597,10529597,10953002
10530209,10530209,10953002
10530493,10530493,10953002
10530509,10530509,10953002
10530531,10530531,10953002
10530676,10530676,10953002
10531023,10531023,10953002
10531831,10531831,10953002
10532218,10532218,10953002
10532484,10532484,10953002
10532851,10532851,10953002
10533019,10533019,10953002
10533078,10533078,10953002
10533215,10533215,10953002
10533581,10533581,10953002
10533824,10533824,10953002
10534081,10534081,10953002
10534216,10534216,10953002
10534714,10534714,10953002
10534960,10534960,10953002
10535429,10535429,10953002
10535577,10535577,10953002
10536466,10536466,10953002
10536540,10536540,10953002
10536801,10536801,10953002
10537059,10537059,10953002
10537206,10537206,10953002
10537458,10537458,10953002
10537609,10537609,10953002
10538049,10538049,10953002
10538256,10538256,10953002
10538405,10538405,10953002
10538636,10538636,10953002
10538957,10538957,10953002
10539020,10539020,10953002
10539377,10539377,10953002
10539497,10539497,10953002
10539510,10539510,10953002
10539574,10539574,10953002
10539598,10539598,10953002
10539612,10539612,10953002
10539613,10539613,10953002
10539775,10539775,10953002
10539929,10539929,10953002
10539929,10539929,10953002
10540013,10540013,10953002
10540087,10540087,10953002
10540307,10540307,10953002
10540659,10540659,10953002
10540718,10540718,10953002
10540746,10540746,10953002
10541270,10541270,10953002
10542559,10542559,10953002
10542885,10542885,10953002
10543092,10543092,10953002
10543561,10543561,10953002
10543591,10543591,10953002
10543696,10543696,10953002
10543722,10543722,10953002
10544187,10544187,10953002
10544367,10544367,10953002
10544693,10544693,10953002
10544700,10544700,10953002
10545344,10545344,10953002
10545423,10545423,10953002
10546186,10546186,10953002
10546280,10546280,10953002
10546395,10546395,10953002
10547225,10547225,10953002
10547498,10547498,10953002
10547597,10547597,10953002
10547842,10547842,10953002
10547851,10547851,10953002
10548757,10548757,10953002
10549105,10549105,10953002
10549902,10549902,10953002
10550221,10550221,10953002
10550651,10550651,10953002
10550778,10550778,10953002
10550846,10550846,10953002
10550972,10550972,10953002
10550979,10550979,10953002
10551268,10551268,10953002
10551447,10551447,10953002
10551741,10551741,10953002
10551752,10551752,10953002
10551814,10551814,10953002
10552111,10552111,10953002
10552241,10552241,10953002
10552812,10552812,10953002
10552937,10552937,10953002
10553994,10553994,10953002
10554424,10554424,10953002
10554437,10554437,10953002
10554818,10554818,10953002
10554848,10554848,10953002
10554952,10554952,10953002
10554994,10554994,10953002
10555028,10555028,10953002
10555900,10555900,10953002
10556187,10556187,10953002
10556352,10556352,10953002
10556873,10556873,10953002
10557281,10557281,10953002
10558088,10558088,10953002
10558277,10558277,10953002
10558555,10558555,10953002
10558579,10558579,10953002
10558751,10558751,10953002
10558925,10558925,10953002
10559323,10559323,10953002
10559384,10559384,10953002
10559713,10559713,10953002
10559794,10559794,10953002
10559910,10559910,10953002
10560066,10560066,10953002
10560197,10560197,10953002
10560330,10560330,10953002
10560684,10560684,10953002
10561645,10561645,10953002
10561829,10561829,10953002
10562018,10562018,10953002
10562563,10562563,10953002
10563230,10563230,10953002
10563579,10563579,10953002
10564082,10564082,10953002
10564330,10564330,10953002
10564347,10564347,10953002
10564365,10564365,10953002
10564366,10564366,10953002
10564832,10564832,10953002
10564940,10564940,10953002
10564971,10564971,10953002
10565180,10565180,10953002
10565666,10565666,10953002
10566188,10566188,10953002
10566284,10566284,10953002
10566842,10566842,10953002
10567250,10567250,10953002
10568073,10568073,10953002
10568125,10568125,10953002
10568418,10568418,10953002
10568509,10568509,10953002
10568542,10568542,10953002
10568930,10568930,10953002
10569054,10569054,10953002
10569120,10569120,10953002
10569393,10569393,10953002
10569407,10569407,10953002
10569813,10569813,10953002
10569927,10569927,10953002
10569974,10569974,10953002
10570048,10570048,10953002
10570138,10570138,10953002
10570615,10570615,10953002
10571039,10571039,10953002
10571091,10571091,10953002
10571496,10571496,10953002
10571614,10571614,10953002
10571936,10571936,10953002
10572037,10572037,10953002
10572174,10572174,10953002
10572385,10572385,10953002
10572569,10572569,10953002
10572576,10572576,10953002
10573026,10573026,10953002
10573085,10573085,10953002
10574014,10574014,10953002
10574404,10574404,10953002
10574743,10574743,10953002
10575053,10575053,10953002
10575257,10575257,10953002
10575314,10575314,10953002
10575535,10575535,10953002
10575745,10575745,10953002
10575759,10575759,10953002
10575935,10575935,10953002
10576432,10576432,10953002
10576869,10576869,10953002
10576898,10576898,10953002
10577392,10577392,10953002
10577739,10577739,10953002
10579373,10579373,10953002
10579820,10579820,10953002
10580037,10580037,10953002
10580255,10580255,10953002
10580393,10580393,10953002
10581079,10581079,10953002
10581262,10581262,10953002
10581522,10581522,10953002
10581737,10581737,10953002
10582104,10582104,10953002
10582132,10582132,10953002
10582455,10582455,10953002
10583340,10583340,10953002
10583609,10583609,10953002
10583851,10583851,10953002
10583928,10583928,10953002
10584170,10584170,10953002
10584405,10584405,10953002
10584430,10584430,10953002
10584789,10584789,10953002
10585892,10585892,10953002
10586304,10586304,10953002
10586307,10586307,10953002
10587163,10587163,10953002
10587438,10587438,10953002
10587441,10587441,10953002
10587627,10587627,10953002
10587847,10587847,10953002
10587905,10587905,10953002
10587906,10587906,10953002
10587926,10587926,10953002
10587941,10587941,10953002
10588115,10588115,10953002
10588142,10588142,10953002
10588272,10588272,10953002
10588603,10588603,10953002
10588658,10588658,10953002
10588772,10588772,10953002
10588907,10588907,10953002
10588946,10588946,10953002
10589005,10589005,10953002
10589072,10589072,10953002
10589430,10589430,10953002
10589702,10589702,10953002
10590241,10590241,10953002
10590922,10590922,10953002
10590992,10590992,10953002
10591353,10591353,10953002
10591373,10591373,10953002
10591891,10591891,10953002
10591921,10591921,10953002
10592558,10592558,10953002
10592614,10592614,10953002
10593291,10593291,10953002
10593446,10593446,10953002
10594030,10594030,10953002
10594187,10594187,10953002
10594834,10594834,10953002
10594852,10594852,10953002
10594879,10594879,10953002
10595204,10595204,10953002
10595269,10595269,10953002
10595417,10595417,10953002
10595721,10595721,10953002
10595723,10595723,10953002
10596081,10596081,10953002
10596199,10596199,10953002
10596260,10596260,10953002
10596515,10596515,10953002
10596622,10596622,10953002
10596636,10596636,10953002
10597208,10597208,10953002
10597701,10597701,10953002
10597749,10597749,10953002
10598184,10598184,10953002
10599020,10599020,10953002
10599228,10599228,10953002
10599388,10599388,10953002
10599560,10599560,10953002
10599670,10599670,10953002
10600126,10600126,10953002
10600413,10600413,10953002
10600618,10600618,10953002
10601067,10601067,10953002
10602384,10602384,10953002
10602546,10602546,10953002
10602619,10602619,10953002
10602871,10602871,10953002
10603151,10603151,10953002
10604202,10604202,10953002
10604206,10604206,10953002
10604295,10604295,10953002
10604505,10604505,10953002
10604564,10604564,10953002
10604632,10604632,10953002
10604701,10604701,10953002
10604762,10604762,10953002
10604813,10604813,10953002
10604821,10604821,10953002
10605113,10605113,10953002
10605586,10605586,10953002
10605877,10605877,10953002
10606298,10606298,10953002
10606487,10606487,10953002
10606673,10606673,10953002
10606792,10606792,10953002
10606821,10606821,10953002
10606879,10606879,10953002
10607087,10607087,10953002
10607163,10607163,10953002
10607288,10607288,10953002
10607552,10607552,10953002
10607712,10607712,10953002
10607794,10607794,10953002
10607941,10607941,10953002
10608237,10608237,10953002
10608257,10608257,10953002
10608435,10608435,10953002
10608546,10608546,10953002
10608560,10608560,10953002
10608575,10608575,10953002
10609131,10609131,10953002
10609942,10609942,10953002
10609946,10609946,10953002
10610270,10610270,10953002
10610566,10610566,10953002
10610717,10610717,10953002
10610836,10610836,10953002
10610928,10610928,10953002
10611095,10611095,10953002
10611552,10611552,10953002
10612228,10612228,10953002
10612628,10612628,10953002
10612629,10612629,10953002
10612920,10612920,10953002
10612947,10612947,10953002
10613498,10613498,10953002
10613807,10613807,10953002
10613850,10613850,10953002
10613946,10613946,10953002
10614053,10614053,10953002
10614166,10614166,10953002
10614178,10614178,10953002
10614312,10614312,10953002
10614317,10614317,10953002
10614420,10614420,10953002
10614658,10614658,10953002
10615096,10615096,10953002
10615658,10615658,10953002
10616051,10616051,10953002
10616089,10616089,10953002
10616344,10616344,10953002
10617468,10617468,10953002
10617520,10617520,10953002
10617703,10617703,10953002
10618705,10618705,10953002
10618855,10618855,10953002
10619189,10619189,10953002
10619233,10619233,10953002
10619628,10619628,10953002
10619812,10619812,10953002
10620054,10620054,10953002
10620179,10620179,10953002
10620188,10620188,10953002
10620576,10620576,10953002
10621461,10621461,10953002
10623205,10623205,10953002
10623830,10623830,10953002
10623863,10623863,10953002
10623886,10623886,10953002
10624173,10624173,10953002
10624594,10624594,10953002
10624656,10624656,10953002
10624810,10624810,10953002
10625127,10625127,10953002
10625236,10625236,10953002
10625302,10625302,10953002
10625414,10625414,10953002
10625612,10625612,10953002
10625703,10625703,10953002
10626661,10626661,10953002
10626677,10626677,10953002
10626757,10626757,10953002
10627711,10627711,10953002
10627767,10627767,10953002
10628767,10628767,10953002
10628872,10628872,10953002
10629123,10629123,10953002
10629296,10629296,10953002
10629587,10629587,10953002
10629619,10629619,10953002
10629628,10629628,10953002
10629966,10629966,10953002
10629966,10629966,10953002
10630345,10630345,10953002
10630471,10630471,10953002
10631063,10631063,10953002
10631496,10631496,10953002
10632359,10632359,10953002
10632753,10632753,10953002
10632898,10632898,10953002
10632947,10632947,10953002
10633794,10633794,10953002
10633917,10633917,10953002
10634711,10634711,10953002
10634802,10634802,10953002
10634916,10634916,10953002
10635435,10635435,10953002
10635634,10635634,10953002
10636151,10636151,10953002
10636265,10636265,10953002
10636668,10636668,10953002
10636778,10636778,10953002
10636841,10636841,10953002
10637140,10637140,10953002
10637163,10637163,10953002
10637315,10637315,10953002
10637859,10637859,10953002
10638139,10638139,10953002
10638541,10638541,10953002
10638678,10638678,10953002
10638829,10638829,10953002
10639177,10639177,10953002
10639227,10639227,10953002
10639715,10639715,10953002
10640131,10640131,10953002
10640184,10640184,10953002
10640530,10640530,10953002
10640831,10640831,10953002
10641385,10641385,10953002
10641737,10641737,10953002
10641773,10641773,10953002
10641793,10641793,10953002
10642339,10642339,10953002
10642650,10642650,10953002
10642719,10642719,10953002
10643382,10643382,10953002
10643611,10643611,10953002
10643812,10643812,10953002
10643859,10643859,10953002
10644316,10644316,10953002
10644516,10644516,10953002
10644545,10644545,10953002
10644673,10644673,10953002
10645114,10645114,10953002
10645419,10645419,10953002
10645457,10645457,10953002
10646592,10646592,10953002
10647869,10647869,10953002
10648130,10648130,10953002
10648247,10648247,10953002
10648457,10648457,10953002
10648477,10648477,10953002
10649360,10649360,10953002
10649565,10649565,10953002
10649752,10649752,10953002
10650362,10650362,10953002
10650409,10650409,10953002
10650568,10650568,10953002
10650663,10650663,10953002
10650736,10650736,10953002
10651381,10651381,10953002
10651890,10651890,10953002
10652041,10652041,10953002
10652178,10652178,10953002
10653135,10653135,10953002
10653215,10653215,10953002
10653510,10653510,10953002
10653633,10653633,10953002
10653645,10653645,10953002
10653668,10653668,10953002
10653714,10653714,10953002
10654234,10654234,10953002
10654332,10654332,10953002
10654489,10654489,10953002
10654576,10654576,10953002
10654597,10654597,10953002
10654797,10654797,10953002
10654820,10654820,10953002
10655294,10655294,10953002
10655512,10655512,10953002
10655655,10655655,10953002
10656134,10656134,10953002
10656164,10656164,10953002
10656292,10656292,10953002
10656861,10656861,10953002
10657338,10657338,10953002
10657531,10657531,10953002
10657538,10657538,10953002
10657819,10657819,10953002
10657900,10657900,10953002
10658360,10658360,10953002
10659218,10659218,10953002
10659233,10659233,10953002
10659838,10659838,10953002
10659842,10659842,10953002
10659863,10659863,10953002
10660819,10660819,10953002
10661251,10661251,10953002
10661313,10661313,10953002
10661711,10661711,10953002
10661816,10661816,10953002
10662389,10662389,10953002
10662631,10662631,10953002
10662677,10662677,10953002
10662971,10662971,10953002
10663177,10663177,10953002
10663178,10663178,10953002
10663678,10663678,10953002
10664359,10664359,10953002
10664376,10664376,10953002
10664410,10664410,10953002
10664632,10664632,10953002
10665089,10665089,10953002
10665134,10665134,10953002
10665332,10665332,10953002
10665385,10665385,10953002
10665394,10665394,10953002
10665405,10665405,10953002
10665557,10665557,10953002
10666219,10666219,10953002
10666657,10666657,10953002
10666878,10666878,10953002
10666911,10666911,10953002
10667273,10667273,10953002
10667441,10667441,10953002
10667526,10667526,10953002
10667568,10667568,10953002
10667694,10667694,10953002
10667694,10667694,10953002
10667834,10667834,10953002
10667891,10667891,10953002
10668113,10668113,10953002
10668783,10668783,10953002
10668819,10668819,10953002
10669410,10669410,10953002
10669662,10669662,10953002
10669826,10669826,10953002
10669966,10669966,10953002
10670297,10670297,10953002
10670398,10670398,10953002
10670512,10670512,10953002
10670512,10670512,10953002
10670699,10670699,10953002
10670883,10670883,10953002
10670994,10670994,10953002
10671379,10671379,10953002
10671425,10671425,10953002
10671550,10671550,10953002
10671982,10671982,10953002
10672002,10672002,10953002
10672377,10672377,10953002
10672486,10672486,10953002
10673151,10673151,10953002
10673284,10673284,10953002
10673295,10673295,10953002
10674292,10674292,10953002
10674329,10674329,10953002
10674823,10674823,10953002
10674956,10674956,10953002
10675187,10675187,10953002
10675363,10675363,10953002
10675411,10675411,10953002
10676020,10676020,10953002
10676250,10676250,10953002
10676313,10676313,10953002
10676343,10676343,10953002
10676602,10676602,10953002
10677002,10677002,10953002
10677402,10677402,10953002
10677440,10677440,10953002
10677603,10677603,10953002
10677971,10677971,10953002
10678161,10678161,10953002
10678536,10678536,10953002
10678793,10678793,10953002
10678806,10678806,10953002
10679110,10679110,10953002
10679420,10679420,10953002
10679442,10679442,10953002
10679878,10679878,10953002
10679973,10679973,10953002
10680026,10680026,10953002
10680068,10680068,10953002
10680086,10680086,10953002
10680230,10680230,10953002
10680270,10680270,10953002
10680445,10680445,10953002
10681062,10681062,10953002
10681379,10681379,10953002
10681510,10681510,10953002
10681700,10681700,10953002
10681905,10681905,10953002
10681960,10681960,10953002
10682121,10682121,10953002
10682160,10682160,10953002
10682330,10682330,10953002
10682526,10682526,10953002
10682632,10682632,10953002
10682792,10682792,10953002
10683518,10683518,10953002
10683687,10683687,10953002
10683713,10683713,10953002
10683723,10683723,10953002
10684477,10684477,10953002
10684508,10684508,10953002
10684700,10684700,10953002
10685294,10685294,10953002
10685880,10685880,10953002
10685904,10685904,10953002
10686033,10686033,10953002
10686545,10686545,10953002
10686739,10686739,10953002
10686859,10686859,10953002
10687113,10687113,10953002
10687216,10687216,10953002
10688100,10688100,10953002
10688461,10688461,10953002
10688555,10688555,10953002
10688854,10688854,10953002
10689228,10689228,10953002
10689580,10689580,10953002
10689705,10689705,10953002
10689711,10689711,10953002
10689828,10689828,10953002
10690371,10690371,10953002
10690991,10690991,10953002
10691140,10691140,10953002
10691433,10691433,10953002
10691664,10691664,10953002
10691818,10691818,10953002
10691915,10691915,10953002
10691936,10691936,10953002
10693038,10693038,10953002
10693348,10693348,10953002
10693438,10693438,10953002
10693745,10693745,10953002
10693975,10693975,10953002
10694172,10694172,10953002
10694229,10694229,10953002
10695420,10695420,10953002
10695610,10695610,10953002
10697276,10697276,10953002
10697608,10697608,10953002
10697940,10697940,10953002
10698390,10698390,10953002
10698430,10698430,10953002
10698803,10698803,10953002
10698845,10698845,10953002
10698873,10698873,10953002
10698993,10698993,10953002
10699663,10699663,10953002
10699723,10699723,10953002
10700162,10700162,10953002
10700294,10700294,10953002
10700560,10700560,10953002
10700623,10700623,10953002
10700787,10700787,10953002
10700950,10700950,10953002
10701025,10701025,10953002
10701538,10701538,10953002
10701922,10701922,10953002
10701999,10701999,10953002
10702392,10702392,10953002
10702982,10702982,10953002
10703152,10703152,10953002
10703676,10703676,10953002
10703716,10703716,10953002
10704092,10704092,10953002
10704104,10704104,10953002
10704131,10704131,10953002
10704286,10704286,10953002
10704473,10704473,10953002
10704666,10704666,10953002
10704713,10704713,10953002
10704794,10704794,10953002
10705286,10705286,10953002
10705750,10705750,10953002
10706312,10706312,10953002
10706587,10706587,10953002
10707715,10707715,10953002
10707756,10707756,10953002
10708017,10708017,10953002
10708031,10708031,10953002
10708154,10708154,10953002
10708710,10708710,10953002
10708795,10708795,10953002
10709005,10709005,10953002
10709355,10709355,10953002
10709436,10709436,10953002
10709563,10709563,10953002
10709975,10709975,10953002
10710139,10710139,10953002
10711231,10711231,10953002
10711618,10711618,10953002
10711633,10711633,10953002
10711648,10711648,10953002
10711699,10711699,10953002
10711914,10711914,10953002
10712590,10712590,10953002
10712798,10712798,10953002
10712982,10712982,10953002
10713135,10713135,10953002
10713760,10713760,10953002
10714341,10714341,10953002
10714415,10714415,10953002
10714595,10714595,10953002
10714725,10714725,10953002
10714787,10714787,10953002
10715437,10715437,10953002
10715540,10715540,10953002
10716962,10716962,10953002
10717045,10717045,10953002
10717733,10717733,10953002
10718673,10718673,10953002
10718948,10718948,10953002
10719023,10719023,10953002
10719203,10719203,10953002
10719384,10719384,10953002
10719419,10719419,10953002
10719706,10719706,10953002
10719830,10719830,10953002
10719918,10719918,10953002
10720150,10720150,10953002
10720216,10720216,10953002
10720692,10720692,10953002
10720904,10720904,10953002
10721635,10721635,10953002
10722602,10722602,10953002
10722865,10722865,10953002
10722910,10722910,10953002
10722911,10722911,10953002
10722911,10722911,10953002
10723102,10723102,10953002
10723225,10723225,10953002
10723316,10723316,10953002
10723508,10723508,10953002
10723788,10723788,10953002
10723862,10723862,10953002
10724156,10724156,10953002
10724657,10724657,10953002
10724737,10724737,10953002
10724767,10724767,10953002
10724840,10724840,10953002
10724914,10724914,10953002
10725141,10725141,10953002
10725939,10725939,10953002
10726605,10726605,10953002
10726769,10726769,10953002
10727051,10727051,10953002
10727159,10727159,10953002
10728122,10728122,10953002
10728152,10728152,10953002
10728331,10728331,10953002
10728624,10728624,10953002
10728685,10728685,10953002
10728974,10728974,10953002
10728974,10728974,10953002
10729454,10729454,10953002
10729652,10729652,10953002
10730496,10730496,10953002
10730629,10730629,10953002
10730651,10730651,10953002
10731715,10731715,10953002
10731776,10731776,10953002
10732118,10732118,10953002
10732207,10732207,10953002
10732209,10732209,10953002
10732708,10732708,10953002
10732993,10732993,10953002
10733303,10733303,10953002
10733361,10733361,10953002
10733706,10733706,10953002
10733716,10733716,10953002
10733823,10733823,10953002
10734099,10734099,10953002
10734405,10734405,10953002
10734481,10734481,10953002
10734717,10734717,10953002
10734829,10734829,10953002
10735156,10735156,10953002
10736070,10736070,10953002
10736596,10736596,10953002
10736638,10736638,10953002
10736802,10736802,10953002
10737150,10737150,10953002
10737355,10737355,10953002
10737642,10737642,10953002
10737923,10737923,10953002
10738259,10738259,10953002
10738460,10738460,10953002
10738583,10738583,10953002
10738637,10738637,10953002
10738900,10738900,10953002
10739024,10739024,10953002
10739133,10739133,10953002
10739152,10739152,10953002
10739166,10739166,10953002
10739257,10739257,10953002
10739269,10739269,10953002
10739649,10739649,10953002
10739713,10739713,10953002
10739964,10739964,10953002
10740091,10740091,10953002
10740654,10740654,10953002
10740972,10740972,10953002
10741135,10741135,10953002
10741306,10741306,10953002
10741516,10741516,10953002
10741760,10741760,10953002
10741868,10741868,10953002
10742079,10742079,10953002
10742462,10742462,10953002
10742588,10742588,10953002
10742639,10742639,10953002
10742674,10742674,10953002
10743153,10743153,10953002
10743171,10743171,10953002
10743431,10743431,10953002
10743774,10743774,10953002
10743981,10743981,10953002
10744005,10744005,10953002
10744334,10744334,10953002
10745163,10745163,10953002
10746068,10746068,10953002
10746204,10746204,10953002
10746435,10746435,10953002
10746585,10746585,10953002
10746709,10746709,10953002
10747830,10747830,10953002
10748445,10748445,10953002
10748608,10748608,10953002
10748702,10748702,10953002
10748905,10748905,10953002
10749331,10749331,10953002
10749816,10749816,10953002
10750216,10750216,10953002
10750308,10750308,10953002
10750406,10750406,10953002
10750412,10750412,10953002
10750702,10750702,10953002
10751005,10751005,10953002
10751036,10751036,10953002
10751342,10751342,10953002
10751532,10751532,10953002
10751727,10751727,10953002
10751769,10751769,10953002
10751787,10751787,10953002
10751910,10751910,10953002
10752155,10752155,10953002
10752512,10752512,10953002
10752620,10752620,10953002
10752633,10752633,10953002
10752740,10752740,10953002
10753961,10753961,10953002
10754142,10754142,10953002
10754176,10754176,10953002
10754230,10754230,10953002
10754752,10754752,10953002
10755182,10755182,10953002
10755308,10755308,10953002
10755752,10755752,10953002
10755757,10755757,10953002
10756337,10756337,10953002
10756575,10756575,10953002
10756749,10756749,10953002
10757566,10757566,10953002
10758022,10758022,10953002
10758218,10758218,10953002
10758478,10758478,10953002
10758945,10758945,10953002
10758974,10758974,10953002
10759129,10759129,10953002
10759336,10759336,10953002
10759499,10759499,10953002
10759678,10759678,10953002
10759732,10759732,10953002
10759952,10759952,10953002
10760199,10760199,10953002
10760691,10760691,10953002
10761096,10761096,10953002
10761114,10761114,10953002
10761332,10761332,10953002
10761424,10761424,10953002
10761506,10761506,10953002
10761610,10761610,10953002
10761902,10761902,10953002
10761929,10761929,10953002
10762275,10762275,10953002
10762395,10762395,10953002
10762402,10762402,10953002
10762434,10762434,10953002
10763542,10763542,10953002
10764096,10764096,10953002
10764152,10764152,10953002
10764385,10764385,10953002
10764661,10764661,10953002
10764971,10764971,10953002
10765002,10765002,10953002
10765177,10765177,10953002
10765568,10765568,10953002
10765626,10765626,10953002
10766125,10766125,10953002
10766149,10766149,10953002
10766580,10766580,10953002
10766846,10766846,10953002
10767020,10767020,10953002
10767175,10767175,10953002
10767503,10767503,10953002
10767653,10767653,10953002
10767928,10767928,10953002
10768321,10768321,10953002
10768735,10768735,10953002
10768747,10768747,10953002
10768829,10768829,10953002
10769762,10769762,10953002
10769960,10769960,10953002
10770142,10770142,10953002
10771144,10771144,10953002
10771155,10771155,10953002
10772190,10772190,10953002
10772321,10772321,10953002
10772474,10772474,10953002
10772577,10772577,10953002
10772616,10772616,10953002
10772750,10772750,10953002
10773319,10773319,10953002
10773438,10773438,10953002
10773510,10773510,10953002
10773593,10773593,10953002
10773890,10773890,10953002
10774158,10774158,10953002
10774212,10774212,10953002
10774265,10774265,10953002
10774396,10774396,10953002
10774478,10774478,10953002
10774629,10774629,10953002
10774630,10774630,10953002
10774926,10774926,10953002
10775445,10775445,10953002
10775520,10775520,10953002
10775564,10775564,10953002
10775716,10775716,10953002
10776135,10776135,10953002
10776231,10776231,10953002
10776854,10776854,10953002
10777109,10777109,10953002
10777433,10777433,10953002
10777523,10777523,10953002
10777823,10777823,10953002
10777861,10777861,10953002
10777919,10777919,10953002
10778140,10778140,10953002
10778653,10778653,10953002
10778912,10778912,10953002
10778955,10778955,10953002
10778965,10778965,10953002
10779106,10779106,10953002
10779133,10779133,10953002
10779185,10779185,10953002
10779212,10779212,10953002
10779898,10779898,10953002
10780637,10780637,10953002
10780802,10780802,10953002
10780920,10780920,10953002
10780941,10780941,10953002
10780955,10780955,10953002
10781644,10781644,10953002
10783168,10783168,10953002
10783281,10783281,10953002
10783359,10783359,10953002
10783550,10783550,10953002
10783715,10783715,10953002
10783776,10783776,10953002
10783875,10783875,10953002
10784676,10784676,10953002
10784736,10784736,10953002
10784981,10784981,10953002
10785083,10785083,10953002
10785232,10785232,10953002
10785861,10785861,10953002
10785989,10785989,10953002
10786100,10786100,10953002
10786692,10786692,10953002
10786966,10786966,10953002
10787194,10787194,10953002
10787486,10787486,10953002
10788275,10788275,10953002
10788305,10788305,10953002
10788408,10788408,10953002
10788596,10788596,10953002
10788999,10788999,10953002
10789088,10789088,10953002
10789720,10789720,10953002
10789811,10789811,10953002
10789979,10789979,10953002
10790460,10790460,10953002
10790796,10790796,10953002
10791021,10791021,10953002
10791331,10791331,10953002
10791414,10791414,10953002
10791562,10791562,10953002
10792202,10792202,10953002
10792826,10792826,10953002
10792897,10792897,10953002
10792948,10792948,10953002
10793222,10793222,10953002
10793242,10793242,10953002
10793265,10793265,10953002
10793406,10793406,10953002
10793408,10793408,10953002
10793460,10793460,10953002
10794109,10794109,10953002
10794157,10794157,10953002
10794409,10794409,10953002
10794456,10794456,10953002
10794726,10794726,10953002
10794832,10794832,10953002
10794967,10794967,10953002
10795103,10795103,10953002
10795392,10795392,10953002
10795616,10795616,10953002
10796561,10796561,10953002
10796702,10796702,10953002
10797147,10797147,10953002
10797409,10797409,10953002
10798095,10798095,10953002
10798191,10798191,10953002
10798337,10798337,10953002
10798844,10798844,10953002
10798948,10798948,10953002
10799147,10799147,10953002
10799233,10799233,10953002
10799270,10799270,10953002
10799523,10799523,10953002
10799535,10799535,10953002
10799768,10799768,10953002
10799769,10799769,10953002
10799807,10799807,10953002
10800491,10800491,10953002
10800509,10800509,10953002
10800984,10800984,10953002
10801096,10801096,10953002
10801153,10801153,10953002
10801227,10801227,10953002
10801322,10801322,10953002
10801649,10801649,10953002
10801700,10801700,10953002
10801924,10801924,10953002
10802862,10802862,10953002
10802949,10802949,10953002
10803086,10803086,10953002
10803120,10803120,10953002
10803212,10803212,10953002
10803498,10803498,10953002
10803656,10803656,10953002
10803933,10803933,10953002
10804356,10804356,10953002
10805109,10805109,10953002
10805686,10805686,10953002
10806284,10806284,10953002
10806357,10806357,10953002
10806697,10806697,10953002
10807358,10807358,10953002
10807657,10807657,10953002
10807743,10807743,10953002
10808130,10808130,10953002
10808542,10808542,10953002
10808704,10808704,10953002
10808828,10808828,10953002
10808850,10808850,10953002
10809117,10809117,10953002
10809178,10809178,10953002
10809316,10809316,10953002
10809814,10809814,10953002
10809919,10809919,10953002
10810115,10810115,10953002
10810520,10810520,10953002
10810574,10810574,10953002
10811084,10811084,10953002
10811386,10811386,10953002
10811557,10811557,10953002
10811650,10811650,10953002
10811963,10811963,10953002
10812743,10812743,10953002
10812760,10812760,10953002
10812785,10812785,10953002
10812823,10812823,10953002
10812983,10812983,10953002
10813157,10813157,10953002
10813217,10813217,10953002
10813258,10813258,10953002
10813320,10813320,10953002
10813528,10813528,10953002
10813870,10813870,10953002
10814077,10814077,10953002
10814137,10814137,10953002
10814272,10814272,10953002
10814973,10814973,10953002
10815559,10815559,10953002
10815566,10815566,10953002
10816439,10816439,10953002
10816465,10816465,10953002
10816567,10816567,10953002
10816931,10816931,10953002
10817220,10817220,10953002
10817410,10817410,10953002
10817909,10817909,10953002
10818497,10818497,10953002
10818941,10818941,10953002
10819173,10819173,10953002
10819427,10819427,10953002
10819481,10819481,10953002
10819617,10819617,10953002
10819714,10819714,10953002
10820507,10820507,10953002
10820509,10820509,10953002
10820892,10820892,10953002
10820946,10820946,10953002
10820973,10820973,10953002
10821170,10821170,10953002
10821261,10821261,10953002
10821862,10821862,10953002
10822064,10822064,10953002
10822229,10822229,10953002
10822323,10822323,10953002
10822455,10822455,10953002
10822760,10822760,10953002
10823329,10823329,10953002
10823702,10823702,10953002
10824158,10824158,10953002
10824426,10824426,10953002
10824965,10824965,10953002
10825106,10825106,10953002
10825727,10825727,10953002
10825847,10825847,10953002
10825914,10825914,10953002
10826102,10826102,10953002
10826352,10826352,10953002
10826528,10826528,10953002
10826949,10826949,10953002
10827045,10827045,10953002
10827366,10827366,10953002
10827578,10827578,10953002
10827900,10827900,10953002
10828365,10828365,10953002
10828488,10828488,10953002
10828598,10828598,10953002
10828770,10828770,10953002
10829203,10829203,10953002
10829365,10829365,10953002
10829471,10829471,10953002
10829719,10829719,10953002
10829829,10829829,10953002
10830018,10830018,10953002
10830043,10830043,10953002
10830892,10830892,10953002
10831077,10831077,10953002
10831509,10831509,10953002
10831878,10831878,10953002
10832015,10832015,10953002
10832154,10832154,10953002
10832286,10832286,10953002
10832317,10832317,10953002
10832366,10832366,10953002
10833058,10833058,10953002
10833077,10833077,10953002
10833273,10833273,10953002
10833353,10833353,10953002
10833760,10833760,10953002
10834377,10834377,10953002
10834479,10834479,10953002
10834482,10834482,10953002
10834533,10834533,10953002
10834632,10834632,10953002
10834772,10834772,10953002
10834819,10834819,10953002
10834882,10834882,10953002
10834987,10834987,10953002
10835205,10835205,10953002
10835558,10835558,10953002
10835755,10835755,10953002
10835939,10835939,10953002
10836227,10836227,10953002
10836281,10836281,10953002
10836505,10836505,10953002
10836717,10836717,10953002
10836849,10836849,10953002
10837084,10837084,10953002
10838097,10838097,10953002
10838137,10838137,10953002
10838532,10838532,10953002
10838608,10838608,10953002
10839594,10839594,10953002
10840600,10840600,10953002
10840685,10840685,10953002
10840946,10840946,10953002
10841104,10841104,10953002
10841277,10841277,10953002
10841556,10841556,10953002
10841637,10841637,10953002
10842077,10842077,10953002
10842227,10842227,10953002
10842640,10842640,10953002
10842810,10842810,10953002
10843096,10843096,10953002
10843143,10843143,10953002
10843272,10843272,10953002
10843516,10843516,10953002
10843671,10843671,10953002
10843996,10843996,10953002
10844525,10844525,10953002
10844792,10844792,10953002
10845088,10845088,10953002
10845278,10845278,10953002
10845788,10845788,10953002
10845828,10845828,10953002
10846055,10846055,10953002
10846243,10846243,10953002
10846982,10846982,10953002
10847005,10847005,10953002
10847044,10847044,10953002
10847444,10847444,10953002
10847667,10847667,10953002
10847774,10847774,10953002
10848164,10848164,10953002
10848534,10848534,10953002
10849169,10849169,10953002
10849177,10849177,10953002
10849678,10849678,10953002
10849685,10849685,10953002
10849745,10849745,10953002
10849750,10849750,10953002
10850198,10850198,10953002
10850394,10850394,10953002
10850454,10850454,10953002
10851373,10851373,10953002
10851419,10851419,10953002
10851570,10851570,10953002
10851634,10851634,10953002
10851718,10851718,10953002
10851802,10851802,10953002
10851945,10851945,10953002
10852341,10852341,10953002
10852432,10852432,10953002
10852783,10852783,10953002
10852868,10852868,10953002
10853037,10853037,10953002
10853192,10853192,10953002
10853325,10853325,10953002
10853415,10853415,10953002
10853658,10853658,10953002
10854241,10854241,10953002
10854255,10854255,10953002
10854276,10854276,10953002
10854350,10854350,10953002
10854387,10854387,10953002
10854795,10854795,10953002
10855064,10855064,10953002
10855296,10855296,10953002
10855536,10855536,10953002
10855582,10855582,10953002
10855623,10855623,10953002
10855693,10855693,10953002
10855868,10855868,10953002
10856002,10856002,10953002
10856338,10856338,10953002
10856507,10856507,10953002
10856589,10856589,10953002
10856680,10856680,10953002
10856779,10856779,10953002
10856939,10856939,10953002
10857022,10857022,10953002
10857551,10857551,10953002
10858032,10858032,10953002
10858100,10858100,10953002
10858377,10858377,10953002
10858621,10858621,10953002
10858917,10858917,10953002
10858978,10858978,10953002
10859132,10859132,10953002
10859320,10859320,10953002
10859417,10859417,10953002
10859622,10859622,10953002
10859679,10859679,10953002
10860156,10860156,10953002
10860169,10860169,10953002
10860355,10860355,10953002
10860563,10860563,10953002
10860932,10860932,10953002
10861103,10861103,10953002
10862179,10862179,10953002
10862769,10862769,10953002
10862881,10862881,10953002
10863075,10863075,10953002
10863643,10863643,10953002
10863644,10863644,10953002
10863728,10863728,10953002
10863778,10863778,10953002
10863943,10863943,10953002
10864533,10864533,10953002
10864596,10864596,10953002
10864856,10864856,10953002
10864861,10864861,10953002
10865181,10865181,10953002
10865636,10865636,10953002
10865727,10865727,10953002
10866041,10866041,10953002
10866103,10866103,10953002
10866112,10866112,10953002
10866331,10866331,10953002
10866798,10866798,10953002
10866828,10866828,10953002
10867470,10867470,10953002
10867602,10867602,10953002
10867763,10867763,10953002
10868166,10868166,10953002
10868300,10868300,10953002
10868587,10868587,10953002
10869378,10869378,10953002
10869384,10869384,10953002
10869393,10869393,10953002
10869434,10869434,10953002
10869940,10869940,10953002
10870061,10870061,10953002
10870167,10870167,10953002
10870288,10870288,10953002
10870407,10870407,10953002
10870684,10870684,10953002
10870920,10870920,10953002
10871291,10871291,10953002
10872032,10872032,10953002
10872121,10872121,10953002
10872539,10872539,10953002
10872667,10872667,10953002
10872693,10872693,10953002
10872757,10872757,10953002
10873096,10873096,10953002
10873452,10873452,10953002
10873458,10873458,10953002
10873485,10873485,10953002
10873791,10873791,10953002
10873921,10873921,10953002
10874097,10874097,10953002
10874098,10874098,10953002
10874841,10874841,10953002
10874939,10874939,10953002
10875137,10875137,10953002
10875182,10875182,10953002
10875220,10875220,10953002
10875336,10875336,10953002
10875408,10875408,10953002
10875485,10875485,10953002
10875757,10875757,10953002
10875775,10875775,10953002
10876193,10876193,10953002
10876423,10876423,10953002
10876894,10876894,10953002
10877072,10877072,10953002
10877188,10877188,10953002
10877518,10877518,10953002
10877777,10877777,10953002
10877783,10877783,10953002
10877797,10877797,10953002
10878057,10878057,10953002
10878065,10878065,10953002
10879207,10879207,10953002
10879293,10879293,10953002
10879440,10879440,10953002
10879463,10879463,10953002
10879532,10879532,10953002
10879558,10879558,10953002
10879605,10879605,10953002
10879830,10879830,10953002
10879917,10879917,10953002
10879996,10879996,10953002
10880323,10880323,10953002
10880344,10880344,10953002
10880912,10880912,10953002
10881101,10881101,10953002
10881527,10881527,10953002
10881828,10881828,10953002
10881843,10881843,10953002
10881975,10881975,10953002
10882149,10882149,10953002
10882185,10882185,10953002
10883400,10883400,10953002
10883532,10883532,10953002
10883943,10883943,10953002
10884200,10884200,10953002
10884244,10884244,10953002
10884332,10884332,10953002
10884600,10884600,10953002
10885105,10885105,10953002
10885352,10885352,10953002
10885388,10885388,10953002
10885662,10885662,10953002
10885770,10885770,10953002
10885774,10885774,10953002
10885996,10885996,10953002
10886167,10886167,10953002
10886354,10886354,10953002
10886358,10886358,10953002
10886387,10886387,10953002
10886390,10886390,10953002
10886795,10886795,10953002
10886825,10886825,10953002
10886837,10886837,10953002
10886906,10886906,10953002
10886912,10886912,10953002
10887324,10887324,10953002
10887383,10887383,10953002
10888321,10888321,10953002
10888346,10888346,10953002
10888450,10888450,10953002
10888601,10888601,10953002
10888629,10888629,10953002
10888984,10888984,10953002
10888991,10888991,10953002
10889704,10889704,10953002
10889820,10889820,10953002
10890085,10890085,10953002
10890229,10890229,10953002
10890319,10890319,10953002
10890531,10890531,10953002
10890608,10890608,10953002
10890824,10890824,10953002
10890887,10890887,10953002
10891281,10891281,10953002
10891352,10891352,10953002
10891498,10891498,10953002
10891592,10891592,10953002
10891668,10891668,10953002
10891723,10891723,10953002
10892020,10892020,10953002
10892140,10892140,10953002
10893632,10893632,10953002
10893705,10893705,10953002
10893727,10893727,10953002
10893746,10893746,10953002
10894289,10894289,10953002
10894541,10894541,10953002
10895409,10895409,10953002
10895475,10895475,10953002
10895477,10895477,10953002
10895840,10895840,10953002
10895897,10895897,10953002
10895903,10895903,10953002
10896085,10896085,10953002
10896161,10896161,10953002
10896285,10896285,10953002
10896521,10896521,10953002
10896527,10896527,10953002
10896791,10896791,10953002
10896859,10896859,10953002
10897025,10897025,10953002
10897165,10897165,10953002
10898101,10898101,10953002
10898458,10898458,10953002
10898686,10898686,10953002
10898926,10898926,10953002
10899304,10899304,10953002
10899829,10899829,10953002
10900185,10900185,10953002
10901101,10901101,10953002
10901985,10901985,10953002
10902073,10902073,10953002
10902098,10902098,10953002
10902116,10902116,10953002
10902141,10902141,10953002
10902168,10902168,10953002
10902354,10902354,10953002
10902384,10902384,10953002
10902512,10902512,10953002
10902974,10902974,10953002
10903082,10903082,10953002
10903442,10903442,10953002
10904054,10904054,10953002
10904129,10904129,10953002
10904164,10904164,10953002
10904486,10904486,10953002
10904503,10904503,10953002
10904676,10904676,10953002
10905151,10905151,10953002
10905248,10905248,10953002
10905620,10905620,10953002
10905894,10905894,10953002
10905996,10905996,10953002
10906566,10906566,10953002
10906879,10906879,10953002
10907027,10907027,10953002
10907852,10907852,10953002
10908009,10908009,10953002
10908210,10908210,10953002
10908274,10908274,10953002
10908758,10908758,10953002
10908846,10908846,10953002
10909989,10909989,10953002
10910034,10910034,10953002
10910433,10910433,10953002
10910527,10910527,10953002
10910548,10910548,10953002
10911098,10911098,10953002
10911194,10911194,10953002
10911234,10911234,10953002
10911844,10911844,10953002
10912005,10912005,10953002
10912037,10912037,10953002
10912221,10912221,10953002
10912596,10912596,10953002
10912597,10912597,10953002
10912656,10912656,10953002
10912969,10912969,10953002
10913022,10913022,10953002
10913699,10913699,10953002
10913873,10913873,10953002
10913915,10913915,10953002
10913959,10913959,10953002
10914086,10914086,10953002
10914374,10914374,10953002
10914595,10914595,10953002
10914598,10914598,10953002
10914794,10914794,10953002
10915030,10915030,10953002
10915236,10915236,10953002
10915252,10915252,10953002
10915391,10915391,10953002
10915510,10915510,10953002
10915543,10915543,10953002
10916093,10916093,10953002
10916214,10916214,10953002
10916220,10916220,10953002
10916298,10916298,10953002
10916299,10916299,10953002
10916373,10916373,10953002
10916501,10916501,10953002
10916561,10916561,10953002
10916888,10916888,10953002
10917051,10917051,10953002
10917109,10917109,10953002
10917846,10917846,10953002
10917910,10917910,10953002
10918487,10918487,10953002
10919091,10919091,10953002
10919326,10919326,10953002
10919449,10919449,10953002
10919598,10919598,10953002
10919763,10919763,10953002
10920053,10920053,10953002
10920403,10920403,10953002
10920475,10920475,10953002
10920512,10920512,10953002
10921026,10921026,10953002
10921288,10921288,10953002
10921425,10921425,10953002
10921535,10921535,10953002
10921692,10921692,10953002
10921809,10921809,10953002
10921853,10921853,10953002
10921891,10921891,10953002
10922178,10922178,10953002
10922193,10922193,10953002
10922298,10922298,10953002
10922608,10922608,10953002
10922610,10922610,10953002
10923221,10923221,10953002
10923259,10923259,10953002
10923438,10923438,10953002
10923868,10923868,10953002
10923915,10923915,10953002
10923924,10923924,10953002
10924438,10924438,10953002
10925352,10925352,10953002
10925454,10925454,10953002
10925778,10925778,10953002
10925903,10925903,10953002
10926089,10926089,10953002
10926128,10926128,10953002
10926147,10926147,10953002
10926214,10926214,10953002
10926258,10926258,10953002
10926444,10926444,10953002
10927488,10927488,10953002
10927610,10927610,10953002
10927903,10927903,10953002
10928366,10928366,10953002
10928812,10928812,10953002
10928909,10928909,10953002
10929206,10929206,10953002
10929568,10929568,10953002
10929730,10929730,10953002
10929828,10929828,10953002
10929943,10929943,10953002
10929989,10929989,10953002
10930514,10930514,10953002
10930945,10930945,10953002
10931618,10931618,10953002
10932146,10932146,10953002
10932417,10932417,10953002
10932634,10932634,10953002
10932995,10932995,10953002
10933073,10933073,10953002
10933460,10933460,10953002
10933518,10933518,10953002
10933614,10933614,10953002
10934264,10934264,10953002
10934427,10934427,10953002
10934459,10934459,10953002
10934494,10934494,10953002
10934525,10934525,10953002
10934935,10934935,10953002
10935146,10935146,10953002
10935287,10935287,10953002
10935336,10935336,10953002
10935389,10935389,10953002
10935409,10935409,10953002
10935954,10935954,10953002
10936213,10936213,10953002
10936870,10936870,10953002
10937072,10937072,10953002
10937122,10937122,10953002
10937557,10937557,10953002
10937629,10937629,10953002
10937740,10937740,10953002
10937754,10937754,10953002
10937789,10937789,10953002
10937909,10937909,10953002
10938078,10938078,10953002
10938405,10938405,10953002
10938445,10938445,10953002
10938576,10938576,10953002
10939407,10939407,10953002
10939677,10939677,10953002
10940257,10940257,10953002
10940457,10940457,10953002
10940516,10940516,10953002
10941611,10941611,10953002
10941950,10941950,10953002
10942228,10942228,10953002
10943193,10943193,10953002
10943549,10943549,10953002
10944222,10944222,10953002
10944448,10944448,10953002
10944624,10944624,10953002
10944653,10944653,10953002
10944689,10944689,10953002
10945269,10945269,10953002
10945402,10945402,10953002
10945843,10945843,10953002
10946101,10946101,10953002
10946221,10946221,10953002
10946461,10946461,10953002
10946590,10946590,10953002
10946880,10946880,10953002
10946917,10946917,10953002
10947046,10947046,10953002
10947608,10947608,10953002
10947817,10947817,10953002
10947851,10947851,10953002
10947925,10947925,10953002
10949289,10949289,10953002
10949330,10949330,10953002
10949354,10949354,10953002
10949630,10949630,10953002
10949654,10949654,10953002
10950067,10950067,10953002
10950465,10950465,10953002
10950596,10950596,10953002
10950869,10950869,10953002
10950997,10950997,10953002
10951399,10951399,10953002
10951718,10951718,10953002
10952178,10952178,10953002
10952659,10952659,10953002
10952777,10952777,10953002
10952977,10952977,10953002
10953245,10953245,11974898
10953300,10953300,11974898
10953503,10953503,11974898
10953934,10953934,11974898
10954015,10954015,11974898
10954185,10954185,11974898
10954449,10954449,11974898
10954562,10954562,11974898
10954881,10954881,11974898
10955015,10955015,11974898
10955127,10955127,11974898
10955160,10955160,11974898
10955316,10955316,11974898
10955572,10955572,11974898
10956161,10956161,11974898
10956295,10956295,11974898
10956945,10956945,11974898
10957077,10957077,11974898
10957901,10957901,11974898
10958135,10958135,11974898
10958477,10958477,11974898
10958524,10958524,11974898
10958863,10958863,11974898
10958940,10958940,11974898
10958979,10958979,11974898
10959182,10959182,11974898
10959327,10959327,11974898
10959334,10959334,11974898
10960089,10960089,11974898
10960584,10960584,11974898
10960987,10960987,11974898
10961050,10961050,11974898
10961462,10961462,11974898
10961865,10961865,11974898
10961882,10961882,11974898
10962206,10962206,11974898
10962265,10962265,11974898
10962386,10962386,11974898
10962851,10962851,11974898
10963172,10963172,11974898
10963233,10963233,11974898
10963491,10963491,11974898
10963525,10963525,11974898
10963553,10963553,11974898
10963566,10963566,11974898
10963816,10963816,11974898
10964094,10964094,11974898
10964182,10964182,11974898
10965394,10965394,11974898
10965679,10965679,11974898
10965781,10965781,11974898
10966087,10966087,11974898
10966312,10966312,11974898
10966880,10966880,11974898
10967363,10967363,11974898
10967626,10967626,11974898
10967705,10967705,11974898
10967964,10967964,11974898
10967993,10967993,11974898
10968273,10968273,11974898
10968602,10968602,11974898
10968870,10968870,11974898
10968954,10968954,11974898
10969467,10969467,11974898
10969607,10969607,11974898
10970632,10970632,11974898
10970901,10970901,11974898
10971299,10971299,11974898
10971358,10971358,11974898
10971681,10971681,11974898
10971713,10971713,11974898
10972013,10972013,11974898
10972019,10972019,11974898
10972208,10972208,11974898
10972417,10972417,11974898
10972668,10972668,11974898
10972687,10972687,11974898
10972868,10972868,11974898
10972963,10972963,11974898
10973236,10973236,11974898
10973306,10973306,11974898
10973608,10973608,11974898
10973664,10973664,11974898
10974748,10974748,11974898
10975091,10975091,11974898
10975759,10975759,11974898
10975829,10975829,11974898
10975958,10975958,11974898
10975977,10975977,11974898
10976303,10976303,11974898
10976330,10976330,11974898
10976524,10976524,11974898
10976842,10976842,11974898
10976863,10976863,11974898
10976961,10976961,11974898
10977050,10977050,11974898
10977370,10977370,11974898
10977879,10977879,11974898
10978117,10978117,11974898
10978270,10978270,11974898
10978364,10978364,11974898
10978536,10978536,11974898
10978785,10978785,11974898
10978907,10978907,11974898
10979101,10979101,11974898
10979222,10979222,11974898
10979678,10979678,11974898
10979871,10979871,11974898
10980302,10980302,11974898
10980533,10980533,11974898
10980588,10980588,11974898
10980642,10980642,11974898
10980797,10980797,11974898
10980946,10980946,11974898
10981031,10981031,11974898
10981068,10981068,11974898
10981177,10981177,11974898
10981367,10981367,11974898
10981390,10981390,11974898
10981683,10981683,11974898
10981835,10981835,11974898
10981857,10981857,11974898
10982177,10982177,11974898
10982409,10982409,11974898
10983135,10983135,11974898
10983737,10983737,11974898
10983898,10983898,11974898
10984399,10984399,11974898
10984738,10984738,11974898
10985491,10985491,11974898
10985502,10985502,11974898
10985571,10985571,11974898
10985629,10985629,11974898
10985926,10985926,11974898
10985990,10985990,11974898
10986343,10986343,11974898
10986826,10986826,11974898
10987391,10987391,11974898
10987547,10987547,11974898
10987628,10987628,11974898
10987701,10987701,11974898
10988279,10988279,11974898
10988593,10988593,11974898
10988740,10988740,11974898
10989187,10989187,11974898
10989281,10989281,11974898
10989434,10989434,11974898
10989632,10989632,11974898
10989775,10989775,11974898
10989801,10989801,11974898
10990383,10990383,11974898
10990473,10990473,11974898
10990517,10990517,11974898
10990776,10990776,11974898
10990905,10990905,11974898
10991241,10991241,11974898
10991584,10991584,11974898
10991679,10991679,11974898
10992126,10992126,11974898
10992141,10992141,11974898
10992160,10992160,11974898
10992282,10992282,11974898
10992395,10992395,11974898
10992814,10992814,11974898
10992980,10992980,11974898
10993093,10993093,11974898
10993295,10993295,11974898
10993383,10993383,11974898
10993713,10993713,11974898
10993916,10993916,11974898
10993972,10993972,11974898
10994146,10994146,11974898
10994162,10994162,11974898
10994427,10994427,11974898
10994609,10994609,11974898
10995368,10995368,11974898
10996888,10996888,11974898
10997189,10997189,11974898
10997245,10997245,11974898
10997250,10997250,11974898
10997666,10997666,11974898
10997667,10997667,11974898
10998105,10998105,11974898
10998468,10998468,11974898
10998631,10998631,11974898
10999209,10999209,11974898
10999347,10999347,11974898
10999400,10999400,11974898
10999437,10999437,11974898
10999466,10999466,11974898
10999739,10999739,11974898
10999892,10999892,11974898
11000045,11000045,11974898
11001373,11001373,11974898
11001525,11001525,11974898
11001894,11001894,11974898
11002324,11002324,11974898
11002871,11002871,11974898
11002887,11002887,11974898
11003353,11003353,11974898
11004208,11004208,11974898
11004893,11004893,11974898
11004902,11004902,11974898
11004941,11004941,11974898
11004956,11004956,11974898
11004960,11004960,11974898
11005147,11005147,11974898
11005272,11005272,11974898
11005813,11005813,11974898
11006332,11006332,11974898
11006538,11006538,11974898
11006557,11006557,11974898
11006604,11006604,11974898
11006700,11006700,11974898
11006775,11006775,11974898
11006789,11006789,11974898
11007071,11007071,11974898
11007265,11007265,11974898
11007359,11007359,11974898
11007504,11007504,11974898
11007666,11007666,11974898
11008851,11008851,11974898
11008931,11008931,11974898
11009088,11009088,11974898
11009529,11009529,11974898
11009619,11009619,11974898
11009639,11009639,11974898
11009891,11009891,11974898
11009982,11009982,11974898
11010109,11010109,11974898
11010687,11010687,11974898
11010871,11010871,11974898
11011182,11011182,11974898
11011219,11011219,11974898
11011540,11011540,11974898
11011546,11011546,11974898
11011617,11011617,11974898
11012238,11012238,11974898
11012273,11012273,11974898
11012408,11012408,11974898
11012575,11012575,11974898
11012844,11012844,11974898
11012951,11012951,11974898
11013034,11013034,11974898
11013929,11013929,11974898
11014011,11014011,11974898
11014297,11014297,11974898
11014363,11014363,11974898
11015037,11015037,11974898
11015105,11015105,11974898
11015131,11015131,11974898
11015372,11015372,11974898
11015905,11015905,11974898
11016064,11016064,11974898
11016231,11016231,11974898
11016302,11016302,11974898
11017043,11017043,11974898
11017170,11017170,11974898
11017172,11017172,11974898
11017732,11017732,11974898
11017789,11017789,11974898
11018173,11018173,11974898
11018403,11018403,11974898
11018462,11018462,11974898
11018770,11018770,11974898
11018864,11018864,11974898
11019286,11019286,11974898
11019492,11019492,11974898
11019685,11019685,11974898
11019922,11019922,11974898
11020442,11020442,11974898
11020490,11020490,11974898
11020571,11020571,11974898
11021151,11021151,11974898
11021206,11021206,11974898
11021212,11021212,11974898
11021275,11021275,11974898
11021500,11021500,11974898
11021541,11021541,11974898
11021690,11021690,11974898
11021714,11021714,11974898
11021786,11021786,11974898
11021930,11021930,11974898
11022173,11022173,11974898
11023072,11023072,11974898
11023124,11023124,11974898
11023270,11023270,11974898
11023403,11023403,11974898
11023470,11023470,11974898
11023825,11023825,11974898
11024299,11024299,11974898
11024776,11024776,11974898
11024959,11024959,11974898
11025170,11025170,11974898
11025337,11025337,11974898
11025707,11025707,11974898
11025874,11025874,11974898
11026098,11026098,11974898
11026144,11026144,11974898
11026763,11026763,11974898
11026904,11026904,11974898
11027361,11027361,11974898
11027900,11027900,11974898
11028333,11028333,11974898
11028513,11028513,11974898
11028755,11028755,11974898
11028821,11028821,11974898
11029207,11029207,11974898
11029296,11029296,11974898
11029667,11029667,11974898
11029790,11029790,11974898
11029810,11029810,11974898
11030096,11030096,11974898
11030202,11030202,11974898
11030353,11030353,11974898
11031118,11031118,11974898
11031362,11031362,11974898
11031374,11031374,11974898
11031447,11031447,11974898
11031925,11031925,11974898
11032411,11032411,11974898
11032536,11032536,11974898
11032610,11032610,11974898
11032902,11032902,11974898
11033355,11033355,11974898
11033458,11033458,11974898
11033959,11033959,11974898
11034565,11034565,11974898
11034789,11034789,11974898
11034831,11034831,11974898
11034980,11034980,11974898
11035271,11035271,11974898
11035446,11035446,11974898
11035915,11035915,11974898
11035964,11035964,11974898
11036342,11036342,11974898
11036856,11036856,11974898
11036950,11036950,11974898
11037246,11037246,11974898
11037577,11037577,11974898
11037586,11037586,11974898
11037913,11037913,11974898
11038045,11038045,11974898
11038151,11038151,11974898
11038535,11038535,11974898
11038792,11038792,11974898
11038793,11038793,11974898
11038813,11038813,11974898
11038846,11038846,11974898
11039027,11039027,11974898
11039463,11039463,11974898
11039578,11039578,11974898
11039656,11039656,11974898
11039964,11039964,11974898
11040366,11040366,11974898
11040789,11040789,11974898
11040790,11040790,11974898
11041112,11041112,11974898
11041548,11041548,11974898
11041574,11041574,11974898
11042111,11042111,11974898
11043377,11043377,11974898
11043378,11043378,11974898
11043839,11043839,11974898
11043876,11043876,11974898
11044159,11044159,11974898
11044323,11044323,11974898
11045392,11045392,11974898
11045745,11045745,11974898
11045764,11045764,11974898
11045869,11045869,11974898
11046350,11046350,11974898
11047063,11047063,11974898
11047230,11047230,11974898
11047422,11047422,11974898
11047729,11047729,11974898
11047915,11047915,11974898
11048152,11048152,11974898
11048223,11048223,11974898
11048256,11048256,11974898
11048578,11048578,11974898
11048685,11048685,11974898
11050168,11050168,11974898
11050196,11050196,11974898
11050261,11050261,11974898
11050353,11050353,11974898
11050571,11050571,11974898
11050724,11050724,11974898
11050873,11050873,11974898
11050967,11050967,11974898
11051070,11051070,11974898
11051151,11051151,11974898
11051307,11051307,11974898
11051329,11051329,11974898
11051412,11051412,11974898
11051464,11051464,11974898
11051602,11051602,11974898
11052807,11052807,11974898
11052818,11052818,11974898
11052877,11052877,11974898
11053127,11053127,11974898
11053242,11053242,11974898
11053270,11053270,11974898
11053421,11053421,11974898
11054059,11054059,11974898
11054775,11054775,11974898
11054813,11054813,11974898
11054983,11054983,11974898
11056110,11056110,11974898
11056153,11056153,11974898
11056284,11056284,11974898
11056579,11056579,11974898
11056644,11056644,11974898
11057162,11057162,11974898
11057221,11057221,11974898
11057235,11057235,11974898
11057769,11057769,11974898
11057835,11057835,11974898
11057952,11057952,11974898
11058119,11058119,11974898
11059159,11059159,11974898
11059383,11059383,11974898
11059592,11059592,11974898
11059653,11059653,11974898
11059964,11059964,11974898
11059994,11059994,11974898
11060124,11060124,11974898
11060323,11060323,11974898
11060564,11060564,11974898
11060920,11060920,11974898
11061025,11061025,11974898
11061259,11061259,11974898
11061370,11061370,11974898
11061501,11061501,11974898
11061883,11061883,11974898
11062047,11062047,11974898
11062552,11062552,11974898
11063694,11063694,11974898
11064721,11064721,11974898
11064843,11064843,11974898
11064929,11064929,11974898
11065626,11065626,11974898
11065667,11065667,11974898
11066034,11066034,11974898
11066084,11066084,11974898
11066587,11066587,11974898
11066653,11066653,11974898
11067093,11067093,11974898
11067193,11067193,11974898
11067497,11067497,11974898
11067783,11067783,11974898
11068024,11068024,11974898
11068221,11068221,11974898
11068794,11068794,11974898
11068831,11068831,11974898
11069356,11069356,11974898
11069563,11069563,11974898
11070036,11070036,11974898
11070671,11070671,11974898
11070727,11070727,11974898
11070760,11070760,11974898
11070760,11070760,11974898
11070798,11070798,11974898
11070819,11070819,11974898
11071143,11071143,11974898
11071279,11071279,11974898
11071314,11071314,11974898
11071495,11071495,11974898
11071587,11071587,11974898
11071837,11071837,11974898
11071913,11071913,11974898
11072002,11072002,11974898
11072135,11072135,11974898
11072188,11072188,11974898
11072422,11072422,11974898
11073017,11073017,11974898
11073255,11073255,11974898
11073752,11073752,11974898
11073960,11073960,11974898
11074131,11074131,11974898
11074288,11074288,11974898
11074453,11074453,11974898
11074750,11074750,11974898
11074809,11074809,11974898
11075152,11075152,11974898
11075332,11075332,11974898
11075480,11075480,11974898
11076015,11076015,11974898
11076039,11076039,11974898
11076225,11076225,11974898
11076291,11076291,11974898
11076518,11076518,11974898
11076753,11076753,11974898
11077325,11077325,11974898
11077629,11077629,11974898
11077677,11077677,11974898
11077710,11077710,11974898
11077891,11077891,11974898
11078664,11078664,11974898
11078714,11078714,11974898
11078737,11078737,11974898
11078766,11078766,11974898
11079778,11079778,11974898
11079922,11079922,11974898
11080134,11080134,11974898
11080258,11080258,11974898
11080911,11080911,11974898
11081361,11081361,11974898
11081556,11081556,11974898
11082503,11082503,11974898
11082924,11082924,11974898
11083526,11083526,11974898
11083594,11083594,11974898
11083734,11083734,11974898
11083738,11083738,11974898
11084728,11084728,11974898
11084953,11084953,11974898
11085006,11085006,11974898
11085440,11085440,11974898
11085523,11085523,11974898
11085887,11085887,11974898
11085991,11085991,11974898
11086330,11086330,11974898
11086730,11086730,11974898
11086767,11086767,11974898
11086922,11086922,11974898
11086949,11086949,11974898
11087055,11087055,11974898
11087058,11087058,11974898
11088029,11088029,11974898
11088144,11088144,11974898
11088781,11088781,11974898
11088979,11088979,11974898
11089097,11089097,11974898
11089140,11089140,11974898
11089816,11089816,11974898
11089936,11089936,11974898
11090049,11090049,11974898
11090062,11090062,11974898
11090245,11090245,11974898
11090249,11090249,11974898
11090421,11090421,11974898
11090519,11090519,11974898
11090724,11090724,11974898
11090984,11090984,11974898
11090999,11090999,11974898
11091033,11091033,11974898
11091339,11091339,11974898
11091989,11091989,11974898
11092220,11092220,11974898
11092546,11092546,11974898
11092835,11092835,11974898
11093150,11093150,11974898
11093254,11093254,11974898
11094146,11094146,11974898
11094219,11094219,11974898
11094818,11094818,11974898
11095048,11095048,11974898
11095186,11095186,11974898
11095432,11095432,11974898
11095505,11095505,11974898
11096094,11096094,11974898
11096178,11096178,11974898
11096454,11096454,11974898
11096534,11096534,11974898
11096808,11096808,11974898
11096836,11096836,11974898
11097261,11097261,11974898
11097262,11097262,11974898
11097456,11097456,11974898
11097723,11097723,11974898
11097949,11097949,11974898
11098256,11098256,11974898
11098443,11098443,11974898
11098531,11098531,11974898
11098679,11098679,11974898
11099057,11099057,11974898
11099105,11099105,11974898
11099107,11099107,11974898
11099260,11099260,11974898
11099350,11099350,11974898
11099403,11099403,11974898
11099632,11099632,11974898
11099793,11099793,11974898
11099805,11099805,11974898
11100878,11100878,11974898
11101002,11101002,11974898
11101435,11101435,11974898
11101968,11101968,11974898
11102029,11102029,11974898
11102375,11102375,11974898
11102512,11102512,11974898
11102598,11102598,11974898
11102757,11102757,11974898
11102952,11102952,11974898
11103204,11103204,11974898
11103609,11103609,11974898
11103632,11103632,11974898
11103920,11103920,11974898
11104068,11104068,11974898
11104091,11104091,11974898
11104276,11104276,11974898
11104398,11104398,11974898
11104402,11104402,11974898
11104552,11104552,11974898
11104586,11104586,11974898
11104934,11104934,11974898
11105102,11105102,11974898
11105123,11105123,11974898
11105667,11105667,11974898
11105839,11105839,11974898
11106704,11106704,11974898
11106731,11106731,11974898
11106801,11106801,11974898
11106960,11106960,11974898
11107780,11107780,11974898
11107820,11107820,11974898
11107942,11107942,11974898
11108032,11108032,11974898
11108100,11108100,11974898
11108347,11108347,11974898
11108367,11108367,11974898
11108518,11108518,11974898
11108716,11108716,11974898
11108839,11108839,11974898
11109274,11109274,11974898
11109426,11109426,11974898
11109674,11109674,11974898
11110077,11110077,11974898
11111938,11111938,11974898
11112052,11112052,11974898
11112905,11112905,11974898
11112968,11112968,11974898
11113195,11113195,11974898
11113201,11113201,11974898
11113243,11113243,11974898
11113512,11113512,11974898
11114046,11114046,11974898
11114681,11114681,11974898
11114785,11114785,11974898
11114898,11114898,11974898
11115055,11115055,11974898
11115215,11115215,11974898
11115342,11115342,11974898
11115592,11115592,11974898
11116475,11116475,11974898
11116495,11116495,11974898
11116625,11116625,11974898
11116653,11116653,11974898
11116655,11116655,11974898
11116682,11116682,11974898
11116702,11116702,11974898
11117243,11117243,11974898
11117973,11117973,11974898
11118364,11118364,11974898
11118626,11118626,11974898
11118762,11118762,11974898
11118829,11118829,11974898
11118914,11118914,11974898
11118954,11118954,11974898
11119022,11119022,11974898
11119047,11119047,11974898
11119491,11119491,11974898
11119805,11119805,11974898
11120579,11120579,11974898
11120584,11120584,11974898
11120778,11120778,11974898
11120811,11120811,11974898
11120849,11120849,11974898
11121103,11121103,11974898
11122099,11122099,11974898
11122368,11122368,11974898
11122689,11122689,11974898
11123129,11123129,11974898
11123314,11123314,11974898
11123452,11123452,11974898
11124010,11124010,11974898
11124105,11124105,11974898
11124185,11124185,11974898
11124195,11124195,11974898
11124471,11124471,11974898
11124510,11124510,11974898
11124512,11124512,11974898
11124974,11124974,11974898
11125217,11125217,11974898
11125540,11125540,11974898
11125605,11125605,11974898
11125736,11125736,11974898
11126205,11126205,11974898
11126489,11126489,11974898
11126785,11126785,11974898
11127244,11127244,11974898
11127288,11127288,11974898
11127417,11127417,11974898
11127522,11127522,11974898
11127602,11127602,11974898
11127823,11127823,11974898
11128094,11128094,11974898
11128136,11128136,11974898
11128325,11128325,11974898
11128965,11128965,11974898
11128971,11128971,11974898
11129399,11129399,11974898
11129410,11129410,11974898
11129436,11129436,11974898
11129473,11129473,11974898
11129545,11129545,11974898
11129672,11129672,11974898
11129990,11129990,11974898
11130199,11130199,11974898
11130528,11130528,11974898
11130652,11130652,11974898
11130984,11130984,11974898
11131010,11131010,11974898
11131394,11131394,11974898
11131531,11131531,11974898
11131655,11131655,11974898
11132772,11132772,11974898
11133079,11133079,11974898
11133264,11133264,11974898
11133359,11133359,11974898
11133801,11133801,11974898
11134499,11134499,11974898
11134546,11134546,11974898
11134582,11134582,11974898
11135032,11135032,11974898
11135111,11135111,11974898
11135599,11135599,11974898
11135797,11135797,11974898
11135856,11135856,11974898
11135868,11135868,11974898
11136098,11136098,11974898
11136202,11136202,11974898
11136759,11136759,11974898
11137527,11137527,11974898
11137570,11137570,11974898
11137773,11137773,11974898
11137808,11137808,11974898
11138205,11138205,11974898
11138218,11138218,11974898
11138453,11138453,11974898
11139206,11139206,11974898
11139337,11139337,11974898
11140093,11140093,11974898
11140275,11140275,11974898
11140353,11140353,11974898
11140426,11140426,11974898
11140491,11140491,11974898
11141077,11141077,11974898
11141687,11141687,11974898
11141873,11141873,11974898
11141945,11141945,11974898
11142238,11142238,11974898
11142417,11142417,11974898
11142653,11142653,11974898
11143274,11143274,11974898
11143683,11143683,11974898
11143804,11143804,11974898
11143925,11143925,11974898
11144434,11144434,11974898
11144531,11144531,11974898
11144568,11144568,11974898
11144999,11144999,11974898
11145007,11145007,11974898
11145018,11145018,11974898
11145044,11145044,11974898
11145505,11145505,11974898
11145947,11145947,11974898
11146274,11146274,11974898
11146371,11146371,11974898
11146760,11146760,11974898
11146834,11146834,11974898
11147066,11147066,11974898
11147334,11147334,11974898
11147456,11147456,11974898
11147456,11147456,11974898
11147557,11147557,11974898
11147632,11147632,11974898
11147882,11147882,11974898
11147892,11147892,11974898
11148372,11148372,11974898
11148453,11148453,11974898
11149032,11149032,11974898
11149497,11149497,11974898
11149500,11149500,11974898
11149686,11149686,11974898
11150162,11150162,11974898
11150727,11150727,11974898
11150993,11150993,11974898
11151167,11151167,11974898
11152095,11152095,11974898
11152584,11152584,11974898
11153028,11153028,11974898
11153029,11153029,11974898
11153266,11153266,11974898
11153678,11153678,11974898
11153678,11153678,11974898
11153708,11153708,11974898
11154150,11154150,11974898
11154160,11154160,11974898
11154904,11154904,11974898
11155060,11155060,11974898
11155137,11155137,11974898
11155225,11155225,11974898
11155426,11155426,11974898
11155481,11155481,11974898
11155554,11155554,11974898
11156104,11156104,11974898
11156279,11156279,11974898
11156453,11156453,11974898
11156680,11156680,11974898
11156733,11156733,11974898
11156748,11156748,11974898
11156862,11156862,11974898
11157197,11157197,11974898
11157418,11157418,11974898
11157999,11157999,11974898
11158037,11158037,11974898
11158052,11158052,11974898
11158143,11158143,11974898
11158397,11158397,11974898
11158407,11158407,11974898
11158770,11158770,11974898
11159573,11159573,11974898
11159809,11159809,11974898
11160017,11160017,11974898
11160779,11160779,11974898
11162308,11162308,11974898
11162415,11162415,11974898
11162504,11162504,11974898
11162580,11162580,11974898
11163901,11163901,11974898
11163978,11163978,11974898
11164205,11164205,11974898
11164338,11164338,11974898
11164659,11164659,11974898
11164812,11164812,11974898
11164918,11164918,11974898
11164997,11164997,11974898
11165042,11165042,11974898
11165248,11165248,11974898
11165281,11165281,11974898
11165791,11165791,11974898
11165830,11165830,11974898
11166107,11166107,11974898
11166658,11166658,11974898
11166774,11166774,11974898
11167198,11167198,11974898
11167303,11167303,11974898
11167580,11167580,11974898
11168174,11168174,11974898
11168457,11168457,11974898
11169046,11169046,11974898
11169141,11169141,11974898
11169270,11169270,11974898
11170053,11170053,11974898
11170120,11170120,11974898
11170524,11170524,11974898
11170894,11170894,11974898
11170900,11170900,11974898
11171015,11171015,11974898
11171068,11171068,11974898
11171178,11171178,11974898
11171308,11171308,11974898
11171391,11171391,11974898
11171398,11171398,11974898
11172458,11172458,11974898
11172495,11172495,11974898
11172679,11172679,11974898
11172809,11172809,11974898
11173895,11173895,11974898
11174382,11174382,11974898
11174848,11174848,11974898
11174906,11174906,11974898
11175171,11175171,11974898
11175350,11175350,11974898
11176144,11176144,11974898
11176293,11176293,11974898
11176331,11176331,11974898
11176722,11176722,11974898
11177003,11177003,11974898
11177664,11177664,11974898
11177761,11177761,11974898
11177934,11177934,11974898
11177942,11177942,11974898
11178422,11178422,11974898
11178594,11178594,11974898
11178839,11178839,11974898
11178930,11178930,11974898
11178949,11178949,11974898
11179092,11179092,11974898
11179183,11179183,11974898
11180039,11180039,11974898
11180407,11180407,11974898
11180671,11180671,11974898
11180727,11180727,11974898
11181028,11181028,11974898
11181677,11181677,11974898
11181709,11181709,11974898
11182215,11182215,11974898
11182265,11182265,11974898
11182357,11182357,11974898
11182513,11182513,11974898
11182606,11182606,11974898
11182975,11182975,11974898
11183027,11183027,11974898
11183748,11183748,11974898
11184276,11184276,11974898
11185216,11185216,11974898
11185331,11185331,11974898
11185381,11185381,11974898
11187086,11187086,11974898
11187572,11187572,11974898
11188237,11188237,11974898
11188259,11188259,11974898
11188327,11188327,11974898
11188583,11188583,11974898
11189526,11189526,11974898
11189550,11189550,11974898
11189619,11189619,11974898
11189872,11189872,11974898
11190090,11190090,11974898
11190165,11190165,11974898
11190336,11190336,11974898
11190429,11190429,11974898
11190596,11190596,11974898
11190742,11190742,11974898
11190926,11190926,11974898
11191133,11191133,11974898
11191188,11191188,11974898
11191349,11191349,11974898
11191380,11191380,11974898
11191774,11191774,11974898
11191996,11191996,11974898
11192618,11192618,11974898
11193034,11193034,11974898
11193150,11193150,11974898
11193171,11193171,11974898
11193266,11193266,11974898
11193465,11193465,11974898
11193615,11193615,11974898
11193925,11193925,11974898
11194140,11194140,11974898
11194245,11194245,11974898
11194646,11194646,11974898
11194658,11194658,11974898
11194692,11194692,11974898
11194809,11194809,11974898
11195052,11195052,11974898
11195082,11195082,11974898
11195387,11195387,11974898
11195409,11195409,11974898
11195996,11195996,11974898
11196053,11196053,11974898
11196187,11196187,11974898
11196391,11196391,11974898
11197089,11197089,11974898
11197211,11197211,11974898
11198074,11198074,11974898
11198169,11198169,11974898
11198587,11198587,11974898
11198746,11198746,11974898
11198977,11198977,11974898
11199152,11199152,11974898
11199415,11199415,11974898
11199586,11199586,11974898
11199898,11199898,11974898
11200037,11200037,11974898
11200512,11200512,11974898
11200522,11200522,11974898
11200574,11200574,11974898
11200581,11200581,11974898
11200931,11200931,11974898
11201002,11201002,11974898
11201188,11201188,11974898
11201673,11201673,11974898
11202014,11202014,11974898
11202043,11202043,11974898
11202090,11202090,11974898
11202376,11202376,11974898
11202377,11202377,11974898
11202418,11202418,11974898
11202489,11202489,11974898
11202562,11202562,11974898
11203421,11203421,11974898
11203476,11203476,11974898
11203596,11203596,11974898
11203660,11203660,11974898
11204097,11204097,11974898
11204239,11204239,11974898
11204508,11204508,11974898
11204513,11204513,11974898
11204998,11204998,11974898
11205822,11205822,11974898
11206103,11206103,11974898
11206598,11206598,11974898
11206806,11206806,11974898
11207046,11207046,11974898
11207333,11207333,11974898
11207430,11207430,11974898
11208081,11208081,11974898
11208553,11208553,11974898
11208611,11208611,11974898
11208712,11208712,11974898
11209247,11209247,11974898
11209398,11209398,11974898
11209861,11209861,11974898
11209915,11209915,11974898
11210046,11210046,11974898
11210119,11210119,11974898
11210322,11210322,11974898
11210341,11210341,11974898
11210589,11210589,11974898
11211015,11211015,11974898
11211198,11211198,11974898
11211297,11211297,11974898
11211802,11211802,11974898
11212047,11212047,11974898
11212719,11212719,11974898
11213629,11213629,11974898
11214389,11214389,11974898
11214429,11214429,11974898
11214512,11214512,11974898
11214614,11214614,11974898
11214896,11214896,11974898
11215013,11215013,11974898
11215098,11215098,11974898
11215533,11215533,11974898
11215656,11215656,11974898
11216473,11216473,11974898
11216688,11216688,11974898
11216693,11216693,11974898
11216916,11216916,11974898
11217226,11217226,11974898
11217882,11217882,11974898
11217931,11217931,11974898
11218024,11218024,11974898
11218369,11218369,11974898
11218813,11218813,11974898
11218912,11218912,11974898
11219917,11219917,11974898
11220417,11220417,11974898
11220619,11220619,11974898
11220722,11220722,11974898
11221340,11221340,11974898
11221660,11221660,11974898
11221685,11221685,11974898
11222087,11222087,11974898
11222093,11222093,11974898
11222376,11222376,11974898
11222500,11222500,11974898
11222767,11222767,11974898
11222864,11222864,11974898
11223438,11223438,11974898
11223685,11223685,11974898
11223745,11223745,11974898
11223861,11223861,11974898
11224798,11224798,11974898
11225069,11225069,11974898
11225165,11225165,11974898
11225324,11225324,11974898
11225431,11225431,11974898
11225702,11225702,11974898
11225866,11225866,11974898
11226476,11226476,11974898
11227377,11227377,11974898
11227392,11227392,11974898
11227504,11227504,11974898
11228140,11228140,11974898
11228161,11228161,11974898
11228506,11228506,11974898
11228778,11228778,11974898
11228854,11228854,11974898
11229251,11229251,11974898
11229435,11229435,11974898
11229643,11229643,11974898
11229713,11229713,11974898
11229902,11229902,11974898
11231217,11231217,11974898
11231972,11231972,11974898
11231980,11231980,11974898
11232648,11232648,11974898
11232707,11232707,11974898
11232840,11232840,11974898
11232914,11232914,11974898
11233255,11233255,11974898
11233496,11233496,11974898
11233586,11233586,11974898
11233850,11233850,11974898
11234219,11234219,11974898
11234920,11234920,11974898
11235329,11235329,11974898
11236001,11236001,11974898
11236081,11236081,11974898
11236602,11236602,11974898
11236961,11236961,11974898
11237134,11237134,11974898
11237629,11237629,11974898
11238255,11238255,11974898
11238427,11238427,11974898
11238524,11238524,11974898
11238660,11238660,11974898
11238830,11238830,11974898
11238962,11238962,11974898
11239365,11239365,11974898
11239653,11239653,11974898
11239999,11239999,11974898
11240160,11240160,11974898
11240320,11240320,11974898
11240767,11240767,11974898
11240817,11240817,11974898
11241016,11241016,11974898
11241065,11241065,11974898
11241523,11241523,11974898
11241605,11241605,11974898
11241740,11241740,11974898
11242350,11242350,11974898
11242747,11242747,11974898
11243170,11243170,11974898
11243324,11243324,11974898
11244620,11244620,11974898
11244633,11244633,11974898
11244727,11244727,11974898
11245017,11245017,11974898
11245284,11245284,11974898
11245660,11245660,11974898
11246314,11246314,11974898
11246569,11246569,11974898
11246655,11246655,11974898
11246753,11246753,11974898
11247003,11247003,11974898
11247289,11247289,11974898
11247328,11247328,11974898
11247388,11247388,11974898
11247547,11247547,11974898
11248316,11248316,11974898
11248788,11248788,11974898
11248987,11248987,11974898
11249011,11249011,11974898
11249355,11249355,11974898
11249536,11249536,11974898
11249868,11249868,11974898
11250543,11250543,11974898
11250574,11250574,11974898
11250830,11250830,11974898
11250943,11250943,11974898
11251285,11251285,11974898
11251471,11251471,11974898
11251637,11251637,11974898
11252097,11252097,11974898
11252227,11252227,11974898
11252272,11252272,11974898
11252387,11252387,11974898
11252680,11252680,11974898
11252933,11252933,11974898
11253075,11253075,11974898
11253215,11253215,11974898
11253346,11253346,11974898
11253379,11253379,11974898
11253507,11253507,11974898
11253762,11253762,11974898
11253791,11253791,11974898
11254031,11254031,11974898
11254273,11254273,11974898
11254604,11254604,11974898
11254851,11254851,11974898
11255005,11255005,11974898
11255089,11255089,11974898
11256467,11256467,11974898
11256934,11256934,11974898
11256959,11256959,11974898
11257610,11257610,11974898
11257721,11257721,11974898
11257935,11257935,11974898
11258067,11258067,11974898
11258214,11258214,11974898
11258238,11258238,11974898
11258422,11258422,11974898
11258525,11258525,11974898
11258709,11258709,11974898
11258722,11258722,11974898
11258780,11258780,11974898
11258986,11258986,11974898
11259111,11259111,11974898
11259382,11259382,11974898
11259779,11259779,11974898
11259835,11259835,11974898
11260172,11260172,11974898
11260328,11260328,11974898
11260512,11260512,11974898
11260521,11260521,11974898
11260546,11260546,11974898
11260868,11260868,11974898
11260898,11260898,11974898
11260993,11260993,11974898
11261040,11261040,11974898
11261607,11261607,11974898
11261959,11261959,11974898
11262087,11262087,11974898
11262282,11262282,11974898
11262651,11262651,11974898
11263859,11263859,11974898
11263958,11263958,11974898
11264090,11264090,11974898
11264271,11264271,11974898
11264847,11264847,11974898
11264898,11264898,11974898
11265654,11265654,11974898
11265678,11265678,11974898
11265684,11265684,11974898
11266016,11266016,11974898
11266124,11266124,11974898
11266336,11266336,11974898
11266389,11266389,11974898
11266428,11266428,11974898
11266508,11266508,11974898
11267016,11267016,11974898
11267091,11267091,11974898
11267225,11267225,11974898
11267271,11267271,11974898
11267315,11267315,11974898
11267378,11267378,11974898
11267417,11267417,11974898
11267604,11267604,11974898
11267696,11267696,11974898
11267774,11267774,11974898
11267934,11267934,11974898
11268033,11268033,11974898
11268188,11268188,11974898
11268730,11268730,11974898
11268751,11268751,11974898
11268879,11268879,11974898
11269428,11269428,11974898
11270175,11270175,11974898
11270177,11270177,11974898
11270603,11270603,11974898
11270796,11270796,11974898
11271027,11271027,11974898
11271104,11271104,11974898
11271290,11271290,11974898
11271337,11271337,11974898
11271683,11271683,11974898
11271824,11271824,11974898
11272221,11272221,11974898
11272556,11272556,11974898
11272583,11272583,11974898
11272623,11272623,11974898
11272836,11272836,11974898
11273209,11273209,11974898
11273273,11273273,11974898
11273304,11273304,11974898
11273686,11273686,11974898
11273882,11273882,11974898
11273892,11273892,11974898
11274845,11274845,11974898
11274943,11274943,11974898
11275031,11275031,11974898
11275077,11275077,11974898
11275191,11275191,11974898
11275299,11275299,11974898
11276226,11276226,11974898
11276313,11276313,11974898
11276532,11276532,11974898
11276785,11276785,11974898
11276829,11276829,11974898
11276897,11276897,11974898
11277143,11277143,11974898
11277615,11277615,11974898
11277950,11277950,11974898
11278058,11278058,11974898
11278210,11278210,11974898
11278214,11278214,11974898
11278399,11278399,11974898
11278882,11278882,11974898
11278894,11278894,11974898
11279152,11279152,11974898
11279297,11279297,11974898
11279396,11279396,11974898
11279436,11279436,11974898
11279766,11279766,11974898
11279883,11279883,11974898
11279948,11279948,11974898
11280085,11280085,11974898
11280498,11280498,11974898
11280662,11280662,11974898
11280728,11280728,11974898
11281049,11281049,11974898
11281099,11281099,11974898
11281272,11281272,11974898
11281313,11281313,11974898
11281341,11281341,11974898
11281649,11281649,11974898
11282436,11282436,11974898
11283362,11283362,11974898
11283465,11283465,11974898
11283544,11283544,11974898
11283964,11283964,11974898
11284275,11284275,11974898
11284392,11284392,11974898
11284398,11284398,11974898
11284460,11284460,11974898
11284885,11284885,11974898
11285026,11285026,11974898
11285075,11285075,11974898
11285094,11285094,11974898
11285095,11285095,11974898
11285980,11285980,11974898
11285982,11285982,11974898
11286027,11286027,11974898
11286281,11286281,11974898
11286634,11286634,11974898
11286649,11286649,11974898
11286651,11286651,11974898
11287174,11287174,11974898
11287971,11287971,11974898
11288418,11288418,11974898
11289053,11289053,11974898
11289110,11289110,11974898
11289147,11289147,11974898
11289951,11289951,11974898
11289998,11289998,11974898
11290246,11290246,11974898
11290467,11290467,11974898
11290777,11290777,11974898
11291267,11291267,11974898
11291488,11291488,11974898
11292159,11292159,11974898
11292346,11292346,11974898
11292968,11292968,11974898
11293004,11293004,11974898
11293229,11293229,11974898
11293585,11293585,11974898
11293586,11293586,11974898
11294565,11294565,11974898
11294593,11294593,11974898
11294641,11294641,11974898
11295109,11295109,11974898
11295165,11295165,11974898
11295278,11295278,11974898
11295493,11295493,11974898
11295511,11295511,11974898
11295517,11295517,11974898
11295906,11295906,11974898
11296912,11296912,11974898
11296942,11296942,11974898
11297104,11297104,11974898
11297322,11297322,11974898
11297362,11297362,11974898
11298184,11298184,11974898
11298268,11298268,11974898
11298438,11298438,11974898
11298887,11298887,11974898
11299196,11299196,11974898
11299344,11299344,11974898
11299415,11299415,11974898
11299498,11299498,11974898
11299521,11299521,11974898
11299574,11299574,11974898
11299665,11299665,11974898
11299944,11299944,11974898
11300065,11300065,11974898
11300210,11300210,11974898
11300413,11300413,11974898
11300587,11300587,11974898
11300669,11300669,11974898
11301801,11301801,11974898
11301856,11301856,11974898
11302199,11302199,11974898
11302365,11302365,11974898
11302676,11302676,11974898
11302717,11302717,11974898
11302837,11302837,11974898
11302867,11302867,11974898
11302954,11302954,11974898
11302966,11302966,11974898
11303321,11303321,11974898
11303439,11303439,11974898
11303486,11303486,11974898
11303508,11303508,11974898
11303624,11303624,11974898
11303669,11303669,11974898
11304731,11304731,11974898
11304967,11304967,11974898
11305073,11305073,11974898
11305182,11305182,11974898
11305394,11305394,11974898
11305603,11305603,11974898
11306094,11306094,11974898
11306699,11306699,11974898
11306753,11306753,11974898
11306993,11306993,11974898
11307212,11307212,11974898
11307615,11307615,11974898
11308413,11308413,11974898
11308430,11308430,11974898
11308912,11308912,11974898
11309824,11309824,11974898
11309893,11309893,11974898
11309948,11309948,11974898
11309979,11309979,11974898
11311134,11311134,11974898
11311626,11311626,11974898
11311662,11311662,11974898
11311721,11311721,11974898
11311757,11311757,11974898
11311885,11311885,11974898
11311948,11311948,11974898
11311990,11311990,11974898
11312001,11312001,11974898
11312138,11312138,11974898
11312146,11312146,11974898
11312256,11312256,11974898
11312314,11312314,11974898
11313882,11313882,11974898
11314404,11314404,11974898
11314550,11314550,11974898
11314702,11314702,11974898
11314828,11314828,11974898
11314834,11314834,11974898
11315938,11315938,11974898
11315967,11315967,11974898
11316508,11316508,11974898
11316538,11316538,11974898
11316759,11316759,11974898
11316857,11316857,11974898
11317544,11317544,11974898
11317810,11317810,11974898
11318073,11318073,11974898
11319230,11319230,11974898
11319405,11319405,11974898
11319749,11319749,11974898
11319953,11319953,11974898
11320016,11320016,11974898
11320527,11320527,11974898
11321217,11321217,11974898
11321544,11321544,11974898
11321570,11321570,11974898
11321599,11321599,11974898
11321964,11321964,11974898
11322040,11322040,11974898
11322052,11322052,11974898
11323219,11323219,11974898
11323233,11323233,11974898
11323436,11323436,11974898
11323844,11323844,11974898
11324118,11324118,11974898
11324550,11324550,11974898
11324554,11324554,11974898
11325055,11325055,11974898
11325109,11325109,11974898
11325354,11325354,11974898
11325414,11325414,11974898
11325426,11325426,11974898
11325717,11325717,11974898
11326547,11326547,11974898
11326680,11326680,11974898
11326855,11326855,11974898
11327035,11327035,11974898
11327129,11327129,11974898
11327218,11327218,11974898
11327313,11327313,11974898
11327621,11327621,11974898
11327657,11327657,11974898
11327768,11327768,11974898
11327863,11327863,11974898
11328372,11328372,11974898
11328546,11328546,11974898
11328624,11328624,11974898
11328691,11328691,11974898
11329151,11329151,11974898
11329787,11329787,11974898
11329788,11329788,11974898
11329931,11329931,11974898
11329988,11329988,11974898
11330130,11330130,11974898
11330348,11330348,11974898
11330428,11330428,11974898
11331343,11331343,11974898
11331405,11331405,11974898
11331716,11331716,11974898
11331940,11331940,11974898
11332125,11332125,11974898
11332207,11332207,11974898
11332388,11332388,11974898
11332656,11332656,11974898
11333478,11333478,11974898
11333495,11333495,11974898
11333854,11333854,11974898
11334027,11334027,11974898
11334215,11334215,11974898
11334926,11334926,11974898
11335326,11335326,11974898
11335337,11335337,11974898
11335470,11335470,11974898
11336021,11336021,11974898
11336556,11336556,11974898
11337149,11337149,11974898
11337304,11337304,11974898
11337426,11337426,11974898
11337903,11337903,11974898
11338321,11338321,11974898
11338747,11338747,11974898
11339016,11339016,11974898
11339362,11339362,11974898
11339464,11339464,11974898
11339664,11339664,11974898
11339821,11339821,11974898
11339923,11339923,11974898
11340039,11340039,11974898
11340084,11340084,11974898
11341057,11341057,11974898
11341061,11341061,11974898
11341121,11341121,11974898
11341340,11341340,11974898
11341985,11341985,11974898
11342026,11342026,11974898
11342370,11342370,11974898
11342507,11342507,11974898
11342625,11342625,11974898
11342826,11342826,11974898
11342836,11342836,11974898
11342915,11342915,11974898
11343011,11343011,11974898
11343073,11343073,11974898
11343227,11343227,11974898
11343382,11343382,11974898
11343535,11343535,11974898
11343541,11343541,11974898
11343611,11343611,11974898
11343639,11343639,11974898
11344036,11344036,11974898
11344089,11344089,11974898
11344861,11344861,11974898
11345145,11345145,11974898
11345149,11345149,11974898
11345242,11345242,11974898
11345334,11345334,11974898
11345411,11345411,11974898
11345910,11345910,11974898
11345942,11345942,11974898
11345996,11345996,11974898
11346254,11346254,11974898
11346535,11346535,11974898
11346764,11346764,11974898
11346832,11346832,11974898
11346899,11346899,11974898
11346947,11346947,11974898
11347309,11347309,11974898
11348012,11348012,11974898
11348084,11348084,11974898
11348276,11348276,11974898
11348563,11348563,11974898
11348653,11348653,11974898
11348697,11348697,11974898
11348762,11348762,11974898
11348859,11348859,11974898
11349050,11349050,11974898
11349439,11349439,11974898
11349873,11349873,11974898
11350029,11350029,11974898
11350386,11350386,11974898
11350525,11350525,11974898
11350625,11350625,11974898
11350719,11350719,11974898
11350760,11350760,11974898
11350843,11350843,11974898
11350922,11350922,11974898
11351121,11351121,11974898
11351427,11351427,11974898
11351880,11351880,11974898
11351894,11351894,11974898
11352324,11352324,11974898
11352515,11352515,11974898
11352555,11352555,11974898
11353136,11353136,11974898
11353314,11353314,11974898
11353460,11353460,11974898
11353902,11353902,11974898
11354896,11354896,11974898
11354910,11354910,11974898
11355023,11355023,11974898
11355135,11355135,11974898
11355186,11355186,11974898
11355764,11355764,11974898
11355802,11355802,11974898
11356010,11356010,11974898
11357029,11357029,11974898
11357551,11357551,11974898
11357971,11357971,11974898
11358145,11358145,11974898
11358174,11358174,11974898
11358363,11358363,11974898
11358491,11358491,11974898
11359163,11359163,11974898
11359168,11359168,11974898
11359319,11359319,11974898
11359521,11359521,11974898
11360098,11360098,11974898
11360160,11360160,11974898
11360172,11360172,11974898
11360490,11360490,11974898
11360698,11360698,11974898
11360939,11360939,11974898
11361455,11361455,11974898
11361588,11361588,11974898
11361730,11361730,11974898
11362112,11362112,11974898
11362318,11362318,11974898
11362487,11362487,11974898
11362852,11362852,11974898
11362855,11362855,11974898
11363359,11363359,11974898
11363493,11363493,11974898
11363877,11363877,11974898
11364229,11364229,11974898
11364460,11364460,11974898
11364712,11364712,11974898
11364732,11364732,11974898
11365162,11365162,11974898
11365342,11365342,11974898
11365625,11365625,11974898
11366271,11366271,11974898
11366671,11366671,11974898
11366758,11366758,11974898
11366795,11366795,11974898
11366901,11366901,11974898
11367541,11367541,11974898
11367836,11367836,11974898
11368512,11368512,11974898
11368524,11368524,11974898
11368599,11368599,11974898
11368920,11368920,11974898
11369905,11369905,11974898
11369956,11369956,11974898
11370057,11370057,11974898
11370117,11370117,11974898
11370262,11370262,11974898
11370891,11370891,11974898
11371254,11371254,11974898
11371535,11371535,11974898
11371783,11371783,11974898
11371862,11371862,11974898
11372003,11372003,11974898
11372112,11372112,11974898
11372208,11372208,11974898
11372286,11372286,11974898
11372719,11372719,11974898
11372820,11372820,11974898
11372866,11372866,11974898
11373658,11373658,11974898
11373847,11373847,11974898
11374037,11374037,11974898
11374352,11374352,11974898
11374865,11374865,11974898
11374866,11374866,11974898
11375180,11375180,11974898
11375422,11375422,11974898
11375630,11375630,11974898
11376147,11376147,11974898
11376804,11376804,11974898
11376853,11376853,11974898
11377678,11377678,11974898
11377783,11377783,11974898
11378063,11378063,11974898
11378470,11378470,11974898
11378812,11378812,11974898
11378813,11378813,11974898
11378850,11378850,11974898
11379108,11379108,11974898
11379124,11379124,11974898
11379221,11379221,11974898
11379666,11379666,11974898
11379854,11379854,11974898
11379923,11379923,11974898
11380125,11380125,11974898
11380146,11380146,11974898
11380366,11380366,11974898
11380557,11380557,11974898
11380778,11380778,11974898
11381977,11381977,11974898
11382770,11382770,11974898
11383497,11383497,11974898
11383574,11383574,11974898
11383758,11383758,11974898
11383969,11383969,11974898
11384327,11384327,11974898
11385035,11385035,11974898
11385040,11385040,11974898
11385094,11385094,11974898
11385108,11385108,11974898
11385202,11385202,11974898
11385324,11385324,11974898
11385656,11385656,11974898
11385664,11385664,11974898
11385882,11385882,11974898
11386661,11386661,11974898
11387071,11387071,11974898
11387280,11387280,11974898
11387805,11387805,11974898
11387999,11387999,11974898
11388290,11388290,11974898
11388410,11388410,11974898
11388790,11388790,11974898
11388898,11388898,11974898
11388949,11388949,11974898
11389503,11389503,11974898
11389915,11389915,11974898
11390113,11390113,11974898
11390254,11390254,11974898
11390278,11390278,11974898
11390477,11390477,11974898
11390998,11390998,11974898
11391468,11391468,11974898
11391621,11391621,11974898
11391807,11391807,11974898
11392387,11392387,11974898
11392716,11392716,11974898
11393521,11393521,11974898
11393674,11393674,11974898
11393699,11393699,11974898
11393737,11393737,11974898
11394215,11394215,11974898
11394408,11394408,11974898
11394830,11394830,11974898
11394967,11394967,11974898
11395184,11395184,11974898
11395463,11395463,11974898
11395743,11395743,11974898
11395882,11395882,11974898
11395938,11395938,11974898
11396270,11396270,11974898
11396520,11396520,11974898
11396597,11396597,11974898
11397172,11397172,11974898
11397227,11397227,11974898
11397244,11397244,11974898
11397665,11397665,11974898
11397841,11397841,11974898
11398055,11398055,11974898
11398407,11398407,11974898
11398431,11398431,11974898
11398631,11398631,11974898
11398743,11398743,11974898
11398768,11398768,11974898
11398827,11398827,11974898
11398887,11398887,11974898
11398986,11398986,11974898
11399100,11399100,11974898
11399310,11399310,11974898
11399518,11399518,11974898
11399619,11399619,11974898
11399897,11399897,11974898
11400043,11400043,11974898
11400058,11400058,11974898
11400316,11400316,11974898
11400375,11400375,11974898
11400606,11400606,11974898
11400628,11400628,11974898
11400827,11400827,11974898
11401049,11401049,11974898
11401062,11401062,11974898
11401225,11401225,11974898
11401464,11401464,11974898
11401662,11401662,11974898
11401675,11401675,11974898
11402170,11402170,11974898
11402245,11402245,11974898
11402759,11402759,11974898
11403853,11403853,11974898
11403899,11403899,11974898
11404336,11404336,11974898
11404404,11404404,11974898
11404452,11404452,11974898
11404851,11404851,11974898
11404961,11404961,11974898
11405008,11405008,11974898
11405834,11405834,11974898
11406390,11406390,11974898
11406522,11406522,11974898
11406937,11406937,11974898
11407156,11407156,11974898
11407470,11407470,11974898
11407539,11407539,11974898
11408156,11408156,11974898
11408423,11408423,11974898
11408485,11408485,11974898
11409042,11409042,11974898
11409115,11409115,11974898
11409134,11409134,11974898
11409462,11409462,11974898
11409617,11409617,11974898
11409660,11409660,11974898
11410076,11410076,11974898
11410136,11410136,11974898
11410259,11410259,11974898
11410607,11410607,11974898
11410903,11410903,11974898
11411262,11411262,11974898
11411672,11411672,11974898
11411879,11411879,11974898
11411968,11411968,11974898
11412399,11412399,11974898
11412505,11412505,11974898
11412662,11412662,11974898
11413218,11413218,11974898
11413673,11413673,11974898
11414053,11414053,11974898
11414397,11414397,11974898
11415046,11415046,11974898
11415211,11415211,11974898
11415366,11415366,11974898
11415396,11415396,11974898
11415473,11415473,11974898
11415998,11415998,11974898
11416021,11416021,11974898
11416054,11416054,11974898
11416262,11416262,11974898
11416345,11416345,11974898
11416382,11416382,11974898
11416600,11416600,11974898
11417897,11417897,11974898
11417961,11417961,11974898
11418172,11418172,11974898
11418278,11418278,11974898
11418420,11418420,11974898
11418604,11418604,11974898
11418783,11418783,11974898
11418908,11418908,11974898
11419364,11419364,11974898
11419572,11419572,11974898
11419926,11419926,11974898
11420122,11420122,11974898
11420297,11420297,11974898
11420336,11420336,11974898
11420406,11420406,11974898
11420797,11420797,11974898
11420810,11420810,11974898
11420924,11420924,11974898
11421903,11421903,11974898
11422261,11422261,11974898
11422335,11422335,11974898
11422358,11422358,11974898
11422635,11422635,11974898
11423186,11423186,11974898
11423467,11423467,11974898
11423506,11423506,11974898
11423748,11423748,11974898
11423831,11423831,11974898
11423855,11423855,11974898
11423949,11423949,11974898
11424264,11424264,11974898
11424471,11424471,11974898
11424630,11424630,11974898
11425249,11425249,11974898
11425762,11425762,11974898
11426072,11426072,11974898
11427935,11427935,11974898
11428229,11428229,11974898
11428420,11428420,11974898
11428762,11428762,11974898
11428934,11428934,11974898
11429109,11429109,11974898
11429319,11429319,11974898
11429815,11429815,11974898
11430065,11430065,11974898
11431120,11431120,11974898
11431339,11431339,11974898
11432261,11432261,11974898
11432652,11432652,11974898
11432761,11432761,11974898
11433505,11433505,11974898
11433727,11433727,11974898
11434399,11434399,11974898
11434535,11434535,11974898
11434602,11434602,11974898
11435596,11435596,11974898
11435788,11435788,11974898
11435841,11435841,11974898
11436362,11436362,11974898
11436372,11436372,11974898
11436417,11436417,11974898
11436528,11436528,11974898
11437125,11437125,11974898
11437359,11437359,11974898
11437468,11437468,11974898
11437879,11437879,11974898
11438042,11438042,11974898
11438370,11438370,11974898
11438581,11438581,11974898
11438683,11438683,11974898
11438879,11438879,11974898
11438941,11438941,11974898
11439864,11439864,11974898
11440254,11440254,11974898
11440391,11440391,11974898
11440944,11440944,11974898
11441153,11441153,11974898
11441488,11441488,11974898
11441558,11441558,11974898
11442313,11442313,11974898
11442387,11442387,11974898
11442471,11442471,11974898
11442838,11442838,11974898
11442933,11442933,11974898
11443296,11443296,11974898
11443655,11443655,11974898
11444074,11444074,11974898
11444183,11444183,11974898
11444412,11444412,11974898
11444612,11444612,11974898
11444777,11444777,11974898
11445322,11445322,11974898
11445570,11445570,11974898
11445730,11445730,11974898
11446010,11446010,11974898
11446186,11446186,11974898
11446281,11446281,11974898
11446421,11446421,11974898
11446881,11446881,11974898
11446883,11446883,11974898
11447020,11447020,11974898
11447210,11447210,11974898
11447594,11447594,11974898
11447629,11447629,11974898
11447715,11447715,11974898
11447940,11447940,11974898
11448190,11448190,11974898
11448621,11448621,11974898
11448755,11448755,11974898
11448850,11448850,11974898
11449013,11449013,11974898
11449338,11449338,11974898
11449758,11449758,11974898
11449828,11449828,11974898
11450273,11450273,11974898
11450387,11450387,11974898
11450575,11450575,11974898
11450848,11450848,11974898
11451757,11451757,11974898
11452294,11452294,11974898
11452386,11452386,11974898
11452613,11452613,11974898
11452686,11452686,11974898
11452722,11452722,11974898
11452755,11452755,11974898
11453043,11453043,11974898
11453306,11453306,11974898
11453577,11453577,11974898
11453648,11453648,11974898
11453742,11453742,11974898
11453829,11453829,11974898
11454029,11454029,11974898
11454245,11454245,11974898
11454348,11454348,11974898
11455128,11455128,11974898
11455189,11455189,11974898
11455342,11455342,11974898
11455804,11455804,11974898
11455859,11455859,11974898
11455912,11455912,11974898
11456042,11456042,11974898
11456330,11456330,11974898
11456488,11456488,11974898
11456566,11456566,11974898
11456768,11456768,11974898
11457088,11457088,11974898
11457339,11457339,11974898
11457352,11457352,11974898
11457621,11457621,11974898
11458768,11458768,11974898
11458935,11458935,11974898
11458955,11458955,11974898
11459253,11459253,11974898
11459259,11459259,11974898
11459279,11459279,11974898
11459286,11459286,11974898
11459364,11459364,11974898
11459522,11459522,11974898
11460665,11460665,11974898
11461170,11461170,11974898
11461485,11461485,11974898
11461710,11461710,11974898
11461713,11461713,11974898
11461776,11461776,11974898
11461801,11461801,11974898
11461976,11461976,11974898
11462727,11462727,11974898
11462730,11462730,11974898
11462781,11462781,11974898
11462894,11462894,11974898
11462982,11462982,11974898
11463227,11463227,11974898
11463288,11463288,11974898
11463401,11463401,11974898
11463446,11463446,11974898
11463533,11463533,11974898
11463748,11463748,11974898
11463782,11463782,11974898
11463903,11463903,11974898
11464224,11464224,11974898
11464696,11464696,11974898
11465015,11465015,11974898
11465221,11465221,11974898
11465252,11465252,11974898
11465372,11465372,11974898
11465691,11465691,11974898
11465811,11465811,11974898
11465854,11465854,11974898
11466067,11466067,11974898
11466500,11466500,11974898
11466696,11466696,11974898
11466954,11466954,11974898
11467224,11467224,11974898
11467359,11467359,11974898
11467595,11467595,11974898
11467645,11467645,11974898
11467826,11467826,11974898
11467906,11467906,11974898
11468307,11468307,11974898
11468427,11468427,11974898
11468526,11468526,11974898
11468944,11468944,11974898
11469067,11469067,11974898
11469378,11469378,11974898
11470780,11470780,11974898
11470818,11470818,11974898
11470850,11470850,11974898
11470900,11470900,11974898
11470959,11470959,11974898
11471156,11471156,11974898
11471449,11471449,11974898
11471662,11471662,11974898
11471723,11471723,11974898
11472123,11472123,11974898
11472346,11472346,11974898
11472492,11472492,11974898
11472759,11472759,11974898
11472975,11472975,11974898
11473029,11473029,11974898
11473401,11473401,11974898
11473530,11473530,11974898
11473676,11473676,11974898
11473680,11473680,11974898
11473977,11473977,11974898
11474101,11474101,11974898
11474504,11474504,11974898
11474540,11474540,11974898
11474791,11474791,11974898
11475119,11475119,11974898
11475294,11475294,11974898
11475319,11475319,11974898
11475739,11475739,11974898
11475950,11475950,11974898
11476115,11476115,11974898
11476163,11476163,11974898
11476195,11476195,11974898
11476490,11476490,11974898
11476949,11476949,11974898
11477231,11477231,11974898
11477313,11477313,11974898
11477499,11477499,11974898
11477902,11477902,11974898
11477927,11477927,11974898
11478288,11478288,11974898
11478480,11478480,11974898
11479367,11479367,11974898
11479484,11479484,11974898
11480021,11480021,11974898
11480655,11480655,11974898
11481111,11481111,11974898
11481298,11481298,11974898
11481490,11481490,11974898
11481581,11481581,11974898
11481846,11481846,11974898
11482160,11482160,11974898
11482352,11482352,11974898
11482371,11482371,11974898
11482389,11482389,11974898
11482656,11482656,11974898
11482774,11482774,11974898
11482904,11482904,11974898
11483087,11483087,11974898
11483430,11483430,11974898
11484429,11484429,11974898
11484658,11484658,11974898
11484820,11484820,11974898
11485443,11485443,11974898
11485735,11485735,11974898
11486321,11486321,11974898
11486843,11486843,11974898
11486917,11486917,11974898
11487323,11487323,11974898
11487405,11487405,11974898
11487734,11487734,11974898
11487971,11487971,11974898
11488291,11488291,11974898
11488389,11488389,11974898
11488756,11488756,11974898
11489218,11489218,11974898
11489378,11489378,11974898
11489406,11489406,11974898
11489442,11489442,11974898
11489766,11489766,11974898
11489921,11489921,11974898
11490169,11490169,11974898
11490750,11490750,11974898
11490869,11490869,11974898
11490969,11490969,11974898
11491143,11491143,11974898
11491476,11491476,11974898
11491500,11491500,11974898
11491616,11491616,11974898
11491699,11491699,11974898
11491977,11491977,11974898
11492843,11492843,11974898
11493380,11493380,11974898
11493538,11493538,11974898
11494325,11494325,11974898
11494393,11494393,11974898
11494486,11494486,11974898
11494895,11494895,11974898
11495209,11495209,11974898
11495361,11495361,11974898
11495464,11495464,11974898
11496480,11496480,11974898
11496579,11496579,11974898
11496634,11496634,11974898
11496752,11496752,11974898
11497655,11497655,11974898
11498214,11498214,11974898
11498394,11498394,11974898
11498415,11498415,11974898
11498444,11498444,11974898
11498494,11498494,11974898
11498540,11498540,11974898
11498680,11498680,11974898
11498718,11498718,11974898
11498751,11498751,11974898
11498842,11498842,11974898
11499104,11499104,11974898
11499215,11499215,11974898
11499397,11499397,11974898
11499477,11499477,11974898
11499659,11499659,11974898
11499726,11499726,11974898
11500267,11500267,11974898
11500709,11500709,11974898
11501021,11501021,11974898
11501362,11501362,11974898
11501662,11501662,11974898
11502546,11502546,11974898
11502845,11502845,11974898
11503894,11503894,11974898
11503971,11503971,11974898
11503972,11503972,11974898
11504283,11504283,11974898
11504414,11504414,11974898
11504771,11504771,11974898
11505242,11505242,11974898
11505245,11505245,11974898
11505247,11505247,11974898
11505369,11505369,11974898
11505391,11505391,11974898
11505484,11505484,11974898
11506201,11506201,11974898
11506235,11506235,11974898
11506425,11506425,11974898
11507137,11507137,11974898
11507657,11507657,11974898
11508017,11508017,11974898
11508144,11508144,11974898
11508207,11508207,11974898
11508448,11508448,11974898
11508597,11508597,11974898
11508762,11508762,11974898
11509203,11509203,11974898
11509222,11509222,11974898
11509320,11509320,11974898
11510142,11510142,11974898
11510792,11510792,11974898
11511140,11511140,11974898
11511321,11511321,11974898
11512614,11512614,11974898
11512847,11512847,11974898
11512960,11512960,11974898
11513072,11513072,11974898
11513420,11513420,11974898
11513583,11513583,11974898
11513599,11513599,11974898
11513771,11513771,11974898
11514121,11514121,11974898
11514206,11514206,11974898
11514206,11514206,11974898
11514337,11514337,11974898
11514387,11514387,11974898
11514742,11514742,11974898
11515015,11515015,11974898
11515029,11515029,11974898
11515246,11515246,11974898
11515251,11515251,11974898
11515373,11515373,11974898
11515709,11515709,11974898
11515742,11515742,11974898
11515921,11515921,11974898
11515933,11515933,11974898
11516042,11516042,11974898
11516150,11516150,11974898
11516941,11516941,11974898
11516971,11516971,11974898
11517682,11517682,11974898
11517966,11517966,11974898
11518080,11518080,11974898
11518456,11518456,11974898
11518588,11518588,11974898
11518600,11518600,11974898
11518773,11518773,11974898
11518894,11518894,11974898
11518989,11518989,11974898
11519339,11519339,11974898
11519430,11519430,11974898
11519471,11519471,11974898
11519568,11519568,11974898
11519630,11519630,11974898
11520700,11520700,11974898
11520743,11520743,11974898
11520809,11520809,11974898
11520864,11520864,11974898
11521531,11521531,11974898
11522106,11522106,11974898
11523263,11523263,11974898
11523463,11523463,11974898
11523631,11523631,11974898
11523853,11523853,11974898
11523929,11523929,11974898
11523937,11523937,11974898
11524612,11524612,11974898
11525042,11525042,11974898
11525399,11525399,11974898
11525530,11525530,11974898
11525667,11525667,11974898
11526070,11526070,11974898
11526866,11526866,11974898
11526908,11526908,11974898
11526975,11526975,11974898
11527180,11527180,11974898
11527320,11527320,11974898
11527380,11527380,11974898
11527500,11527500,11974898
11528183,11528183,11974898
11528527,11528527,11974898
11528938,11528938,11974898
11528961,11528961,11974898
11528984,11528984,11974898
11529070,11529070,11974898
11529774,11529774,11974898
11529858,11529858,11974898
11530101,11530101,11974898
11530262,11530262,11974898
11530300,11530300,11974898
11530572,11530572,11974898
11531012,11531012,11974898
11531130,11531130,11974898
11531533,11531533,11974898
11531618,11531618,11974898
11531942,11531942,11974898
11532112,11532112,11974898
11532191,11532191,11974898
11532272,11532272,11974898
11532298,11532298,11974898
11532510,11532510,11974898
11532642,11532642,11974898
11532734,11532734,11974898
11533278,11533278,11974898
11533376,11533376,11974898
11533643,11533643,11974898
11533995,11533995,11974898
11534083,11534083,11974898
11534862,11534862,11974898
11534872,11534872,11974898
11534986,11534986,11974898
11535391,11535391,11974898
11536171,11536171,11974898
11536229,11536229,11974898
11536578,11536578,11974898
11536844,11536844,11974898
11537044,11537044,11974898
11537056,11537056,11974898
11537525,11537525,11974898
11537880,11537880,11974898
11538314,11538314,11974898
11538408,11538408,11974898
11538451,11538451,11974898
11538470,11538470,11974898
11538948,11538948,11974898
11539276,11539276,11974898
11539548,11539548,11974898
11539878,11539878,11974898
11540104,11540104,11974898
11540338,11540338,11974898
11540645,11540645,11974898
11540737,11540737,11974898
11541187,11541187,11974898
11541427,11541427,11974898
11541606,11541606,11974898
11542135,11542135,11974898
11542174,11542174,11974898
11542435,11542435,11974898
11542583,11542583,11974898
11542998,11542998,11974898
11543174,11543174,11974898
11543385,11543385,11974898
11543445,11543445,11974898
11544393,11544393,11974898
11544456,11544456,11974898
11545467,11545467,11974898
11545475,11545475,11974898
11546079,11546079,11974898
11546599,11546599,11974898
11547257,11547257,11974898
11547301,11547301,11974898
11548089,11548089,11974898
11548111,11548111,11974898
11548688,11548688,11974898
11548833,11548833,11974898
11548943,11548943,11974898
11549226,11549226,11974898
11549325,11549325,11974898
11549332,11549332,11974898
11549354,11549354,11974898
11549774,11549774,11974898
11549927,11549927,11974898
11549966,11549966,11974898
11549997,11549997,11974898
11550366,11550366,11974898
11550389,11550389,11974898
11550928,11550928,11974898
11551035,11551035,11974898
11551336,11551336,11974898
11551421,11551421,11974898
11551830,11551830,11974898
11552320,11552320,11974898
11552535,11552535,11974898
11552610,11552610,11974898
11552785,11552785,11974898
11552957,11552957,11974898
11553431,11553431,11974898
11553863,11553863,11974898
11554015,11554015,11974898
11554074,11554074,11974898
11554358,11554358,11974898
11554420,11554420,11974898
11554443,11554443,11974898
11554648,11554648,11974898
11555578,11555578,11974898
11555714,11555714,11974898
11555738,11555738,11974898
11555844,11555844,11974898
11555876,11555876,11974898
11555997,11555997,11974898
11556078,11556078,11974898
11556425,11556425,11974898
11556556,11556556,11974898
11556772,11556772,11974898
11556941,11556941,11974898
11557155,11557155,11974898
11557193,11557193,11974898
11557327,11557327,11974898
11557396,11557396,11974898
11557734,11557734,11974898
11557837,11557837,11974898
11558041,11558041,11974898
11558626,11558626,11974898
11558668,11558668,11974898
11558701,11558701,11974898
11559379,11559379,11974898
11559404,11559404,11974898
11559737,11559737,11974898
11559833,11559833,11974898
11560189,11560189,11974898
11560560,11560560,11974898
11560624,11560624,11974898
11560711,11560711,11974898
11560841,11560841,11974898
11560867,11560867,11974898
11560914,11560914,11974898
11561993,11561993,11974898
11562188,11562188,11974898
11562313,11562313,11974898
11562324,11562324,11974898
11562692,11562692,11974898
11562751,11562751,11974898
11562777,11562777,11974898
11562795,11562795,11974898
11563009,11563009,11974898
11563364,11563364,11974898
11563495,11563495,11974898
11563575,11563575,11974898
11563751,11563751,11974898
11563878,11563878,11974898
11563880,11563880,11974898
11564165,11564165,11974898
11564354,11564354,11974898
11564847,11564847,11974898
11564856,11564856,11974898
11565332,11565332,11974898
11565630,11565630,11974898
11565779,11565779,11974898
11566213,11566213,11974898
11566455,11566455,11974898
11566704,11566704,11974898
11567079,11567079,11974898
11567255,11567255,11974898
11567313,11567313,11974898
11567319,11567319,11974898
11567464,11567464,11974898
11568316,11568316,11974898
11568456,11568456,11974898
11568482,11568482,11974898
11568552,11568552,11974898
11568735,11568735,11974898
11569124,11569124,11974898
11569175,11569175,11974898
11569280,11569280,11974898
11569323,11569323,11974898
11569661,11569661,11974898
11569812,11569812,11974898
11570099,11570099,11974898
11570163,11570163,11974898
11570482,11570482,11974898
11570650,11570650,11974898
11570668,11570668,11974898
11570740,11570740,11974898
11570984,11570984,11974898
11571201,11571201,11974898
11571292,11571292,11974898
11571518,11571518,11974898
11571656,11571656,11974898
11571725,11571725,11974898
11571987,11571987,11974898
11572086,11572086,11974898
11572484,11572484,11974898
11572508,11572508,11974898
11572557,11572557,11974898
11573517,11573517,11974898
11573827,11573827,11974898
11574227,11574227,11974898
11574269,11574269,11974898
11574991,11574991,11974898
11575542,11575542,11974898
11576150,11576150,11974898
11576568,11576568,11974898
11576710,11576710,11974898
11576887,11576887,11974898
11577416,11577416,11974898
11578121,11578121,11974898
11578683,11578683,11974898
11579022,11579022,11974898
11579379,11579379,11974898
11579516,11579516,11974898
11579549,11579549,11974898
11579761,11579761,11974898
11580010,11580010,11974898
11580017,11580017,11974898
11580056,11580056,11974898
11580074,11580074,11974898
11580704,11580704,11974898
11580968,11580968,11974898
11581137,11581137,11974898
11581140,11581140,11974898
11581414,11581414,11974898
11581622,11581622,11974898
11581673,11581673,11974898
11581860,11581860,11974898
11582405,11582405,11974898
11582463,11582463,11974898
11582624,11582624,11974898
11582761,11582761,11974898
11582915,11582915,11974898
11583098,11583098,11974898
11583166,11583166,11974898
11583193,11583193,11974898
11583412,11583412,11974898
11583554,11583554,11974898
11584023,11584023,11974898
11584042,11584042,11974898
11584278,11584278,11974898
11584360,11584360,11974898
11584372,11584372,11974898
11584943,11584943,11974898
11585276,11585276,11974898
11585446,11585446,11974898
11585824,11585824,11974898
11585951,11585951,11974898
11586397,11586397,11974898
11586398,11586398,11974898
11586407,11586407,11974898
11586687,11586687,11974898
11586814,11586814,11974898
11586827,11586827,11974898
11587153,11587153,11974898
11587369,11587369,11974898
11587444,11587444,11974898
11587699,11587699,11974898
11587770,11587770,11974898
11587878,11587878,11974898
11588962,11588962,11974898
11589102,11589102,11974898
11589218,11589218,11974898
11589652,11589652,11974898
11589948,11589948,11974898
11590031,11590031,11974898
11591135,11591135,11974898
11591493,11591493,11974898
11591921,11591921,11974898
11591964,11591964,11974898
11592282,11592282,11974898
11592367,11592367,11974898
11592636,11592636,11974898
11592876,11592876,11974898
11593058,11593058,11974898
11593272,11593272,11974898
11593883,11593883,11974898
11594541,11594541,11974898
11594563,11594563,11974898
11594926,11594926,11974898
11595007,11595007,11974898
11595008,11595008,11974898
11595037,11595037,11974898
11595055,11595055,11974898
11595250,11595250,11974898
11595272,11595272,11974898
11595349,11595349,11974898
11597080,11597080,11974898
11597434,11597434,11974898
11597896,11597896,11974898
11597936,11597936,11974898
11598406,11598406,11974898
11598515,11598515,11974898
11598887,11598887,11974898
11598906,11598906,11974898
11598920,11598920,11974898
11599576,11599576,11974898
11599915,11599915,11974898
11599948,11599948,11974898
11600027,11600027,11974898
11600434,11600434,11974898
11600549,11600549,11974898
11600608,11600608,11974898
11601089,11601089,11974898
11601101,11601101,11974898
11602264,11602264,11974898
11602357,11602357,11974898
11602554,11602554,11974898
11602755,11602755,11974898
11603102,11603102,11974898
11603265,11603265,11974898
11603304,11603304,11974898
11604038,11604038,11974898
11604521,11604521,11974898
11604661,11604661,11974898
11605312,11605312,11974898
11605381,11605381,11974898
11605542,11605542,11974898
11606027,11606027,11974898
11606396,11606396,11974898
11606685,11606685,11974898
11606778,11606778,11974898
11607245,11607245,11974898
11607395,11607395,11974898
11607510,11607510,11974898
11607523,11607523,11974898
11607918,11607918,11974898
11608168,11608168,11974898
11608888,11608888,11974898
11609030,11609030,11974898
11609426,11609426,11974898
11609745,11609745,11974898
11610291,11610291,11974898
11610439,11610439,11974898
11610633,11610633,11974898
11611168,11611168,11974898
11611255,11611255,11974898
11611648,11611648,11974898
11611847,11611847,11974898
11611874,11611874,11974898
11612415,11612415,11974898
11612459,11612459,11974898
11612518,11612518,11974898
11613028,11613028,11974898
11613289,11613289,11974898
11613756,11613756,11974898
11613757,11613757,11974898
11614053,11614053,11974898
11614120,11614120,11974898
11614205,11614205,11974898
11614615,11614615,11974898
11615553,11615553,11974898
11615699,11615699,11974898
11615721,11615721,11974898
11615759,11615759,11974898
11616041,11616041,11974898
11616486,11616486,11974898
11616859,11616859,11974898
11617400,11617400,11974898
11618403,11618403,11974898
11618491,11618491,11974898
11618914,11618914,11974898
11619042,11619042,11974898
11619187,11619187,11974898
11619222,11619222,11974898
11619334,11619334,11974898
11619687,11619687,11974898
11619952,11619952,11974898
11620109,11620109,11974898
11620216,11620216,11974898
11620405,11620405,11974898
11620647,11620647,11974898
11621060,11621060,11974898
11621202,11621202,11974898
11621471,11621471,11974898
11621694,11621694,11974898
11621858,11621858,11974898
11621933,11621933,11974898
11622009,11622009,11974898
11622261,11622261,11974898
11622334,11622334,11974898
11622467,11622467,11974898
11622535,11622535,11974898
11622791,11622791,11974898
11622836,11622836,11974898
11622973,11622973,11974898
11623213,11623213,11974898
11623252,11623252,11974898
11623510,11623510,11974898
11623751,11623751,11974898
11623918,11623918,11974898
11624068,11624068,11974898
11624548,11624548,11974898
11624891,11624891,11974898
11625160,11625160,11974898
11625293,11625293,11974898
11625441,11625441,11974898
11625540,11625540,11974898
11625689,11625689,11974898
11626347,11626347,11974898
11627157,11627157,11974898
11627163,11627163,11974898
11627421,11627421,11974898
11627668,11627668,11974898
11627748,11627748,11974898
11628041,11628041,11974898
11628199,11628199,11974898
11628249,11628249,11974898
11628301,11628301,11974898
11628311,11628311,11974898
11628413,11628413,11974898
11628602,11628602,11974898
11629261,11629261,11974898
11629915,11629915,11974898
11630210,11630210,11974898
11630455,11630455,11974898
11630656,11630656,11974898
11630828,11630828,11974898
11631198,11631198,11974898
11631248,11631248,11974898
11631257,11631257,11974898
11631365,11631365,11974898
11631368,11631368,11974898
11631440,11631440,11974898
11631788,11631788,11974898
11631889,11631889,11974898
11631907,11631907,11974898
11632549,11632549,11974898
11632585,11632585,11974898
11632867,11632867,11974898
11633120,11633120,11974898
11633601,11633601,11974898
11633849,11633849,11974898
11633949,11633949,11974898
11633951,11633951,11974898
11634035,11634035,11974898
11634134,11634134,11974898
11634136,11634136,11974898
11634207,11634207,11974898
11634288,11634288,11974898
11634294,11634294,11974898
11634595,11634595,11974898
11634610,11634610,11974898
11635290,11635290,11974898
11635608,11635608,11974898
11635764,11635764,11974898
11635836,11635836,11974898
11635956,11635956,11974898
11635964,11635964,11974898
11636003,11636003,11974898
11636143,11636143,11974898
11636553,11636553,11974898
11636804,11636804,11974898
11637027,11637027,11974898
11637837,11637837,11974898
11637859,11637859,11974898
11638069,11638069,11974898
11638329,11638329,11974898
11638345,11638345,11974898
11638890,11638890,11974898
11639233,11639233,11974898
11639389,11639389,11974898
11639732,11639732,11974898
11639767,11639767,11974898
11640035,11640035,11974898
11640044,11640044,11974898
11640177,11640177,11974898
11640799,11640799,11974898
11641097,11641097,11974898
11641590,11641590,11974898
11642120,11642120,11974898
11642137,11642137,11974898
11642384,11642384,11974898
11642453,11642453,11974898
11642471,11642471,11974898
11642480,11642480,11974898
11642523,11642523,11974898
11642749,11642749,11974898
11643238,11643238,11974898
11643486,11643486,11974898
11644237,11644237,11974898
11644286,11644286,11974898
11644655,11644655,11974898
11644791,11644791,11974898
11644962,11644962,11974898
11644999,11644999,11974898
11645404,11645404,11974898
11645832,11645832,11974898
11645926,11645926,11974898
11646377,11646377,11974898
11646459,11646459,11974898
11646838,11646838,11974898
11647093,11647093,11974898
11647122,11647122,11974898
11647265,11647265,11974898
11647443,11647443,11974898
11647720,11647720,11974898
11647762,11647762,11974898
11647831,11647831,11974898
11647933,11647933,11974898
11648811,11648811,11974898
11648922,11648922,11974898
11648970,11648970,11974898
11649028,11649028,11974898
11649290,11649290,11974898
11649307,11649307,11974898
11649411,11649411,11974898
11649700,11649700,11974898
11650045,11650045,11974898
11650190,11650190,11974898
11650582,11650582,11974898
11650751,11650751,11974898
11650975,11650975,11974898
11651027,11651027,11974898
11651518,11651518,11974898
11651526,11651526,11974898
11652069,11652069,11974898
11652486,11652486,11974898
11652561,11652561,11974898
11652953,11652953,11974898
11653026,11653026,11974898
11653103,11653103,11974898
11653109,11653109,11974898
11653457,11653457,11974898
11653545,11653545,11974898
11654331,11654331,11974898
11654369,11654369,11974898
11655267,11655267,11974898
11655558,11655558,11974898
11655591,11655591,11974898
11655635,11655635,11974898
11655840,11655840,11974898
11655944,11655944,11974898
11655971,11655971,11974898
11656092,11656092,11974898
11656244,11656244,11974898
11656352,11656352,11974898
11656948,11656948,11974898
11657521,11657521,11974898
11657765,11657765,11974898
11657959,11657959,11974898
11658045,11658045,11974898
11658385,11658385,11974898
11658664,11658664,11974898
11658686,11658686,11974898
11658799,11658799,11974898
11659009,11659009,11974898
11659017,11659017,11974898
11659095,11659095,11974898
11659158,11659158,11974898
11659661,11659661,11974898
11659984,11659984,11974898
11660418,11660418,11974898
11660445,11660445,11974898
11660804,11660804,11974898
11661325,11661325,11974898
11661480,11661480,11974898
11661855,11661855,11974898
11661930,11661930,11974898
11662274,11662274,11974898
11662776,11662776,11974898
11663139,11663139,11974898
11663236,11663236,11974898
11663286,11663286,11974898
11663321,11663321,11974898
11663418,11663418,11974898
11663419,11663419,11974898
11663458,11663458,11974898
11663679,11663679,11974898
11664030,11664030,11974898
11664346,11664346,11974898
11664679,11664679,11974898
11665081,11665081,11974898
11665187,11665187,11974898
11665536,11665536,11974898
11665690,11665690,11974898
11666032,11666032,11974898
11667434,11667434,11974898
11667602,11667602,11974898
11667698,11667698,11974898
11667898,11667898,11974898
11668146,11668146,11974898
11668239,11668239,11974898
11668534,11668534,11974898
11668924,11668924,11974898
11669264,11669264,11974898
11669266,11669266,11974898
11669586,11669586,11974898
11669636,11669636,11974898
11669778,11669778,11974898
11669801,11669801,11974898
11669931,11669931,11974898
11669961,11669961,11974898
11670306,11670306,11974898
11670551,11670551,11974898
11670551,11670551,11974898
11670596,11670596,11974898
11670661,11670661,11974898
11670972,11670972,11974898
11671003,11671003,11974898
11671143,11671143,11974898
11671530,11671530,11974898
11672030,11672030,11974898
11672625,11672625,11974898
11673065,11673065,11974898
11673421,11673421,11974898
11673575,11673575,11974898
11673592,11673592,11974898
11674048,11674048,11974898
11674168,11674168,11974898
11674237,11674237,11974898
11674342,11674342,11974898
11674637,11674637,11974898
11675010,11675010,11974898
11675342,11675342,11974898
11675361,11675361,11974898
11675620,11675620,11974898
11675719,11675719,11974898
11676363,11676363,11974898
11676419,11676419,11974898
11676450,11676450,11974898
11676493,11676493,11974898
11676647,11676647,11974898
11677009,11677009,11974898
11677122,11677122,11974898
11677193,11677193,11974898
11677631,11677631,11974898
11678002,11678002,11974898
11678052,11678052,11974898
11678156,11678156,11974898
11678267,11678267,11974898
11679131,11679131,11974898
11679232,11679232,11974898
11679410,11679410,11974898
11679989,11679989,11974898
11680090,11680090,11974898
11680192,11680192,11974898
11681214,11681214,11974898
11681282,11681282,11974898
11681751,11681751,11974898
11681804,11681804,11974898
11681883,11681883,11974898
11682281,11682281,11974898
11682329,11682329,11974898
11682754,11682754,11974898
11682955,11682955,11974898
11683564,11683564,11974898
11684182,11684182,11974898
11684651,11684651,11974898
11685063,11685063,11974898
11685088,11685088,11974898
11685181,11685181,11974898
11685205,11685205,11974898
11685841,11685841,11974898
11686039,11686039,11974898
11686101,11686101,11974898
11686629,11686629,11974898
11686701,11686701,11974898
11687291,11687291,11974898
11688115,11688115,11974898
11688308,11688308,11974898
11688552,11688552,11974898
11688777,11688777,11974898
11688886,11688886,11974898
11688887,11688887,11974898
11689320,11689320,11974898
11689320,11689320,11974898
11689735,11689735,11974898
11689976,11689976,11974898
11690605,11690605,11974898
11690756,11690756,11974898
11691009,11691009,11974898
11691041,11691041,11974898
11691321,11691321,11974898
11691332,11691332,11974898
11692098,11692098,11974898
11692278,11692278,11974898
11692819,11692819,11974898
11694362,11694362,11974898
11694397,11694397,11974898
11694550,11694550,11974898
11694585,11694585,11974898
11695316,11695316,11974898
11696323,11696323,11974898
11696413,11696413,11974898
11696428,11696428,11974898
11696970,11696970,11974898
11697181,11697181,11974898
11697420,11697420,11974898
11697711,11697711,11974898
11697747,11697747,11974898
11698315,11698315,11974898
11698489,11698489,11974898
11698707,11698707,11974898
11699112,11699112,11974898
11699236,11699236,11974898
11700213,11700213,11974898
11700555,11700555,11974898
11700786,11700786,11974898
11701154,11701154,11974898
11701356,11701356,11974898
11701413,11701413,11974898
11701818,11701818,11974898
11702156,11702156,11974898
11703111,11703111,11974898
11703389,11703389,11974898
11703700,11703700,11974898
11704178,11704178,11974898
11704412,11704412,11974898
11704625,11704625,11974898
11704745,11704745,11974898
11705723,11705723,11974898
11705786,11705786,11974898
11706193,11706193,11974898
11706860,11706860,11974898
11707038,11707038,11974898
11707064,11707064,11974898
11707227,11707227,11974898
11707639,11707639,11974898
11708444,11708444,11974898
11708563,11708563,11974898
11709285,11709285,11974898
11709627,11709627,11974898
11709806,11709806,11974898
11709820,11709820,11974898
11709896,11709896,11974898
11710192,11710192,11974898
11710239,11710239,11974898
11710382,11710382,11974898
11710552,11710552,11974898
11710808,11710808,11974898
11710956,11710956,11974898
11711086,11711086,11974898
11711398,11711398,11974898
11711492,11711492,11974898
11712239,11712239,11974898
11712585,11712585,11974898
11712869,11712869,11974898
11712903,11712903,11974898
11713423,11713423,11974898
11713595,11713595,11974898
11713940,11713940,11974898
11714177,11714177,11974898
11714206,11714206,11974898
11714283,11714283,11974898
11714359,11714359,11974898
11714532,11714532,11974898
11714643,11714643,11974898
11715340,11715340,11974898
11716515,11716515,11974898
11716880,11716880,11974898
11717008,11717008,11974898
11717406,11717406,11974898
11717480,11717480,11974898
11717745,11717745,11974898
11718199,11718199,11974898
11718354,11718354,11974898
11719123,11719123,11974898
11719148,11719148,11974898
11719388,11719388,11974898
11719494,11719494,11974898
11720362,11720362,11974898
11720552,11720552,11974898
11720697,11720697,11974898
11721156,11721156,11974898
11721255,11721255,11974898
11721301,11721301,11974898
11721432,11721432,11974898
11722057,11722057,11974898
11722427,11722427,11974898
11722546,11722546,11974898
11722984,11722984,11974898
11723396,11723396,11974898
11723622,11723622,11974898
11723900,11723900,11974898
11724424,11724424,11974898
11724724,11724724,11974898
11724738,11724738,11974898
11724762,11724762,11974898
11724770,11724770,11974898
11725005,11725005,11974898
11725264,11725264,11974898
11725440,11725440,11974898
11726035,11726035,11974898
11726075,11726075,11974898
11726217,11726217,11974898
11726439,11726439,11974898
11726632,11726632,11974898
11727074,11727074,11974898
11727123,11727123,11974898
11727277,11727277,11974898
11728444,11728444,11974898
11728640,11728640,11974898
11728909,11728909,11974898
11729066,11729066,11974898
11729132,11729132,11974898
11729298,11729298,11974898
11729510,11729510,11974898
11729911,11729911,11974898
11729931,11729931,11974898
11730019,11730019,11974898
11730022,11730022,11974898
11730234,11730234,11974898
11730285,11730285,11974898
11730381,11730381,11974898
11731369,11731369,11974898
11731894,11731894,11974898
11732138,11732138,11974898
11732189,11732189,11974898
11732772,11732772,11974898
11732990,11732990,11974898
11733015,11733015,11974898
11733195,11733195,11974898
11733626,11733626,11974898
11733700,11733700,11974898
11733855,11733855,11974898
11733916,11733916,11974898
11733967,11733967,11974898
11734244,11734244,11974898
11734738,11734738,11974898
11735724,11735724,11974898
11735897,11735897,11974898
11736285,11736285,11974898
11736456,11736456,11974898
11737106,11737106,11974898
11737519,11737519,11974898
11737557,11737557,11974898
11737662,11737662,11974898
11737766,11737766,11974898
11737910,11737910,11974898
11738223,11738223,11974898
11738462,11738462,11974898
11738869,11738869,11974898
11739045,11739045,11974898
11739187,11739187,11974898
11739553,11739553,11974898
11739724,11739724,11974898
11739729,11739729,11974898
11739763,11739763,11974898
11740329,11740329,11974898
11740597,11740597,11974898
11740617,11740617,11974898
11740644,11740644,11974898
11740873,11740873,11974898
11742524,11742524,11974898
11742855,11742855,11974898
11742932,11742932,11974898
11742955,11742955,11974898
11743954,11743954,11974898
11744451,11744451,11974898
11744479,11744479,11974898
11744768,11744768,11974898
11745377,11745377,11974898
11745730,11745730,11974898
11746201,11746201,11974898
11746229,11746229,11974898
11746235,11746235,11974898
11746403,11746403,11974898
11746496,11746496,11974898
11746527,11746527,11974898
11746689,11746689,11974898
11747098,11747098,11974898
11747637,11747637,11974898
11747898,11747898,11974898
11747898,11747898,11974898
11748078,11748078,11974898
11748265,11748265,11974898
11749066,11749066,11974898
11749243,11749243,11974898
11749881,11749881,11974898
11750036,11750036,11974898
11750162,11750162,11974898
11750251,11750251,11974898
11750555,11750555,11974898
11750774,11750774,11974898
11751005,11751005,11974898
11751290,11751290,11974898
11751895,11751895,11974898
11751929,11751929,11974898
11752029,11752029,11974898
11752091,11752091,11974898
11752712,11752712,11974898
11752734,11752734,11974898
11752870,11752870,11974898
11752981,11752981,11974898
11753570,11753570,11974898
11754204,11754204,11974898
11754207,11754207,11974898
11754334,11754334,11974898
11754663,11754663,11974898
11754844,11754844,11974898
11754891,11754891,11974898
11754893,11754893,11974898
11755334,11755334,11974898
11755478,11755478,11974898
11755935,11755935,11974898
11755980,11755980,11974898
11756445,11756445,11974898
11756611,11756611,11974898
11756691,11756691,11974898
11757902,11757902,11974898
11758009,11758009,11974898
11758102,11758102,11974898
11758369,11758369,11974898
11758853,11758853,11974898
11758882,11758882,11974898
11759895,11759895,11974898
11759994,11759994,11974898
11760151,11760151,11974898
11760198,11760198,11974898
11760625,11760625,11974898
11760760,11760760,11974898
11761057,11761057,11974898
11761502,11761502,11974898
11761629,11761629,11974898
11761645,11761645,11974898
11761688,11761688,11974898
11761935,11761935,11974898
11762136,11762136,11974898
11762236,11762236,11974898
11762858,11762858,11974898
11763032,11763032,11974898
11763399,11763399,11974898
11763548,11763548,11974898
11763584,11763584,11974898
11764233,11764233,11974898
11764465,11764465,11974898
11764873,11764873,11974898
11765102,11765102,11974898
11765155,11765155,11974898
11765302,11765302,11974898
11765417,11765417,11974898
11765565,11765565,11974898
11765698,11765698,11974898
11766157,11766157,11974898
11766408,11766408,11974898
11766481,11766481,11974898
11767141,11767141,11974898
11767790,11767790,11974898
11768076,11768076,11974898
11768112,11768112,11974898
11768349,11768349,11974898
11768461,11768461,11974898
11768735,11768735,11974898
11768862,11768862,11974898
11769515,11769515,11974898
11769747,11769747,11974898
11769752,11769752,11974898
11769784,11769784,11974898
11770103,11770103,11974898
11770377,11770377,11974898
11770932,11770932,11974898
11771479,11771479,11974898
11771692,11771692,11974898
11771771,11771771,11974898
11771992,11771992,11974898
11772373,11772373,11974898
11772860,11772860,11974898
11773213,11773213,11974898
11773490,11773490,11974898
11773495,11773495,11974898
11773635,11773635,11974898
11774305,11774305,11974898
11774865,11774865,11974898
11774870,11774870,11974898
11774925,11774925,11974898
11774942,11774942,11974898
11774963,11774963,11974898
11775957,11775957,11974898
11776047,11776047,11974898
11776057,11776057,11974898
11776521,11776521,11974898
11776578,11776578,11974898
11776923,11776923,11974898
11778008,11778008,11974898
11778124,11778124,11974898
11778359,11778359,11974898
11778862,11778862,11974898
11778866,11778866,11974898
11778891,11778891,11974898
11779251,11779251,11974898
11779479,11779479,11974898
11779611,11779611,11974898
11779632,11779632,11974898
11779958,11779958,11974898
11779970,11779970,11974898
11780423,11780423,11974898
11780699,11780699,11974898
11781185,11781185,11974898
11781252,11781252,11974898
11781307,11781307,11974898
11781396,11781396,11974898
11781765,11781765,11974898
11781779,11781779,11974898
11782498,11782498,11974898
11783085,11783085,11974898
11783793,11783793,11974898
11784326,11784326,11974898
11784780,11784780,11974898
11785496,11785496,11974898
11785549,11785549,11974898
11785713,11785713,11974898
11786242,11786242,11974898
11786469,11786469,11974898
11786665,11786665,11974898
11786734,11786734,11974898
11786981,11786981,11974898
11787031,11787031,11974898
11787203,11787203,11974898
11787208,11787208,11974898
11787535,11787535,11974898
11788027,11788027,11974898
11788079,11788079,11974898
11788693,11788693,11974898
11789043,11789043,11974898
11789680,11789680,11974898
11789770,11789770,11974898
11789773,11789773,11974898
11789807,11789807,11974898
11790319,11790319,11974898
11790402,11790402,11974898
11790549,11790549,11974898
11790561,11790561,11974898
11790842,11790842,11974898
11790904,11790904,11974898
11791693,11791693,11974898
11791956,11791956,11974898
11792135,11792135,11974898
11792778,11792778,11974898
11793247,11793247,11974898
11793469,11793469,11974898
11793552,11793552,11974898
11793595,11793595,11974898
11793603,11793603,11974898
11794443,11794443,11974898
11794658,11794658,11974898
11794912,11794912,11974898
11795109,11795109,11974898
11795368,11795368,11974898
11795596,11795596,11974898
11795799,11795799,11974898
11795904,11795904,11974898
11796243,11796243,11974898
11796371,11796371,11974898
11796383,11796383,11974898
11796939,11796939,11974898
11797465,11797465,11974898
11797563,11797563,11974898
11797611,11797611,11974898
11797951,11797951,11974898
11798033,11798033,11974898
11798133,11798133,11974898
11798246,11798246,11974898
11798634,11798634,11974898
11798835,11798835,11974898
11799252,11799252,11974898
11799268,11799268,11974898
11799544,11799544,11974898
11800006,11800006,11974898
11800155,11800155,11974898
11800157,11800157,11974898
11800381,11800381,11974898
11800454,11800454,11974898
11800515,11800515,11974898
11800630,11800630,11974898
11800686,11800686,11974898
11801566,11801566,11974898
11801868,11801868,11974898
11801900,11801900,11974898
11801985,11801985,11974898
11802414,11802414,11974898
11802882,11802882,11974898
11803193,11803193,11974898
11803347,11803347,11974898
11803542,11803542,11974898
11803595,11803595,11974898
11803764,11803764,11974898
11804100,11804100,11974898
11804401,11804401,11974898
11804523,11804523,11974898
11804575,11804575,11974898
11804859,11804859,11974898
11804882,11804882,11974898
11805134,11805134,11974898
11805417,11805417,11974898
11805659,11805659,11974898
11805837,11805837,11974898
11805844,11805844,11974898
11806403,11806403,11974898
11806577,11806577,11974898
11806936,11806936,11974898
11806953,11806953,11974898
11806960,11806960,11974898
11806967,11806967,11974898
11806978,11806978,11974898
11808180,11808180,11974898
11808881,11808881,11974898
11808961,11808961,11974898
11808965,11808965,11974898
11809141,11809141,11974898
11809152,11809152,11974898
11809230,11809230,11974898
11809865,11809865,11974898
11810027,11810027,11974898
11810646,11810646,11974898
11810649,11810649,11974898
11810802,11810802,11974898
11810873,11810873,11974898
11811007,11811007,11974898
11811135,11811135,11974898
11811344,11811344,11974898
11811691,11811691,11974898
11811709,11811709,11974898
11811887,11811887,11974898
11812319,11812319,11974898
11812689,11812689,11974898
11812853,11812853,11974898
11812894,11812894,11974898
11813332,11813332,11974898
11813389,11813389,11974898
11813441,11813441,11974898
11813668,11813668,11974898
11813726,11813726,11974898
11813764,11813764,11974898
11813910,11813910,11974898
11814448,11814448,11974898
11814581,11814581,11974898
11815531,11815531,11974898
11815729,11815729,11974898
11816001,11816001,11974898
11816030,11816030,11974898
11816064,11816064,11974898
11816191,11816191,11974898
11816896,11816896,11974898
11816977,11816977,11974898
11817311,11817311,11974898
11817528,11817528,11974898
11818165,11818165,11974898
11818387,11818387,11974898
11818683,11818683,11974898
11819102,11819102,11974898
11819156,11819156,11974898
11819526,11819526,11974898
11819885,11819885,11974898
11820523,11820523,11974898
11820656,11820656,11974898
11820926,11820926,11974898
11821199,11821199,11974898
11821416,11821416,11974898
11821876,11821876,11974898
11822506,11822506,11974898
11822949,11822949,11974898
11823102,11823102,11974898
11823507,11823507,11974898
11824268,11824268,11974898
11824379,11824379,11974898
11825816,11825816,11974898
11825883,11825883,11974898
11825985,11825985,11974898
11826352,11826352,11974898
11826509,11826509,11974898
11826850,11826850,11974898
11826956,11826956,11974898
11827116,11827116,11974898
11827194,11827194,11974898
11827693,11827693,11974898
11827727,11827727,11974898
11827734,11827734,11974898
11827917,11827917,11974898
11828262,11828262,11974898
11828434,11828434,11974898
11828684,11828684,11974898
11829088,11829088,11974898
11829510,11829510,11974898
11829582,11829582,11974898
11829653,11829653,11974898
11829727,11829727,11974898
11829818,11829818,11974898
11830031,11830031,11974898
11830174,11830174,11974898
11831301,11831301,11974898
11831325,11831325,11974898
11831797,11831797,11974898
11832119,11832119,11974898
11832185,11832185,11974898
11833753,11833753,11974898
11833843,11833843,11974898
11834233,11834233,11974898
11834252,11834252,11974898
11834369,11834369,11974898
11834848,11834848,11974898
11835480,11835480,11974898
11835718,11835718,11974898
11835740,11835740,11974898
11835902,11835902,11974898
11836343,11836343,11974898
11836878,11836878,11974898
11837226,11837226,11974898
11837552,11837552,11974898
11837610,11837610,11974898
11837660,11837660,11974898
11837831,11837831,11974898
11837848,11837848,11974898
11837855,11837855,11974898
11837985,11837985,11974898
11838746,11838746,11974898
11839149,11839149,11974898
11839288,11839288,11974898
11839405,11839405,11974898
11839732,11839732,11974898
11840113,11840113,11974898
11840289,11840289,11974898
11840303,11840303,11974898
11840361,11840361,11974898
11840565,11840565,11974898
11841227,11841227,11974898
11841558,11841558,11974898
11841742,11841742,11974898
11842116,11842116,11974898
11842913,11842913,11974898
11843020,11843020,11974898
11843983,11843983,11974898
11844180,11844180,11974898
11844300,11844300,11974898
11844555,11844555,11974898
11844790,11844790,11974898
11844943,11844943,11974898
11845353,11845353,11974898
11845419,11845419,11974898
11845602,11845602,11974898
11845605,11845605,11974898
11846080,11846080,11974898
11846169,11846169,11974898
11846304,11846304,11974898
11846419,11846419,11974898
11847037,11847037,11974898
11847177,11847177,11974898
11847270,11847270,11974898
11847409,11847409,11974898
11847922,11847922,11974898
11848437,11848437,11974898
11848668,11848668,11974898
11848835,11848835,11974898
11849074,11849074,11974898
11849647,11849647,11974898
11849840,11849840,11974898
11850907,11850907,11974898
11851281,11851281,11974898
11852312,11852312,11974898
11852809,11852809,11974898
11852836,11852836,11974898
11853279,11853279,11974898
11853402,11853402,11974898
11853591,11853591,11974898
11854826,11854826,11974898
11855020,11855020,11974898
11855327,11855327,11974898
11856110,11856110,11974898
11856116,11856116,11974898
11856127,11856127,11974898
11856302,11856302,11974898
11856662,11856662,11974898
11856800,11856800,11974898
11856912,11856912,11974898
11856973,11856973,11974898
11857045,11857045,11974898
11857138,11857138,11974898
11857302,11857302,11974898
11857977,11857977,11974898
11858054,11858054,11974898
11858572,11858572,11974898
11858954,11858954,11974898
11859188,11859188,11974898
11859576,11859576,11974898
11859584,11859584,11974898
11859871,11859871,11974898
11860410,11860410,11974898
11860454,11860454,11974898
11860720,11860720,11974898
11860814,11860814,11974898
11861130,11861130,11974898
11861321,11861321,11974898
11861341,11861341,11974898
11861376,11861376,11974898
11861748,11861748,11974898
11861785,11861785,11974898
11861872,11861872,11974898
11862019,11862019,11974898
11862099,11862099,11974898
11862109,11862109,11974898
11862193,11862193,11974898
11862240,11862240,11974898
11862262,11862262,11974898
11862287,11862287,11974898
11862361,11862361,11974898
11862715,11862715,11974898
11863229,11863229,11974898
11863639,11863639,11974898
11863832,11863832,11974898
11863930,11863930,11974898
11863951,11863951,11974898
11863974,11863974,11974898
11864103,11864103,11974898
11864140,11864140,11974898
11864186,11864186,11974898
11864234,11864234,11974898
11864659,11864659,11974898
11865090,11865090,11974898
11865105,11865105,11974898
11865450,11865450,11974898
11865791,11865791,11974898
11865802,11865802,11974898
11865869,11865869,11974898
11866120,11866120,11974898
11866319,11866319,11974898
11866352,11866352,11974898
11866440,11866440,11974898
11866631,11866631,11974898
11866707,11866707,11974898
11867073,11867073,11974898
11867110,11867110,11974898
11867229,11867229,11974898
11867377,11867377,11974898
11867544,11867544,11974898
11867660,11867660,11974898
11868135,11868135,11974898
11868567,11868567,11974898
11869139,11869139,11974898
11869167,11869167,11974898
11869471,11869471,11974898
11869499,11869499,11974898
11869841,11869841,11974898
11870017,11870017,11974898
11870249,11870249,11974898
11870447,11870447,11974898
11871042,11871042,11974898
11871115,11871115,11974898
11872115,11872115,11974898
11872316,11872316,11974898
11872550,11872550,11974898
11872703,11872703,11974898
11872714,11872714,11974898
11872748,11872748,11974898
11873311,11873311,11974898
11873338,11873338,11974898
11873383,11873383,11974898
11873665,11873665,11974898
11873899,11873899,11974898
11874185,11874185,11974898
11874723,11874723,11974898
11874840,11874840,11974898
11875232,11875232,11974898
11875469,11875469,11974898
11875542,11875542,11974898
11875568,11875568,11974898
11875640,11875640,11974898
11875786,11875786,11974898
11876619,11876619,11974898
11877271,11877271,11974898
11877343,11877343,11974898
11877493,11877493,11974898
11877563,11877563,11974898
11877608,11877608,11974898
11878116,11878116,11974898
11878117,11878117,11974898
11878591,11878591,11974898
11878649,11878649,11974898
11878694,11878694,11974898
11878783,11878783,11974898
11879138,11879138,11974898
11879348,11879348,11974898
11879403,11879403,11974898
11879680,11879680,11974898
11880004,11880004,11974898
11880406,11880406,11974898
11880644,11880644,11974898
11880684,11880684,11974898
11880839,11880839,11974898
11881068,11881068,11974898
11881306,11881306,11974898
11881519,11881519,11974898
11881570,11881570,11974898
11881680,11881680,11974898
11881919,11881919,11974898
11882287,11882287,11974898
11882307,11882307,11974898
11882786,11882786,11974898
11882799,11882799,11974898
11883076,11883076,11974898
11883117,11883117,11974898
11883193,11883193,11974898
11883548,11883548,11974898
11884015,11884015,11974898
11884353,11884353,11974898
11884765,11884765,11974898
11885299,11885299,11974898
11885514,11885514,11974898
11885938,11885938,11974898
11885942,11885942,11974898
11886102,11886102,11974898
11886180,11886180,11974898
11886378,11886378,11974898
11887195,11887195,11974898
11887252,11887252,11974898
11887265,11887265,11974898
11887360,11887360,11974898
11887418,11887418,11974898
11887717,11887717,11974898
11887850,11887850,11974898
11887912,11887912,11974898
11888051,11888051,11974898
11888088,11888088,11974898
11888147,11888147,11974898
11888158,11888158,11974898
11888504,11888504,11974898
11888523,11888523,11974898
11888813,11888813,11974898
11889206,11889206,11974898
11889370,11889370,11974898
11889439,11889439,11974898
11889457,11889457,11974898
11890353,11890353,11974898
11890513,11890513,11974898
11891152,11891152,11974898
11891269,11891269,11974898
11891341,11891341,11974898
11891625,11891625,11974898
11891652,11891652,11974898
11891921,11891921,11974898
11891934,11891934,11974898
11891968,11891968,11974898
11892413,11892413,11974898
11893571,11893571,11974898
11893678,11893678,11974898
11894189,11894189,11974898
11894287,11894287,11974898
11894498,11894498,11974898
11895100,11895100,11974898
11895431,11895431,11974898
11895691,11895691,11974898
11895763,11895763,11974898
11895794,11895794,11974898
11896185,11896185,11974898
11896296,11896296,11974898
11896424,11896424,11974898
11896895,11896895,11974898
11897188,11897188,11974898
11897210,11897210,11974898
11897337,11897337,11974898
11897698,11897698,11974898
11897919,11897919,11974898
11898103,11898103,11974898
11898137,11898137,11974898
11898558,11898558,11974898
11898995,11898995,11974898
11899199,11899199,11974898
11899513,11899513,11974898
11899532,11899532,11974898
11899684,11899684,11974898
11899734,11899734,11974898
11899922,11899922,11974898
11900558,11900558,11974898
11900794,11900794,11974898
11901538,11901538,11974898
11901821,11901821,11974898
11902083,11902083,11974898
11902265,11902265,11974898
11902639,11902639,11974898
11902887,11902887,11974898
11902904,11902904,11974898
11902936,11902936,11974898
11903054,11903054,11974898
11903090,11903090,11974898
11903140,11903140,11974898
11903737,11903737,11974898
11903753,11903753,11974898
11903877,11903877,11974898
11904129,11904129,11974898
11904430,11904430,11974898
11904510,11904510,11974898
11904896,11904896,11974898
11904962,11904962,11974898
11905074,11905074,11974898
11905647,11905647,11974898
11906630,11906630,11974898
11906690,11906690,11974898
11906796,11906796,11974898
11906862,11906862,11974898
11907050,11907050,11974898
11907080,11907080,11974898
11907382,11907382,11974898
11907418,11907418,11974898
11907469,11907469,11974898
11907723,11907723,11974898
11908335,11908335,11974898
11908351,11908351,11974898
11908385,11908385,11974898
11908676,11908676,11974898
11910757,11910757,11974898
11911295,11911295,11974898
11911314,11911314,11974898
11911344,11911344,11974898
11911470,11911470,11974898
11911663,11911663,11974898
11911861,11911861,11974898
11911924,11911924,11974898
11912214,11912214,11974898
11912271,11912271,11974898
11912524,11912524,11974898
11912526,11912526,11974898
11912651,11912651,11974898
11913231,11913231,11974898
11913238,11913238,11974898
11913480,11913480,11974898
11913497,11913497,11974898
11913629,11913629,11974898
11914222,11914222,11974898
11914246,11914246,11974898
11914291,11914291,11974898
11914730,11914730,11974898
11915204,11915204,11974898
11915543,11915543,11974898
11915718,11915718,11974898
11916199,11916199,11974898
11916396,11916396,11974898
11916447,11916447,11974898
11916467,11916467,11974898
11916655,11916655,11974898
11916690,11916690,11974898
11917296,11917296,11974898
11917431,11917431,11974898
11917611,11917611,11974898
11917825,11917825,11974898
11917889,11917889,11974898
11917922,11917922,11974898
11918096,11918096,11974898
11918550,11918550,11974898
11919095,11919095,11974898
11919109,11919109,11974898
11919720,11919720,11974898
11919860,11919860,11974898
11919943,11919943,11974898
11920325,11920325,11974898
11920732,11920732,11974898
11920876,11920876,11974898
11921236,11921236,11974898
11921556,11921556,11974898
11921580,11921580,11974898
11921982,11921982,11974898
11922060,11922060,11974898
11922330,11922330,11974898
11922637,11922637,11974898
11922665,11922665,11974898
11922751,11922751,11974898
11922837,11922837,11974898
11922882,11922882,11974898
11922954,11922954,11974898
11923105,11923105,11974898
11924190,11924190,11974898
11924521,11924521,11974898
11925374,11925374,11974898
11925530,11925530,11974898
11925666,11925666,11974898
11926111,11926111,11974898
11926685,11926685,11974898
11926722,11926722,11974898
11927231,11927231,11974898
11927265,11927265,11974898
11927322,11927322,11974898
11927524,11927524,11974898
11927641,11927641,11974898
11928304,11928304,11974898
11928592,11928592,11974898
11928688,11928688,11974898
11928731,11928731,11974898
11928833,11928833,11974898
11929029,11929029,11974898
11929269,11929269,11974898
11929724,11929724,11974898
11930851,11930851,11974898
11931081,11931081,11974898
11931163,11931163,11974898
11931504,11931504,11974898
11931741,11931741,11974898
11931934,11931934,11974898
11932184,11932184,11974898
11932428,11932428,11974898
11932781,11932781,11974898
11932833,11932833,11974898
11932855,11932855,11974898
11932905,11932905,11974898
11933112,11933112,11974898
11933134,11933134,11974898
11933366,11933366,11974898
11933470,11933470,11974898
11933739,11933739,11974898
11933836,11933836,11974898
11934396,11934396,11974898
11934608,11934608,11974898
11935384,11935384,11974898
11935465,11935465,11974898
11935593,11935593,11974898
11935686,11935686,11974898
11935987,11935987,11974898
11936108,11936108,11974898
11936403,11936403,11974898
11937045,11937045,11974898
11937471,11937471,11974898
11937646,11937646,11974898
11938656,11938656,11974898
11938805,11938805,11974898
11938880,11938880,11974898
11939052,11939052,11974898
11939065,11939065,11974898
11939146,11939146,11974898
11939194,11939194,11974898
11939206,11939206,11974898
11939912,11939912,11974898
11940624,11940624,11974898
11940821,11940821,11974898
11941232,11941232,11974898
11941441,11941441,11974898
11942121,11942121,11974898
11942506,11942506,11974898
11942741,11942741,11974898
11943021,11943021,11974898
11943294,11943294,11974898
11943306,11943306,11974898
11944090,11944090,11974898
11944554,11944554,11974898
11944743,11944743,11974898
11945520,11945520,11974898
11945540,11945540,11974898
11946339,11946339,11974898
11946516,11946516,11974898
11946643,11946643,11974898
11946832,11946832,11974898
11947324,11947324,11974898
11948082,11948082,11974898
11948194,11948194,11974898
11948446,11948446,11974898
11948733,11948733,11974898
11949026,11949026,11974898
11949050,11949050,11974898
11949097,11949097,11974898
11950447,11950447,11974898
11950574,11950574,11974898
11950629,11950629,11974898
11950974,11950974,11974898
11951074,11951074,11974898
11951705,11951705,11974898
11951783,11951783,11974898
11951882,11951882,11974898
11952080,11952080,11974898
11952155,11952155,11974898
11952171,11952171,11974898
11952217,11952217,11974898
11952291,11952291,11974898
11952376,11952376,11974898
11952731,11952731,11974898
11953050,11953050,11974898
11953271,11953271,11974898
11953321,11953321,11974898
11953842,11953842,11974898
11954208,11954208,11974898
11954509,11954509,11974898
11954909,11954909,11974898
11954918,11954918,11974898
11955046,11955046,11974898
11955307,11955307,11974898
11955938,11955938,11974898
11956106,11956106,11974898
11956324,11956324,11974898
11956411,11956411,11974898
11956756,11956756,11974898
11956842,11956842,11974898
11957107,11957107,11974898
11957237,11957237,11974898
11957256,11957256,11974898
11957385,11957385,11974898
11957448,11957448,11974898
11957770,11957770,11974898
11958342,11958342,11974898
11958464,11958464,11974898
11958626,11958626,11974898
11958915,11958915,11974898
11959150,11959150,11974898
11959765,11959765,11974898
11959789,11959789,11974898
11960006,11960006,11974898
11960155,11960155,11974898
11960229,11960229,11974898
11960389,11960389,11974898
11960641,11960641,11974898
11960711,11960711,11974898
11960846,11960846,11974898
11961063,11961063,11974898
11961108,11961108,11974898
11961110,11961110,11974898
11961111,11961111,11974898
11961167,11961167,11974898
11961360,11961360,11974898
11961405,11961405,11974898
11961559,11961559,11974898
11961653,11961653,11974898
11962526,11962526,11974898
11962583,11962583,11974898
11962646,11962646,11974898
11962988,11962988,11974898
11963656,11963656,11974898
11963714,11963714,11974898
11964175,11964175,11974898
11964294,11964294,11974898
11964394,11964394,11974898
11964645,11964645,11974898
11964863,11964863,11974898
11964985,11964985,11974898
11965008,11965008,11974898
11965096,11965096,11974898
11965548,11965548,11974898
11965996,11965996,11974898
11966146,11966146,11974898
11966305,11966305,11974898
11966653,11966653,11974898
11966916,11966916,11974898
11967423,11967423,11974898
11967442,11967442,11974898
11967893,11967893,11974898
11968188,11968188,11974898
11968247,11968247,11974898
11968349,11968349,11974898
11968466,11968466,11974898
11968479,11968479,11974898
11968513,11968513,11974898
11968601,11968601,11974898
11968655,11968655,11974898
11968718,11968718,11974898
11968737,11968737,11974898
11969531,11969531,11974898
11969636,11969636,11974898
11969778,11969778,11974898
11970315,11970315,11974898
11970818,11970818,11974898
11971026,11971026,11974898
11971314,11971314,11974898
11972505,11972505,11974898
11972588,11972588,11974898
11972844,11972844,11974898
11972905,11972905,11974898
11972950,11972950,11974898
11973664,11973664,11974898
11974587,11974587,11974898
11974624,11974624,11974898
11974823,11974823,11974898
11974871,11974871,11974898
11975113,11975113,12499932
11975226,11975226,12499932
11975316,11975316,12499932
11975586,11975586,12499932
11975782,11975782,12499932
11976441,11976441,12499932
11976613,11976613,12499932
11976944,11976944,12499932
11977084,11977084,12499932
11977119,11977119,12499932
11977319,11977319,12499932
11977494,11977494,12499932
11977528,11977528,12499932
11977541,11977541,12499932
11978236,11978236,12499932
11978412,11978412,12499932
11978689,11978689,12499932
11979011,11979011,12499932
11979647,11979647,12499932
11979721,11979721,12499932
11980610,11980610,12499932
11980863,11980863,12499932
11981012,11981012,12499932
11981186,11981186,12499932
11981913,11981913,12499932
11981932,11981932,12499932
11982450,11982450,12499932
11982487,11982487,12499932
11982515,11982515,12499932
11982650,11982650,12499932
11982901,11982901,12499932
11983133,11983133,12499932
11983574,11983574,12499932
11983579,11983579,12499932
11983852,11983852,12499932
11984065,11984065,12499932
11984259,11984259,12499932
11984970,11984970,12499932
11985332,11985332,12499932
11985451,11985451,12499932
11985717,11985717,12499932
11985853,11985853,12499932
11986074,11986074,12499932
11986130,11986130,12499932
11986369,11986369,12499932
11986785,11986785,12499932
11986868,11986868,12499932
11986954,11986954,12499932
11986990,11986990,12499932
11987118,11987118,12499932
11987741,11987741,12499932
11987790,11987790,12499932
11987794,11987794,12499932
11988186,11988186,12499932
11988229,11988229,12499932
11988442,11988442,12499932
11988511,11988511,12499932
11988886,11988886,12499932
11989354,11989354,12499932
11989534,11989534,12499932
11989813,11989813,12499932
11989938,11989938,12499932
11990016,11990016,12499932
11990098,11990098,12499932
11990343,11990343,12499932
11991112,11991112,12499932
11991211,11991211,12499932
11991231,11991231,12499932
11991244,11991244,12499932
11991302,11991302,12499932
11991728,11991728,12499932
11991735,11991735,12499932
11991935,11991935,12499932
11992329,11992329,12499932
11992673,11992673,12499932
11993616,11993616,12499932
11993886,11993886,12499932
11994673,11994673,12499932
11995012,11995012,12499932
11995126,11995126,12499932
11995278,11995278,12499932
11995624,11995624,12499932
11995894,11995894,12499932
11996416,11996416,12499932
11996565,11996565,12499932
11996633,11996633,12499932
11996756,11996756,12499932
11997107,11997107,12499932
11997117,11997117,12499932
11997188,11997188,12499932
11997284,11997284,12499932
11997663,11997663,12499932
11997797,11997797,12499932
11997948,11997948,12499932
11998017,11998017,12499932
11998030,11998030,12499932
11998146,11998146,12499932
11998449,11998449,12499932
11998987,11998987,12499932
11999498,11999498,12499932
11999876,11999876,12499932
11999937,11999937,12499932
12000165,12000165,12499932
12000308,12000308,12499932
12002166,12002166,12499932
12003572,12003572,12499932
12003884,12003884,12499932
12004274,12004274,12499932
12004361,12004361,12499932
12004538,12004538,12499932
12004745,12004745,12499932
12004773,12004773,12499932
12005356,12005356,12499932
12005397,12005397,12499932
12005415,12005415,12499932
12005415,12005415,12499932
12005675,12005675,12499932
12005979,12005979,12499932
12006084,12006084,12499932
12006091,12006091,12499932
12006235,12006235,12499932
12006331,12006331,12499932
12006663,12006663,12499932
12006737,12006737,12499932
12006884,12006884,12499932
12007995,12007995,12499932
12008034,12008034,12499932
12008230,12008230,12499932
12008426,12008426,12499932
12008440,12008440,12499932
12008796,12008796,12499932
12008971,12008971,12499932
12009637,12009637,12499932
12009821,12009821,12499932
12010076,12010076,12499932
12010386,12010386,12499932
12010773,12010773,12499932
12011009,12011009,12499932
12011231,12011231,12499932
12011357,12011357,12499932
12011651,12011651,12499932
12011675,12011675,12499932
12011729,12011729,12499932
12011849,12011849,12499932
12012135,12012135,12499932
12012527,12012527,12499932
12012798,12012798,12499932
12012937,12012937,12499932
12013315,12013315,12499932
12013422,12013422,12499932
12013848,12013848,12499932
12013867,12013867,12499932
12014189,12014189,12499932
12015481,12015481,12499932
12016308,12016308,12499932
12016426,12016426,12499932
12016686,12016686,12499932
12017056,12017056,12499932
12017075,12017075,12499932
12017270,12017270,12499932
12017856,12017856,12499932
12017958,12017958,12499932
12018143,12018143,12499932
12018673,12018673,12499932
12018687,12018687,12499932
12018979,12018979,12499932
12019559,12019559,12499932
12019759,12019759,12499932
12020175,12020175,12499932
12020249,12020249,12499932
12020398,12020398,12499932
12020504,12020504,12499932
12020601,12020601,12499932
12020919,12020919,12499932
12021062,12021062,12499932
12021411,12021411,12499932
12021423,12021423,12499932
12022326,12022326,12499932
12022419,12022419,12499932
12022571,12022571,12499932
12022710,12022710,12499932
12022720,12022720,12499932
12023226,12023226,12499932
12023267,12023267,12499932
12023332,12023332,12499932
12023359,12023359,12499932
12024258,12024258,12499932
12024616,12024616,12499932
12024638,12024638,12499932
12024811,12024811,12499932
12025214,12025214,12499932
12025391,12025391,12499932
12026580,12026580,12499932
12026820,12026820,12499932
12026949,12026949,12499932
12027077,12027077,12499932
12027157,12027157,12499932
12027396,12027396,12499932
12027443,12027443,12499932
12027707,12027707,12499932
12027964,12027964,12499932
12028048,12028048,12499932
12028077,12028077,12499932
12028176,12028176,12499932
12028811,12028811,12499932
12028905,12028905,12499932
12029042,12029042,12499932
12029356,12029356,12499932
12029457,12029457,12499932
12029638,12029638,12499932
12029757,12029757,12499932
12029902,12029902,12499932
12030004,12030004,12499932
12030027,12030027,12499932
12030122,12030122,12499932
12030273,12030273,12499932
12030434,12030434,12499932
12030976,12030976,12499932
12031021,12031021,12499932
12031276,12031276,12499932
12031388,12031388,12499932
12031394,12031394,12499932
12031425,12031425,12499932
12031530,12031530,12499932
12031617,12031617,12499932
12031716,12031716,12499932
12031812,12031812,12499932
12031920,12031920,12499932
12032110,12032110,12499932
12032307,12032307,12499932
12032504,12032504,12499932
12032633,12032633,12499932
12032714,12032714,12499932
12032852,12032852,12499932
12032967,12032967,12499932
12033018,12033018,12499932
12033061,12033061,12499932
12033152,12033152,12499932
12033171,12033171,12499932
12033176,12033176,12499932
12033257,12033257,12499932
12033263,12033263,12499932
12033417,12033417,12499932
12033828,12033828,12499932
12033993,12033993,12499932
12034896,12034896,12499932
12034916,12034916,12499932
12035113,12035113,12499932
12035999,12035999,12499932
12036547,12036547,12499932
12036627,12036627,12499932
12037107,12037107,12499932
12037213,12037213,12499932
12037405,12037405,12499932
12037516,12037516,12499932
12037537,12037537,12499932
12038120,12038120,12499932
12038143,12038143,12499932
12038762,12038762,12499932
12039338,12039338,12499932
12039473,12039473,12499932
12039757,12039757,12499932
12039859,12039859,12499932
12040027,12040027,12499932
12040234,12040234,12499932
12040870,12040870,12499932
12041258,12041258,12499932
12041845,12041845,12499932
12041854,12041854,12499932
12041923,12041923,12499932
12041987,12041987,12499932
12042094,12042094,12499932
12043039,12043039,12499932
12043322,12043322,12499932
12043431,12043431,12499932
12043436,12043436,12499932
12044125,12044125,12499932
12044239,12044239,12499932
12044467,12044467,12499932
12044764,12044764,12499932
12044824,12044824,12499932
12045073,12045073,12499932
12045487,12045487,12499932
12045581,12045581,12499932
12045834,12045834,12499932
12045940,12045940,12499932
12046092,12046092,12499932
12046093,12046093,12499932
12046902,12046902,12499932
12047143,12047143,12499932
12047876,12047876,12499932
12048024,12048024,12499932
12048123,12048123,12499932
12048546,12048546,12499932
12048576,12048576,12499932
12048625,12048625,12499932
12049041,12049041,12499932
12049071,12049071,12499932
12049113,12049113,12499932
12049603,12049603,12499932
12049672,12049672,12499932
12049861,12049861,12499932
12049879,12049879,12499932
12050012,12050012,12499932
12050570,12050570,12499932
12050996,12050996,12499932
12051003,12051003,12499932
12051088,12051088,12499932
12051519,12051519,12499932
12052016,12052016,12499932
12052383,12052383,12499932
12052698,12052698,12499932
12052990,12052990,12499932
12053221,12053221,12499932
12053298,12053298,12499932
12053663,12053663,12499932
12053740,12053740,12499932
12053797,12053797,12499932
12053953,12053953,12499932
12054513,12054513,12499932
12054687,12054687,12499932
12054731,12054731,12499932
12055101,12055101,12499932
12055478,12055478,12499932
12055499,12055499,12499932
12055890,12055890,12499932
12056139,12056139,12499932
12056271,12056271,12499932
12056931,12056931,12499932
12057421,12057421,12499932
12057461,12057461,12499932
12058473,12058473,12499932
12058894,12058894,12499932
12059014,12059014,12499932
12059230,12059230,12499932
12059579,12059579,12499932
12059735,12059735,12499932
12060053,12060053,12499932
12060244,12060244,12499932
12061003,12061003,12499932
12061070,12061070,12499932
12061359,12061359,12499932
12062263,12062263,12499932
12062556,12062556,12499932
12062848,12062848,12499932
12062965,12062965,12499932
12064016,12064016,12499932
12064123,12064123,12499932
12064653,12064653,12499932
12064931,12064931,12499932
12064988,12064988,12499932
12065086,12065086,12499932
12065313,12065313,12499932
12065343,12065343,12499932
12065392,12065392,12499932
12066335,12066335,12499932
12066366,12066366,12499932
12066638,12066638,12499932
12066644,12066644,12499932
12066915,12066915,12499932
12067044,12067044,12499932
12067295,12067295,12499932
12068143,12068143,12499932
12068256,12068256,12499932
12068279,12068279,12499932
12068308,12068308,12499932
12069677,12069677,12499932
12069971,12069971,12499932
12070037,12070037,12499932
12070347,12070347,12499932
12071077,12071077,12499932
12071103,12071103,12499932
12071994,12071994,12499932
12072389,12072389,12499932
12072452,12072452,12499932
12072500,12072500,12499932
12072834,12072834,12499932
12074007,12074007,12499932
12074027,12074027,12499932
12074145,12074145,12499932
12074317,12074317,12499932
12074611,12074611,12499932
12075326,12075326,12499932
12075416,12075416,12499932
12075490,12075490,12499932
12075724,12075724,12499932
12076358,12076358,12499932
12076638,12076638,12499932
12076757,12076757,12499932
12077163,12077163,12499932
12077253,12077253,12499932
12077258,12077258,12499932
12077299,12077299,12499932
12077304,12077304,12499932
12077325,12077325,12499932
12077409,12077409,12499932
12077623,12077623,12499932
12078171,12078171,12499932
12078326,12078326,12499932
12078929,12078929,12499932
12079288,12079288,12499932
12079561,12079561,12499932
12080641,12080641,12499932
12081249,12081249,12499932
12081368,12081368,12499932
12081770,12081770,12499932
12081999,12081999,12499932
12082209,12082209,12499932
12082242,12082242,12499932
12082304,12082304,12499932
12082917,12082917,12499932
12083058,12083058,12499932
12083068,12083068,12499932
12083132,12083132,12499932
12083238,12083238,12499932
12083294,12083294,12499932
12083717,12083717,12499932
12083759,12083759,12499932
12083855,12083855,12499932
12084465,12084465,12499932
12084600,12084600,12499932
12084887,12084887,12499932
12085151,12085151,12499932
12085294,12085294,12499932
12085482,12085482,12499932
12085867,12085867,12499932
12085924,12085924,12499932
12085995,12085995,12499932
12086147,12086147,12499932
12086183,12086183,12499932
12086280,12086280,12499932
12086699,12086699,12499932
12086703,12086703,12499932
12086852,12086852,12499932
12086971,12086971,12499932
12087355,12087355,12499932
12087630,12087630,12499932
12088074,12088074,12499932
12088748,12088748,12499932
12089197,12089197,12499932
12089284,12089284,12499932
12089464,12089464,12499932
12089708,12089708,12499932
12089767,12089767,12499932
12089867,12089867,12499932
12090297,12090297,12499932
12090418,12090418,12499932
12090488,12090488,12499932
12091023,12091023,12499932
12091034,12091034,12499932
12091084,12091084,12499932
12091129,12091129,12499932
12091248,12091248,12499932
12091257,12091257,12499932
12091681,12091681,12499932
12091853,12091853,12499932
12092196,12092196,12499932
12092209,12092209,12499932
12092671,12092671,12499932
12093089,12093089,12499932
12093663,12093663,12499932
12093868,12093868,12499932
12094036,12094036,12499932
12094522,12094522,12499932
12094555,12094555,12499932
12094603,12094603,12499932
12095714,12095714,12499932
12096101,12096101,12499932
12096551,12096551,12499932
12096560,12096560,12499932
12096799,12096799,12499932
12096843,12096843,12499932
12096949,12096949,12499932
12096998,12096998,12499932
12097260,12097260,12499932
12097291,12097291,12499932
12098078,12098078,12499932
12098118,12098118,12499932
12098509,12098509,12499932
12098861,12098861,12499932
12098897,12098897,12499932
12098944,12098944,12499932
12099183,12099183,12499932
12099585,12099585,12499932
12100132,12100132,12499932
12101093,12101093,12499932
12101787,12101787,12499932
12101921,12101921,12499932
12102597,12102597,12499932
12102735,12102735,12499932
12102939,12102939,12499932
12103085,12103085,12499932
12103231,12103231,12499932
12103235,12103235,12499932
12103352,12103352,12499932
12103606,12103606,12499932
12103834,12103834,12499932
12104072,12104072,12499932
12104262,12104262,12499932
12104313,12104313,12499932
12104408,12104408,12499932
12104582,12104582,12499932
12104594,12104594,12499932
12104832,12104832,12499932
12105379,12105379,12499932
12105565,12105565,12499932
12105677,12105677,12499932
12106691,12106691,12499932
12106728,12106728,12499932
12106859,12106859,12499932
12107097,12107097,12499932
12107203,12107203,12499932
12107262,12107262,12499932
12107554,12107554,12499932
12107586,12107586,12499932
12107765,12107765,12499932
12108170,12108170,12499932
12108291,12108291,12499932
12108814,12108814,12499932
12109037,12109037,12499932
12109715,12109715,12499932
12110098,12110098,12499932
12110176,12110176,12499932
12110248,12110248,12499932
12110349,12110349,12499932
12110365,12110365,12499932
12110457,12110457,12499932
12110842,12110842,12499932
12111392,12111392,12499932
12111761,12111761,12499932
12111988,12111988,12499932
12112114,12112114,12499932
12112290,12112290,12499932
12112370,12112370,12499932
12112544,12112544,12499932
12112666,12112666,12499932
12112761,12112761,12499932
12112900,12112900,12499932
12113420,12113420,12499932
12114098,12114098,12499932
12114823,12114823,12499932
12115535,12115535,12499932
12115863,12115863,12499932
12115869,12115869,12499932
12116297,12116297,12499932
12116355,12116355,12499932
12117147,12117147,12499932
12117551,12117551,12499932
12117657,12117657,12499932
12117735,12117735,12499932
12117744,12117744,12499932
12117999,12117999,12499932
12118045,12118045,12499932
12118544,12118544,12499932
12118870,12118870,12499932
12119504,12119504,12499932
12119524,12119524,12499932
12120266,12120266,12499932
12120579,12120579,12499932
12120585,12120585,12499932
12120698,12120698,12499932
12120829,12120829,12499932
12120901,12120901,12499932
12121161,12121161,12499932
12121359,12121359,12499932
12121737,12121737,12499932
12121971,12121971,12499932
12122611,12122611,12499932
12122690,12122690,12499932
12123116,12123116,12499932
12123228,12123228,12499932
12123293,12123293,12499932
12123343,12123343,12499932
12123506,12123506,12499932
12123791,12123791,12499932
12123991,12123991,12499932
12123997,12123997,12499932
12124059,12124059,12499932
12124089,12124089,12499932
12124379,12124379,12499932
12124413,12124413,12499932
12124523,12124523,12499932
12125340,12125340,12499932
12126285,12126285,12499932
12126612,12126612,12499932
12126620,12126620,12499932
12127409,12127409,12499932
12127526,12127526,12499932
12127715,12127715,12499932
12127731,12127731,12499932
12127806,12127806,12499932
12127828,12127828,12499932
12128335,12128335,12499932
12129027,12129027,12499932
12129069,12129069,12499932
12129294,12129294,12499932
12129422,12129422,12499932
12130264,12130264,12499932
12130628,12130628,12499932
12130645,12130645,12499932
12130788,12130788,12499932
12130922,12130922,12499932
12130993,12130993,12499932
12131104,12131104,12499932
12131649,12131649,12499932
12131871,12131871,12499932
12132032,12132032,12499932
12132406,12132406,12499932
12132423,12132423,12499932
12132573,12132573,12499932
12132614,12132614,12499932
12133051,12133051,12499932
12133262,12133262,12499932
12133381,12133381,12499932
12133482,12133482,12499932
12134062,12134062,12499932
12134195,12134195,12499932
12134217,12134217,12499932
12134238,12134238,12499932
12134310,12134310,12499932
12134634,12134634,12499932
12134669,12134669,12499932
12134685,12134685,12499932
12134877,12134877,12499932
12135653,12135653,12499932
12136035,12136035,12499932
12136352,12136352,12499932
12136487,12136487,12499932
12137027,12137027,12499932
12137120,12137120,12499932
12137249,12137249,12499932
12137363,12137363,12499932
12137812,12137812,12499932
12137868,12137868,12499932
12138228,12138228,12499932
12138565,12138565,12499932
12138728,12138728,12499932
12138904,12138904,12499932
12138990,12138990,12499932
12139004,12139004,12499932
12139096,12139096,12499932
12139177,12139177,12499932
12139900,12139900,12499932
12139990,12139990,12499932
12140244,12140244,12499932
12140582,12140582,12499932
12141297,12141297,12499932
12142134,12142134,12499932
12142504,12142504,12499932
12143648,12143648,12499932
12144266,12144266,12499932
12144276,12144276,12499932
12144413,12144413,12499932
12144662,12144662,12499932
12144785,12144785,12499932
12144803,12144803,12499932
12145044,12145044,12499932
12145090,12145090,12499932
12145731,12145731,12499932
12145826,12145826,12499932
12146099,12146099,12499932
12146281,12146281,12499932
12146723,12146723,12499932
12146935,12146935,12499932
12147088,12147088,12499932
12147186,12147186,12499932
12147330,12147330,12499932
12148234,12148234,12499932
12148534,12148534,12499932
12148628,12148628,12499932
12148827,12148827,12499932
12149028,12149028,12499932
12149140,12149140,12499932
12149330,12149330,12499932
12149780,12149780,12499932
12149993,12149993,12499932
12150407,12150407,12499932
12150568,12150568,12499932
12150715,12150715,12499932
12150925,12150925,12499932
12151076,12151076,12499932
12151627,12151627,12499932
12151703,12151703,12499932
12151802,12151802,12499932
12151885,12151885,12499932
12151950,12151950,12499932
12152093,12152093,12499932
12152676,12152676,12499932
12152734,12152734,12499932
12152974,12152974,12499932
12153027,12153027,12499932
12153199,12153199,12499932
12153217,12153217,12499932
12153424,12153424,12499932
12153438,12153438,12499932
12153475,12153475,12499932
12153974,12153974,12499932
12154324,12154324,12499932
12154510,12154510,12499932
12154694,12154694,12499932
12154716,12154716,12499932
12154905,12154905,12499932
12155083,12155083,12499932
12155324,12155324,12499932
12155367,12155367,12499932
12155420,12155420,12499932
12155459,12155459,12499932
12155637,12155637,12499932
12155831,12155831,12499932
12155969,12155969,12499932
12156144,12156144,12499932
12156264,12156264,12499932
12156518,12156518,12499932
12156542,12156542,12499932
12156566,12156566,12499932
12156737,12156737,12499932
12156793,12156793,12499932
12156883,12156883,12499932
12156983,12156983,12499932
12157132,12157132,12499932
12157431,12157431,12499932
12158626,12158626,12499932
12159137,12159137,12499932
12159794,12159794,12499932
12160106,12160106,12499932
12160290,12160290,12499932
12160849,12160849,12499932
12161084,12161084,12499932
12161276,12161276,12499932
12161294,12161294,12499932
12161475,12161475,12499932
12161689,12161689,12499932
12162267,12162267,12499932
12162486,12162486,12499932
12162609,12162609,12499932
12162681,12162681,12499932
12163171,12163171,12499932
12163669,12163669,12499932
12163860,12163860,12499932
12163982,12163982,12499932
12164038,12164038,12499932
12164074,12164074,12499932
12164102,12164102,12499932
12164818,12164818,12499932
12164824,12164824,12499932
12164972,12164972,12499932
12165078,12165078,12499932
12165297,12165297,12499932
12166523,12166523,12499932
12166524,12166524,12499932
12167029,12167029,12499932
12167241,12167241,12499932
12167423,12167423,12499932
12167762,12167762,12499932
12167785,12167785,12499932
12167997,12167997,12499932
12168301,12168301,12499932
12168712,12168712,12499932
12168957,12168957,12499932
12169120,12169120,12499932
12169209,12169209,12499932
12169259,12169259,12499932
12169281,12169281,12499932
12169296,12169296,12499932
12169370,12169370,12499932
12169683,12169683,12499932
12169774,12169774,12499932
12169815,12169815,12499932
12169842,12169842,12499932
12170008,12170008,12499932
12170607,12170607,12499932
12170928,12170928,12499932
12170964,12170964,12499932
12171290,12171290,12499932
12171532,12171532,12499932
12171542,12171542,12499932
12171883,12171883,12499932
12171967,12171967,12499932
12172195,12172195,12499932
12172340,12172340,12499932
12172543,12172543,12499932
12172977,12172977,12499932
12173116,12173116,12499932
12173404,12173404,12499932
12173770,12173770,12499932
12173791,12173791,12499932
12174061,12174061,12499932
12174067,12174067,12499932
12174448,12174448,12499932
12174614,12174614,12499932
12174924,12174924,12499932
12175164,12175164,12499932
12175384,12175384,12499932
12175903,12175903,12499932
12175961,12175961,12499932
12176486,12176486,12499932
12176495,12176495,12499932
12176783,12176783,12499932
12177058,12177058,12499932
12177105,12177105,12499932
12177385,12177385,12499932
12177691,12177691,12499932
12177742,12177742,12499932
12178552,12178552,12499932
12178804,12178804,12499932
12178878,12178878,12499932
12178987,12178987,12499932
12179263,12179263,12499932
12179626,12179626,12499932
12179917,12179917,12499932
12180106,12180106,12499932
12180106,12180106,12499932
12180534,12180534,12499932
12180660,12180660,12499932
12182006,12182006,12499932
12182264,12182264,12499932
12182318,12182318,12499932
12182888,12182888,12499932
12183034,12183034,12499932
12183396,12183396,12499932
12183452,12183452,12499932
12183701,12183701,12499932
12183987,12183987,12499932
12184142,12184142,12499932
12184346,12184346,12499932
12184431,12184431,12499932
12185086,12185086,12499932
12185176,12185176,12499932
12187165,12187165,12499932
12187359,12187359,12499932
12187548,12187548,12499932
12188174,12188174,12499932
12188392,12188392,12499932
12188686,12188686,12499932
12189044,12189044,12499932
12189118,12189118,12499932
12190068,12190068,12499932
12190337,12190337,12499932
12191271,12191271,12499932
12191384,12191384,12499932
12191418,12191418,12499932
12191834,12191834,12499932
12192087,12192087,12499932
12192246,12192246,12499932
12192404,12192404,12499932
12192741,12192741,12499932
12193258,12193258,12499932
12193765,12193765,12499932
12194065,12194065,12499932
12194264,12194264,12499932
12195272,12195272,12499932
12195481,12195481,12499932
12196730,12196730,12499932
12196771,12196771,12499932
12197064,12197064,12499932
12197909,12197909,12499932
12198179,12198179,12499932
12198897,12198897,12499932
12199023,12199023,12499932
12199519,12199519,12499932
12199663,12199663,12499932
12199821,12199821,12499932
12200306,12200306,12499932
12200443,12200443,12499932
12200793,12200793,12499932
12200904,12200904,12499932
12201068,12201068,12499932
12201431,12201431,12499932
12201824,12201824,12499932
12201876,12201876,12499932
12202077,12202077,12499932
12202568,12202568,12499932
12202960,12202960,12499932
12203302,12203302,12499932
12203779,12203779,12499932
12203797,12203797,12499932
12204019,12204019,12499932
12204039,12204039,12499932
12204464,12204464,12499932
12205212,12205212,12499932
12205340,12205340,12499932
12205343,12205343,12499932
12205510,12205510,12499932
12205540,12205540,12499932
12205741,12205741,12499932
12205821,12205821,12499932
12206349,12206349,12499932
12206533,12206533,12499932
12207008,12207008,12499932
12208092,12208092,12499932
12208225,12208225,12499932
12209185,12209185,12499932
12209344,12209344,12499932
12209602,12209602,12499932
12210116,12210116,12499932
12210620,12210620,12499932
12211027,12211027,12499932
12211527,12211527,12499932
12212324,12212324,12499932
12212358,12212358,12499932
12213061,12213061,12499932
12213499,12213499,12499932
12213609,12213609,12499932
12214004,12214004,12499932
12214226,12214226,12499932
12214322,12214322,12499932
12214479,12214479,12499932
12215017,12215017,12499932
12215468,12215468,12499932
12215485,12215485,12499932
12215510,12215510,12499932
12216335,12216335,12499932
12216418,12216418,12499932
12217132,12217132,12499932
12217948,12217948,12499932
12218093,12218093,12499932
12218378,12218378,12499932
12218988,12218988,12499932
12219365,12219365,12499932
12219671,12219671,12499932
12219793,12219793,12499932
12219868,12219868,12499932
12220141,12220141,12499932
12220237,12220237,12499932
12220520,12220520,12499932
12220606,12220606,12499932
12220620,12220620,12499932
12220761,12220761,12499932
12220783,12220783,12499932
12221244,12221244,12499932
12221831,12221831,12499932
12221883,12221883,12499932
12222078,12222078,12499932
12222353,12222353,12499932
12222488,12222488,12499932
12222534,12222534,12499932
12223526,12223526,12499932
12223870,12223870,12499932
12224019,12224019,12499932
12224216,12224216,12499932
12224266,12224266,12499932
12224608,12224608,12499932
12224769,12224769,12499932
12224900,12224900,12499932
12225164,12225164,12499932
12225210,12225210,12499932
12225394,12225394,12499932
12225465,12225465,12499932
12226224,12226224,12499932
12226646,12226646,12499932
12226761,12226761,12499932
12226980,12226980,12499932
12227243,12227243,12499932
12227494,12227494,12499932
12227862,12227862,12499932
12228217,12228217,12499932
12228467,12228467,12499932
12228691,12228691,12499932
12229491,12229491,12499932
12229566,12229566,12499932
12230401,12230401,12499932
12230568,12230568,12499932
12231106,12231106,12499932
12231444,12231444,12499932
12231756,12231756,12499932
12232193,12232193,12499932
12232366,12232366,12499932
12232874,12232874,12499932
12233045,12233045,12499932
12233623,12233623,12499932
12233648,12233648,12499932
12233680,12233680,12499932
12233783,12233783,12499932
12233837,12233837,12499932
12234592,12234592,12499932
12234601,12234601,12499932
12234884,12234884,12499932
12234886,12234886,12499932
12234892,12234892,12499932
12234993,12234993,12499932
12235080,12235080,12499932
12235668,12235668,12499932
12235688,12235688,12499932
12236185,12236185,12499932
12236338,12236338,12499932
12236745,12236745,12499932
12236746,12236746,12499932
12236812,12236812,12499932
12237243,12237243,12499932
12237730,12237730,12499932
12237795,12237795,12499932
12238166,12238166,12499932
12238404,12238404,12499932
12238496,12238496,12499932
12238778,12238778,12499932
12239262,12239262,12499932
12239303,12239303,12499932
12239421,12239421,12499932
12239649,12239649,12499932
12239963,12239963,12499932
12240194,12240194,12499932
12240209,12240209,12499932
12240213,12240213,12499932
12240404,12240404,12499932
12240912,12240912,12499932
12241088,12241088,12499932
12241563,12241563,12499932
12241662,12241662,12499932
12241663,12241663,12499932
12241828,12241828,12499932
12241898,12241898,12499932
12241922,12241922,12499932
12242335,12242335,12499932
12242417,12242417,12499932
12242528,12242528,12499932
12242727,12242727,12499932
12243095,12243095,12499932
12243777,12243777,12499932
12243963,12243963,12499932
12243977,12243977,12499932
12244114,12244114,12499932
12244140,12244140,12499932
12244372,12244372,12499932
12244664,12244664,12499932
12245631,12245631,12499932
12246024,12246024,12499932
12246148,12246148,12499932
12246632,12246632,12499932
12246804,12246804,12499932
12247111,12247111,12499932
12247744,12247744,12499932
12248059,12248059,12499932
12248317,12248317,12499932
12248530,12248530,12499932
12248644,12248644,12499932
12249411,12249411,12499932
12249842,12249842,12499932
12249889,12249889,12499932
12250212,12250212,12499932
12250332,12250332,12499932
12250527,12250527,12499932
12250545,12250545,12499932
12250761,12250761,12499932
12250987,12250987,12499932
12251539,12251539,12499932
12251638,12251638,12499932
12251638,12251638,12499932
12251921,12251921,12499932
12252640,12252640,12499932
12252723,12252723,12499932
12252908,12252908,12499932
12253281,12253281,12499932
12253481,12253481,12499932
12253490,12253490,12499932
12253604,12253604,12499932
12253640,12253640,12499932
12253694,12253694,12499932
12253792,12253792,12499932
12254367,12254367,12499932
12254709,12254709,12499932
12255609,12255609,12499932
12255765,12255765,12499932
12256021,12256021,12499932
12256172,12256172,12499932
12256297,12256297,12499932
12256515,12256515,12499932
12256737,12256737,12499932
12256777,12256777,12499932
12256832,12256832,12499932
12256967,12256967,12499932
12257037,12257037,12499932
12257328,12257328,12499932
12257381,12257381,12499932
12257462,12257462,12499932
12257724,12257724,12499932
12258464,12258464,12499932
12258694,12258694,12499932
12259363,12259363,12499932
12259558,12259558,12499932
12260039,12260039,12499932
12260458,12260458,12499932
12260639,12260639,12499932
12260844,12260844,12499932
12260926,12260926,12499932
12261133,12261133,12499932
12261273,12261273,12499932
12261351,12261351,12499932
12261531,12261531,12499932
12261638,12261638,12499932
12261657,12261657,12499932
12261802,12261802,12499932
12262016,12262016,12499932
12262155,12262155,12499932
12262287,12262287,12499932
12262292,12262292,12499932
12262293,12262293,12499932
12263253,12263253,12499932
12263378,12263378,12499932
12263864,12263864,12499932
12264134,12264134,12499932
12264762,12264762,12499932
12264857,12264857,12499932
12265192,12265192,12499932
12265361,12265361,12499932
12265482,12265482,12499932
12265782,12265782,12499932
12265964,12265964,12499932
12266445,12266445,12499932
12266458,12266458,12499932
12266994,12266994,12499932
12267017,12267017,12499932
12267205,12267205,12499932
12267720,12267720,12499932
12267765,12267765,12499932
12267898,12267898,12499932
12268370,12268370,12499932
12268540,12268540,12499932
12268736,12268736,12499932
12269071,12269071,12499932
12269176,12269176,12499932
12269618,12269618,12499932
12269784,12269784,12499932
12270421,12270421,12499932
12270586,12270586,12499932
12270654,12270654,12499932
12270851,12270851,12499932
12271306,12271306,12499932
12271488,12271488,12499932
12271645,12271645,12499932
12272128,12272128,12499932
12272157,12272157,12499932
12272192,12272192,12499932
12272800,12272800,12499932
12272817,12272817,12499932
12272967,12272967,12499932
12272993,12272993,12499932
12273052,12273052,12499932
12273428,12273428,12499932
12273870,12273870,12499932
12274473,12274473,12499932
12274643,12274643,12499932
12274819,12274819,12499932
12274997,12274997,12499932
12275538,12275538,12499932
12275554,12275554,12499932
12275831,12275831,12499932
12275883,12275883,12499932
12276052,12276052,12499932
12276138,12276138,12499932
12276570,12276570,12499932
12276704,12276704,12499932
12276711,12276711,12499932
12277173,12277173,12499932
12277480,12277480,12499932
12277531,12277531,12499932
12277563,12277563,12499932
12277685,12277685,12499932
12277975,12277975,12499932
12278099,12278099,12499932
12278535,12278535,12499932
12278774,12278774,12499932
12279616,12279616,12499932
12279636,12279636,12499932
12279807,12279807,12499932
12279964,12279964,12499932
12280648,12280648,12499932
12280737,12280737,12499932
12280826,12280826,12499932
12281144,12281144,12499932
12281170,12281170,12499932
12281327,12281327,12499932
12281518,12281518,12499932
12281717,12281717,12499932
12281791,12281791,12499932
12281874,12281874,12499932
12282084,12282084,12499932
12282231,12282231,12499932
12282414,12282414,12499932
12282893,12282893,12499932
12283023,12283023,12499932
12283467,12283467,12499932
12283585,12283585,12499932
12283719,12283719,12499932
12283976,12283976,12499932
12284079,12284079,12499932
12284592,12284592,12499932
12284848,12284848,12499932
12285949,12285949,12499932
12286742,12286742,12499932
12286751,12286751,12499932
12286779,12286779,12499932
12287104,12287104,12499932
12287809,12287809,12499932
12287904,12287904,12499932
12288119,12288119,12499932
12288334,12288334,12499932
12288448,12288448,12499932
12288568,12288568,12499932
12288736,12288736,12499932
12288958,12288958,12499932
12289430,12289430,12499932
12289604,12289604,12499932
12289615,12289615,12499932
12289696,12289696,12499932
12289997,12289997,12499932
12290442,12290442,12499932
12290653,12290653,12499932
12291500,12291500,12499932
12291919,12291919,12499932
12292232,12292232,12499932
12292454,12292454,12499932
12292517,12292517,12499932
12292650,12292650,12499932
12293010,12293010,12499932
12293128,12293128,12499932
12293326,12293326,12499932
12293426,12293426,12499932
12293458,12293458,12499932
12294699,12294699,12499932
12294850,12294850,12499932
12294861,12294861,12499932
12295610,12295610,12499932
12295723,12295723,12499932
12295900,12295900,12499932
12296077,12296077,12499932
12296293,12296293,12499932
12296372,12296372,12499932
12296377,12296377,12499932
12297167,12297167,12499932
12297312,12297312,12499932
12297648,12297648,12499932
12297673,12297673,12499932
12297914,12297914,12499932
12298070,12298070,12499932
12298270,12298270,12499932
12298474,12298474,12499932
12298972,12298972,12499932
12300290,12300290,12499932
12300365,12300365,12499932
12300500,12300500,12499932
12300638,12300638,12499932
12301190,12301190,12499932
12301851,12301851,12499932
12301887,12301887,12499932
12302899,12302899,12499932
12303110,12303110,12499932
12303252,12303252,12499932
12303478,12303478,12499932
12303685,12303685,12499932
12304064,12304064,12499932
12304350,12304350,12499932
12304615,12304615,12499932
12305582,12305582,12499932
12305685,12305685,12499932
12305784,12305784,12499932
12305878,12305878,12499932
12305975,12305975,12499932
12306010,12306010,12499932
12306021,12306021,12499932
12306115,12306115,12499932
12306328,12306328,12499932
12306907,12306907,12499932
12307735,12307735,12499932
12308165,12308165,12499932
12308572,12308572,12499932
12308742,12308742,12499932
12308897,12308897,12499932
12309110,12309110,12499932
12309162,12309162,12499932
12309882,12309882,12499932
12310170,12310170,12499932
12310191,12310191,12499932
12310357,12310357,12499932
12310710,12310710,12499932
12310846,12310846,12499932
12311064,12311064,12499932
12311691,12311691,12499932
12312494,12312494,12499932
12312586,12312586,12499932
12312860,12312860,12499932
12312945,12312945,12499932
12313023,12313023,12499932
12313114,12313114,12499932
12313282,12313282,12499932
12313693,12313693,12499932
12313727,12313727,12499932
12313744,12313744,12499932
12314001,12314001,12499932
12314598,12314598,12499932
12314722,12314722,12499932
12315229,12315229,12499932
12315717,12315717,12499932
12316084,12316084,12499932
12316126,12316126,12499932
12316164,12316164,12499932
12316379,12316379,12499932
12316552,12316552,12499932
12316557,12316557,12499932
12316738,12316738,12499932
12317107,12317107,12499932
12317400,12317400,12499932
12317482,12317482,12499932
12317669,12317669,12499932
12317772,12317772,12499932
12318357,12318357,12499932
12318476,12318476,12499932
12319063,12319063,12499932
12319240,12319240,12499932
12319871,12319871,12499932
12321525,12321525,12499932
12321549,12321549,12499932
12321592,12321592,12499932
12321951,12321951,12499932
12322376,12322376,12499932
12322970,12322970,12499932
12323039,12323039,12499932
12323441,12323441,12499932
12323475,12323475,12499932
12323676,12323676,12499932
12323789,12323789,12499932
12323868,12323868,12499932
12323939,12323939,12499932
12324534,12324534,12499932
12324622,12324622,12499932
12324635,12324635,12499932
12324665,12324665,12499932
12325229,12325229,12499932
12325398,12325398,12499932
12325484,12325484,12499932
12325555,12325555,12499932
12325691,12325691,12499932
12327020,12327020,12499932
12327933,12327933,12499932
12328165,12328165,12499932
12328406,12328406,12499932
12329075,12329075,12499932
12329229,12329229,12499932
12329617,12329617,12499932
12330064,12330064,12499932
12330084,12330084,12499932
12330259,12330259,12499932
12330616,12330616,12499932
12330624,12330624,12499932
12330851,12330851,12499932
12330875,12330875,12499932
12331021,12331021,12499932
12331173,12331173,12499932
12332025,12332025,12499932
12332182,12332182,12499932
12332309,12332309,12499932
12332956,12332956,12499932
12333063,12333063,12499932
12333482,12333482,12499932
12333603,12333603,12499932
12333676,12333676,12499932
12333887,12333887,12499932
12333902,12333902,12499932
12333967,12333967,12499932
12334202,12334202,12499932
12334401,12334401,12499932
12334780,12334780,12499932
12334862,12334862,12499932
12335054,12335054,12499932
12335132,12335132,12499932
12335442,12335442,12499932
12335654,12335654,12499932
12335884,12335884,12499932
12336008,12336008,12499932
12336576,12336576,12499932
12336604,12336604,12499932
12336639,12336639,12499932
12337067,12337067,12499932
12337137,12337137,12499932
12337244,12337244,12499932
12337721,12337721,12499932
12338076,12338076,12499932
12338171,12338171,12499932
12338245,12338245,12499932
12338786,12338786,12499932
12338807,12338807,12499932
12339025,12339025,12499932
12339978,12339978,12499932
12340270,12340270,12499932
12340390,12340390,12499932
12340758,12340758,12499932
12341664,12341664,12499932
12342134,12342134,12499932
12342381,12342381,12499932
12343372,12343372,12499932
12343374,12343374,12499932
12343628,12343628,12499932
12343726,12343726,12499932
12343771,12343771,12499932
12343989,12343989,12499932
12344871,12344871,12499932
12345533,12345533,12499932
12345735,12345735,12499932
12345761,12345761,12499932
12346079,12346079,12499932
12346198,12346198,12499932
12346403,12346403,12499932
12346537,12346537,12499932
12346865,12346865,12499932
12347384,12347384,12499932
12347392,12347392,12499932
12347398,12347398,12499932
12347591,12347591,12499932
12347897,12347897,12499932
12348516,12348516,12499932
12348595,12348595,12499932
12348723,12348723,12499932
12348973,12348973,12499932
12349279,12349279,12499932
12349307,12349307,12499932
12349440,12349440,12499932
12349477,12349477,12499932
12349673,12349673,12499932
12349695,12349695,12499932
12349743,12349743,12499932
12349959,12349959,12499932
12350845,12350845,12499932
12350983,12350983,12499932
12351184,12351184,12499932
12351188,12351188,12499932
12351190,12351190,12499932
12351990,12351990,12499932
12352074,12352074,12499932
12352114,12352114,12499932
12353715,12353715,12499932
12353968,12353968,12499932
12354270,12354270,12499932
12354494,12354494,12499932
12354963,12354963,12499932
12355003,12355003,12499932
12355306,12355306,12499932
12355403,12355403,12499932
12355437,12355437,12499932
12355616,12355616,12499932
12355699,12355699,12499932
12355793,12355793,12499932
12355810,12355810,12499932
12355878,12355878,12499932
12355899,12355899,12499932
12356028,12356028,12499932
12356040,12356040,12499932
12356058,12356058,12499932
12356132,12356132,12499932
12356190,12356190,12499932
12356357,12356357,12499932
12356407,12356407,12499932
12358340,12358340,12499932
12358694,12358694,12499932
12359414,12359414,12499932
12359817,12359817,12499932
12359837,12359837,12499932
12359870,12359870,12499932
12360289,12360289,12499932
12360519,12360519,12499932
12360532,12360532,12499932
12360953,12360953,12499932
12361209,12361209,12499932
12361561,12361561,12499932
12362024,12362024,12499932
12362127,12362127,12499932
12362445,12362445,12499932
12362877,12362877,12499932
12362972,12362972,12499932
12363991,12363991,12499932
12364117,12364117,12499932
12364171,12364171,12499932
12364354,12364354,12499932
12364541,12364541,12499932
12364574,12364574,12499932
12364805,12364805,12499932
12365004,12365004,12499932
12365126,12365126,12499932
12365913,12365913,12499932
12366731,12366731,12499932
12366735,12366735,12499932
12366892,12366892,12499932
12367024,12367024,12499932
12367032,12367032,12499932
12367110,12367110,12499932
12367598,12367598,12499932
12367965,12367965,12499932
12368562,12368562,12499932
12368585,12368585,12499932
12368931,12368931,12499932
12369012,12369012,12499932
12369545,12369545,12499932
12370279,12370279,12499932
12370840,12370840,12499932
12370960,12370960,12499932
12370972,12370972,12499932
12371226,12371226,12499932
12371748,12371748,12499932
12372265,12372265,12499932
12372962,12372962,12499932
12373313,12373313,12499932
12373413,12373413,12499932
12373611,12373611,12499932
12373932,12373932,12499932
12374033,12374033,12499932
12374238,12374238,12499932
12374246,12374246,12499932
12374250,12374250,12499932
12374277,12374277,12499932
12374700,12374700,12499932
12374722,12374722,12499932
12374791,12374791,12499932
12374806,12374806,12499932
12375848,12375848,12499932
12375957,12375957,12499932
12376048,12376048,12499932
12376820,12376820,12499932
12377149,12377149,12499932
12377174,12377174,12499932
12377270,12377270,12499932
12377326,12377326,12499932
12377346,12377346,12499932
12377376,12377376,12499932
12377482,12377482,12499932
12377499,12377499,12499932
12377581,12377581,12499932
12377601,12377601,12499932
12377974,12377974,12499932
12378009,12378009,12499932
12378172,12378172,12499932
12378866,12378866,12499932
12378979,12378979,12499932
12379046,12379046,12499932
12379075,12379075,12499932
12379585,12379585,12499932
12379917,12379917,12499932
12380097,12380097,12499932
12380182,12380182,12499932
12380595,12380595,12499932
12381077,12381077,12499932
12381333,12381333,12499932
12381628,12381628,12499932
12381748,12381748,12499932
12381837,12381837,12499932
12382603,12382603,12499932
12382614,12382614,12499932
12383079,12383079,12499932
12383552,12383552,12499932
12384065,12384065,12499932
12384219,12384219,12499932
12384362,12384362,12499932
12384442,12384442,12499932
12384448,12384448,12499932
12384686,12384686,12499932
12384760,12384760,12499932
12385069,12385069,12499932
12385558,12385558,12499932
12385647,12385647,12499932
12385662,12385662,12499932
12385892,12385892,12499932
12385928,12385928,12499932
12385990,12385990,12499932
12385995,12385995,12499932
12386055,12386055,12499932
12386117,12386117,12499932
12386279,12386279,12499932
12386797,12386797,12499932
12386811,12386811,12499932
12387062,12387062,12499932
12387494,12387494,12499932
12387887,12387887,12499932
12388097,12388097,12499932
12388209,12388209,12499932
12388936,12388936,12499932
12389532,12389532,12499932
12389637,12389637,12499932
12389777,12389777,12499932
12390261,12390261,12499932
12390331,12390331,12499932
12391013,12391013,12499932
12391225,12391225,12499932
12391505,12391505,12499932
12391508,12391508,12499932
12391529,12391529,12499932
12391536,12391536,12499932
12391622,12391622,12499932
12391689,12391689,12499932
12391723,12391723,12499932
12391920,12391920,12499932
12392434,12392434,12499932
12392445,12392445,12499932
12392535,12392535,12499932
12392636,12392636,12499932
12393076,12393076,12499932
12393518,12393518,12499932
12393630,12393630,12499932
12394456,12394456,12499932
12394473,12394473,12499932
12394596,12394596,12499932
12394732,12394732,12499932
12394764,12394764,12499932
12394932,12394932,12499932
12394955,12394955,12499932
12394957,12394957,12499932
12395509,12395509,12499932
12395531,12395531,12499932
12395795,12395795,12499932
12395821,12395821,12499932
12395826,12395826,12499932
12396207,12396207,12499932
12396254,12396254,12499932
12396429,12396429,12499932
12396727,12396727,12499932
12397125,12397125,12499932
12397215,12397215,12499932
12397333,12397333,12499932
12397794,12397794,12499932
12397941,12397941,12499932
12398347,12398347,12499932
12398347,12398347,12499932
12398360,12398360,12499932
12398901,12398901,12499932
12398916,12398916,12499932
12399292,12399292,12499932
12400376,12400376,12499932
12400485,12400485,12499932
12400634,12400634,12499932
12400988,12400988,12499932
12401180,12401180,12499932
12401721,12401721,12499932
12401955,12401955,12499932
12401963,12401963,12499932
12401987,12401987,12499932
12402419,12402419,12499932
12402567,12402567,12499932
12402910,12402910,12499932
12403067,12403067,12499932
12403097,12403097,12499932
12403570,12403570,12499932
12403589,12403589,12499932
12404542,12404542,12499932
12405433,12405433,12499932
12405715,12405715,12499932
12406055,12406055,12499932
12406082,12406082,12499932
12406129,12406129,12499932
12406155,12406155,12499932
12406974,12406974,12499932
12407057,12407057,12499932
12407327,12407327,12499932
12407395,12407395,12499932
12407891,12407891,12499932
12408069,12408069,12499932
12408079,12408079,12499932
12408109,12408109,12499932
12408254,12408254,12499932
12408748,12408748,12499932
12408909,12408909,12499932
12408995,12408995,12499932
12409182,12409182,12499932
12409541,12409541,12499932
12409559,12409559,12499932
12409583,12409583,12499932
12409992,12409992,12499932
12410157,12410157,12499932
12410170,12410170,12499932
12410248,12410248,12499932
12410306,12410306,12499932
12410352,12410352,12499932
12411020,12411020,12499932
12411086,12411086,12499932
12411109,12411109,12499932
12411310,12411310,12499932
12411591,12411591,12499932
12412011,12412011,12499932
12412376,12412376,12499932
12412531,12412531,12499932
12412596,12412596,12499932
12412788,12412788,12499932
12413056,12413056,12499932
12413101,12413101,12499932
12413256,12413256,12499932
12413291,12413291,12499932
12413434,12413434,12499932
12413527,12413527,12499932
12413797,12413797,12499932
12413961,12413961,12499932
12414263,12414263,12499932
12414632,12414632,12499932
12414767,12414767,12499932
12414874,12414874,12499932
12414943,12414943,12499932
12415464,12415464,12499932
12415911,12415911,12499932
12416132,12416132,12499932
12416518,12416518,12499932
12417283,12417283,12499932
12417465,12417465,12499932
12417519,12417519,12499932
12418034,12418034,12499932
12418132,12418132,12499932
12418322,12418322,12499932
12418364,12418364,12499932
12418579,12418579,12499932
12418581,12418581,12499932
12418789,12418789,12499932
12419160,12419160,12499932
12419577,12419577,12499932
12419802,12419802,12499932
12420971,12420971,12499932
12421798,12421798,12499932
12421868,12421868,12499932
12422217,12422217,12499932
12422353,12422353,12499932
12422421,12422421,12499932
12422427,12422427,12499932
12422615,12422615,12499932
12422786,12422786,12499932
12422872,12422872,12499932
12423038,12423038,12499932
12423359,12423359,12499932
12423393,12423393,12499932
12423594,12423594,12499932
12423731,12423731,12499932
12423950,12423950,12499932
12424136,12424136,12499932
12424772,12424772,12499932
12424862,12424862,12499932
12424978,12424978,12499932
12425115,12425115,12499932
12425923,12425923,12499932
12426068,12426068,12499932
12426214,12426214,12499932
12426842,12426842,12499932
12427012,12427012,12499932
12427160,12427160,12499932
12428558,12428558,12499932
12428646,12428646,12499932
12429039,12429039,12499932
12429091,12429091,12499932
12429208,12429208,12499932
12429758,12429758,12499932
12429794,12429794,12499932
12430367,12430367,12499932
12430424,12430424,12499932
12430512,12430512,12499932
12430579,12430579,12499932
12430674,12430674,12499932
12430685,12430685,12499932
12430784,12430784,12499932
12431432,12431432,12499932
12431650,12431650,12499932
12431796,12431796,12499932
12432138,12432138,12499932
12432162,12432162,12499932
12432439,12432439,12499932
12432940,12432940,12499932
12433163,12433163,12499932
12433239,12433239,12499932
12433715,12433715,12499932
12434255,12434255,12499932
12434374,12434374,12499932
12434545,12434545,12499932
12434841,12434841,12499932
12435431,12435431,12499932
12435554,12435554,12499932
12435576,12435576,12499932
12435747,12435747,12499932
12435770,12435770,12499932
12435897,12435897,12499932
12435992,12435992,12499932
12436239,12436239,12499932
12436733,12436733,12499932
12436973,12436973,12499932
12436991,12436991,12499932
12437339,12437339,12499932
12437367,12437367,12499932
12438253,12438253,12499932
12438775,12438775,12499932
12440645,12440645,12499932
12440976,12440976,12499932
12441022,12441022,12499932
12441453,12441453,12499932
12441507,12441507,12499932
12442304,12442304,12499932
12442383,12442383,12499932
12443316,12443316,12499932
12443358,12443358,12499932
12443367,12443367,12499932
12443428,12443428,12499932
12443818,12443818,12499932
12444160,12444160,12499932
12444360,12444360,12499932
12444798,12444798,12499932
12445495,12445495,12499932
12445823,12445823,12499932
12445984,12445984,12499932
12446131,12446131,12499932
12446859,12446859,12499932
12447108,12447108,12499932
12447446,12447446,12499932
12447464,12447464,12499932
12447701,12447701,12499932
12447744,12447744,12499932
12447785,12447785,12499932
12447787,12447787,12499932
12448131,12448131,12499932
12448260,12448260,12499932
12448713,12448713,12499932
12448960,12448960,12499932
12449042,12449042,12499932
12449647,12449647,12499932
12449832,12449832,12499932
12449945,12449945,12499932
12450640,12450640,12499932
12451294,12451294,12499932
12451750,12451750,12499932
12451806,12451806,12499932
12451932,12451932,12499932
12451982,12451982,12499932
12452132,12452132,12499932
12452614,12452614,12499932
12453546,12453546,12499932
12454465,12454465,12499932
12455346,12455346,12499932
12455379,12455379,12499932
12455383,12455383,12499932
12455391,12455391,12499932
12455510,12455510,12499932
12455544,12455544,12499932
12455777,12455777,12499932
12455812,12455812,12499932
12455864,12455864,12499932
12456184,12456184,12499932
12456330,12456330,12499932
12456386,12456386,12499932
12456422,12456422,12499932
12456624,12456624,12499932
12456727,12456727,12499932
12457061,12457061,12499932
12457455,12457455,12499932
12457648,12457648,12499932
12457711,12457711,12499932
12457832,12457832,12499932
12458134,12458134,12499932
12458176,12458176,12499932
12458497,12458497,12499932
12458595,12458595,12499932
12458665,12458665,12499932
12458675,12458675,12499932
12458739,12458739,12499932
12459720,12459720,12499932
12459752,12459752,12499932
12459848,12459848,12499932
12460517,12460517,12499932
12460551,12460551,12499932
12460615,12460615,12499932
12460692,12460692,12499932
12460903,12460903,12499932
12461477,12461477,12499932
12461659,12461659,12499932
12462112,12462112,12499932
12462302,12462302,12499932
12462308,12462308,12499932
12462459,12462459,12499932
12462915,12462915,12499932
12463390,12463390,12499932
12463741,12463741,12499932
12463979,12463979,12499932
12464362,12464362,12499932
12464440,12464440,12499932
12465098,12465098,12499932
12465203,12465203,12499932
12465662,12465662,12499932
12465775,12465775,12499932
12466834,12466834,12499932
12467122,12467122,12499932
12467286,12467286,12499932
12467543,12467543,12499932
12467696,12467696,12499932
12468066,12468066,12499932
12468362,12468362,12499932
12468953,12468953,12499932
12469308,12469308,12499932
12469557,12469557,12499932
12469669,12469669,12499932
12470328,12470328,12499932
12470385,12470385,12499932
12470617,12470617,12499932
12470799,12470799,12499932
12471549,12471549,12499932
12471553,12471553,12499932
12471949,12471949,12499932
12472154,12472154,12499932
12472179,12472179,12499932
12472247,12472247,12499932
12472399,12472399,12499932
12472714,12472714,12499932
12472927,12472927,12499932
12473348,12473348,12499932
12473942,12473942,12499932
12473945,12473945,12499932
12474321,12474321,12499932
12474359,12474359,12499932
12474971,12474971,12499932
12475091,12475091,12499932
12475879,12475879,12499932
12476056,12476056,12499932
12476610,12476610,12499932
12476986,12476986,12499932
12477326,12477326,12499932
12478141,12478141,12499932
12478487,12478487,12499932
12478603,12478603,12499932
12478633,12478633,12499932
12479072,12479072,12499932
12479126,12479126,12499932
12479144,12479144,12499932
12479958,12479958,12499932
12479959,12479959,12499932
12480665,12480665,12499932
12481023,12481023,12499932
12481182,12481182,12499932
12481576,12481576,12499932
12481725,12481725,12499932
12482074,12482074,12499932
12482091,12482091,12499932
12482532,12482532,12499932
12483270,12483270,12499932
12483316,12483316,12499932
12483798,12483798,12499932
12483868,12483868,12499932
12484006,12484006,12499932
12484134,12484134,12499932
12484186,12484186,12499932
12484229,12484229,12499932
12484851,12484851,12499932
12485333,12485333,12499932
12485391,12485391,12499932
12485729,12485729,12499932
12485777,12485777,12499932
12485881,12485881,12499932
12486013,12486013,12499932
12486238,12486238,12499932
12486565,12486565,12499932
12486747,12486747,12499932
12487404,12487404,12499932
12487521,12487521,12499932
12488146,12488146,12499932
12488257,12488257,12499932
12488344,12488344,12499932
12488486,12488486,12499932
12488517,12488517,12499932
12488528,12488528,12499932
12488577,12488577,12499932
12488583,12488583,12499932
12488767,12488767,12499932
12489033,12489033,12499932
12489513,12489513,12499932
12489609,12489609,12499932
12489866,12489866,12499932
12490250,12490250,12499932
12490554,12490554,12499932
12491027,12491027,12499932
12492001,12492001,12499932
12492029,12492029,12499932
12492270,12492270,12499932
12492332,12492332,12499932
12492441,12492441,12499932
12492598,12492598,12499932
12492604,12492604,12499932
12492677,12492677,12499932
12493365,12493365,12499932
12493385,12493385,12499932
12493407,12493407,12499932
12493584,12493584,12499932
12494043,12494043,12499932
12494049,12494049,12499932
12494382,12494382,12499932
12494567,12494567,12499932
12494641,12494641,12499932
12494860,12494860,12499932
12494928,12494928,12499932
12495127,12495127,12499932
12495320,12495320,12499932
12495349,12495349,12499932
12495378,12495378,12499932
12495461,12495461,12499932
12495960,12495960,12499932
12495983,12495983,12499932
12496617,12496617,12499932
12496850,12496850,12499932
12496935,12496935,12499932
12497054,12497054,12499932
12497126,12497126,12499932
12497237,12497237,12499932
12498072,12498072,12499932
12498282,12498282,12499932
12499060,12499060,12499932
12499401,12499401,12499932
12499615,12499615,12499932
12499913,12499913,12499932
